district,commodity,year,month,monthly_mean_price,days_traded,monthly_rain_sum,monthly_rain_mean,monthly_ndvi_mean,date,target_price,price_lag_1,price_lag_2,price_lag_3,price_lag_6,price_lag_12,price_roll_mean_3,price_roll_std_3,price_roll_mean_6,price_roll_std_6,price_mom_1,price_mom_3,rain_roll_3,rain_dev,ndvi_lag_1,ndvi_trend_3,month_sin,month_cos
ahmadabad,Mango,2002,10,2000.0,1,17.28666666666667,0.5576344086021504,4.207301035988509e-05,2002-10-01,1066.6666666666667,483.3333333333333,2100.0,2000.0,1083.3333333333333,625.0,1527.7777777777776,905.8963230680146,1427.1527777777776,616.3535475697792,1516.6666666666667,0.0,266.20142857142855,-17.2007227138643,5.202610407660947e-05,-2.0153657916309338e-05,-0.8660254037844386,0.5000000000000001
dahod,Mango,2002,11,1165.0,5,7.986666666666666,0.2662222222222222,4.693435023807255e-05,2002-11-01,2200.0,2000.0,483.3333333333333,2100.0,1215.0,775.0,1527.7777777777776,905.8963230680146,1579.9305555555557,627.5913178721634,-835.0,-935.0,66.94999999999995,-1.8083900226757361,4.207301035988509e-05,-1.259478490776897e-05,-0.5000000000000004,0.8660254037844384
ahmadabad,Mango,2002,11,8000.0,1,5.271428571428571,0.1757142857142856,3.75117120048848e-05,2002-11-01,375.0,1165.0,2000.0,483.3333333333333,1681.25,641.6666666666666,1216.111111111111,759.6240541897711,1571.5972222222224,633.7082452093366,6835.0,7516.666666666667,42.50666666666661,-4.523628117913831,4.693435023807255e-05,-1.4514392071724672e-05,-0.5000000000000004,0.8660254037844384
vadodara,Mango,2002,12,700.0,1,8.418181818181818,0.2715542521994135,5.299783910436254e-05,2002-12-01,716.6666666666666,8000.0,1165.0,2000.0,2000.0,691.6666666666666,3721.6666666666665,3728.5933451280707,2624.722222222222,2707.9821139789,-7300.0,-1300.0,30.54476190476185,4.718739396864397,3.75117120048848e-05,1.0924828744477448e-05,-2.4492935982947064e-16,1.0
dahod,Mango,2002,12,1066.6666666666667,3,2.74375,0.088508064516129,4.599372407075046e-05,2002-12-01,800.0,700.0,8000.0,1165.0,2100.0,1233.3333333333333,3288.3333333333335,4087.041513531926,2408.055555555555,2817.745437730643,366.66666666666674,-98.33333333333326,21.676277056276998,-0.9556924213174214,5.299783910436254e-05,-9.40626167322089e-07,-2.4492935982947064e-16,1.0
ahmadabad,Mango,2002,12,2200.0,1,2.314285714285714,0.0746543778801843,3.835700414617813e-05,2002-12-01,908.3333333333334,1066.6666666666667,700.0,8000.0,483.3333333333333,1037.0,3255.555555555555,4112.897509776523,2235.8333333333335,2871.4076590488585,1133.3333333333333,-5800.0,16.433360389610332,-1.3851567070317072,4.599372407075046e-05,8.452921412933304e-07,-2.4492935982947064e-16,1.0
dahod,Mango,2003,1,375.0,1,1.3,0.0419354838709677,4.359927509581572e-05,2003-01-01,900.0,2200.0,1066.6666666666667,700.0,2000.0,1083.3333333333333,1322.2222222222224,781.9728137739099,2521.9444444444443,2744.5866753517766,-1825.0,-325.0,13.476217532467473,0.28733031674208154,3.835700414617813e-05,-9.398564008546817e-06,0.49999999999999994,0.8660254037844387
dahod,Mango,2003,2,716.6666666666666,3,18.5,0.6607142857142857,3.7359771162133777e-05,2003-02-01,743.75,375.0,2200.0,1066.6666666666667,1165.0,1215.0,1213.888888888889,921.3642260458355,2251.111111111111,2883.0754541069637,341.66666666666663,-350.0000000000001,6.358035714285656,18.162445034320033,4.359927509581572e-05,-8.633952908616682e-06,0.8660254037844386,0.5000000000000001
dahod,Mango,2003,3,800.0,4,0.0,0.0,2.950410876189711e-05,2003-03-01,800.0,716.6666666666666,375.0,2200.0,8000.0,1681.25,1097.2222222222222,970.1923253397506,2176.3888888888887,2922.396356239681,83.33333333333337,-1400.0,22.114285714285657,-1.9086255656108597,3.7359771162133777e-05,-8.85289538428102e-06,1.0,6.123233995736766e-17
dahod,Mango,2003,4,908.3333333333334,3,0.0,0.0,2.7263017907637043e-05,2003-04-01,875.0,800.0,716.6666666666666,375.0,700.0,2000.0,630.5555555555555,225.20566731900172,976.388888888889,639.0621745675161,108.33333333333337,533.3333333333334,19.799999999999944,-0.978716960352423,2.950410876189711e-05,-1.633625718817868e-05,0.8660254037844387,-0.4999999999999998
bharuch,Mango,2003,4,900.0,1,0.0,0.0,2.906735105808523e-05,2003-04-01,766.6666666666666,908.3333333333334,800.0,716.6666666666666,1066.6666666666667,2100.0,808.3333333333334,96.10468828894574,1011.1111111111112,626.5794856615171,-8.333333333333371,183.33333333333337,18.499999999999943,-0.978716960352423,2.7263017907637043e-05,-8.292420104048548e-06,0.8660254037844387,-0.4999999999999998
dahod,Mango,2003,5,743.75,4,0.0,0.0,2.6328134469743587e-05,2003-05-01,466.6666666666667,900.0,908.3333333333334,800.0,2200.0,483.3333333333333,869.4444444444445,60.28481781728783,983.3333333333334,627.3179240048679,-156.25,-56.25,0.0,-7.417019969278034,2.906735105808523e-05,-3.1759742921535223e-06,0.49999999999999994,-0.8660254037844387
dahod,Mango,2003,6,800.0,3,181.1,6.036666666666666,2.6403535408064924e-05,2003-06-01,990.0,743.75,900.0,908.3333333333334,375.0,2000.0,850.6944444444445,92.71028399947645,740.625,195.61046715631156,56.25,-108.33333333333337,0.0,55.26690217391304,2.6328134469743587e-05,-8.594824995721192e-07,1.2246467991473532e-16,-1.0
dahod,Mango,2003,7,875.0,4,410.9,13.25483870967742,3.053262624555046e-05,2003-07-01,1250.0,800.0,743.75,900.0,716.6666666666666,1165.0,814.5833333333334,79.13924963845459,811.4583333333334,78.81225493397045,75.0,-25.0,181.09999999999994,39.47075991189428,2.6403535408064924e-05,1.4652751874652295e-06,-0.4999999999999997,-0.8660254037844388
dahod,Mango,2003,8,766.6666666666666,3,314.3,10.138709677419357,5.386387928485789e-05,2003-08-01,1050.0,875.0,800.0,743.75,800.0,8000.0,806.25,65.84783595536221,837.8472222222222,66.22794007287015,-108.33333333333337,22.91666666666663,591.9999999999999,7.1179891304348075,3.053262624555046e-05,2.7535744815114305e-05,-0.8660254037844384,-0.5000000000000004
dahod,Mango,2003,9,466.6666666666667,3,92.4,3.08,6.490030582280098e-05,2003-09-01,400.0,766.6666666666666,875.0,800.0,908.3333333333334,700.0,813.8888888888888,55.48606765403365,832.2916666666666,71.24573573983562,-299.99999999999994,-333.3333333333333,906.3,-114.17303042328044,5.386387928485789e-05,3.8496770414736054e-05,-1.0,-1.8369701987210297e-16
dahod,Mango,2003,10,990.0,5,0.0,0.0,5.202610407660947e-05,2003-10-01,1375.0,466.6666666666667,766.6666666666666,875.0,900.0,1066.6666666666667,702.7777777777778,211.5310151499647,758.6805555555555,155.41396706025725,523.3333333333333,115.0,817.5999999999999,-34.48738938053097,6.490030582280098e-05,2.1493477831059014e-05,-0.8660254037844386,0.5000000000000001
bharuch,Mango,2003,11,1250.0,1,0.2,0.0066666666666666,4.700442984991216e-05,2003-11-01,993.3333333333334,990.0,466.6666666666667,766.6666666666666,743.75,2200.0,741.111111111111,262.6009506061688,773.6805555555555,174.90283347449446,260.0,483.33333333333337,406.69999999999993,-9.595056689342403,5.202610407660947e-05,-6.859449434945731e-06,-0.5000000000000004,0.8660254037844384
dahod,Mango,2003,11,1050.0,2,0.0,0.0,4.693435023807255e-05,2003-11-01,625.0,1250.0,990.0,466.6666666666667,800.0,375.0,902.2222222222223,398.9755399538746,858.0555555555555,259.31623051287556,-200.0,583.3333333333333,92.5999999999999,-9.795056689342402,4.700442984991216e-05,-1.7965955584728433e-05,-0.5000000000000004,0.8660254037844384
dahod,Mango,2003,12,400.0,3,0.0,0.0,4.599372407075046e-05,2003-12-01,316.6666666666667,1050.0,1250.0,990.0,875.0,716.6666666666666,1096.6666666666667,136.13718571109712,899.7222222222222,268.05972938604174,-650.0,-590.0,0.19999999999988632,-3.6994424213174213,4.693435023807255e-05,-6.032380005859014e-06,-2.4492935982947064e-16,1.0
bharuch,Mango,2004,1,1375.0,3,0.2,0.0064516129032258,4.031702081615108e-05,2004-01-01,668.8571428571429,400.0,1050.0,1250.0,766.6666666666666,800.0,900.0,444.4097208657843,820.5555555555555,337.87188016673826,975.0,125.0,0.19999999999988632,-0.8126696832579186,4.599372407075046e-05,-6.6874090337610775e-06,0.49999999999999994,0.8660254037844387
vadodara,Mango,2004,1,993.3333333333334,3,0.1,0.0032258064516129,4.992115923956195e-05,2004-01-01,925.0,1375.0,400.0,1050.0,466.6666666666667,908.3333333333334,941.6666666666666,496.445700286887,921.9444444444443,403.38899983165703,-381.66666666666663,-56.66666666666663,0.19999999999988632,-0.9126696832579185,4.031702081615108e-05,2.9868090014894036e-06,0.49999999999999994,0.8660254037844387
valsad,Mango,2004,1,625.0,1,0.2,0.0064516129032258,4.598919831212112e-05,2004-01-01,875.0,993.3333333333334,1375.0,400.0,990.0,900.0,922.7777777777778,491.31437472846153,1009.7222222222223,336.21490592024986,-368.33333333333337,225.0,0.29999999999988636,-0.8126696832579186,4.992115923956195e-05,-4.52575862933634e-09,0.49999999999999994,0.8660254037844387
anand,Mango,2004,1,316.6666666666667,3,0.0,0.0,5.5021874289115e-05,2004-01-01,1687.5,625.0,993.3333333333334,1375.0,1250.0,743.75,997.7777777777778,375.0197525662071,948.888888888889,371.650472990515,-308.3333333333333,-1058.3333333333333,0.4999999999998863,-1.0126696832579185,4.598919831212112e-05,1.470485347296392e-05,0.49999999999999994,0.8660254037844387
surat,Mango,2004,1,668.8571428571429,7,0.0,0.0,4.3040234558534414e-05,2004-01-01,925.0,316.6666666666667,625.0,993.3333333333334,1050.0,800.0,645.0,338.77639298576975,793.3333333333334,413.3938127795864,352.1904761904762,-324.4761904761905,0.29999999999988636,-1.0126696832579185,5.5021874289115e-05,-6.880924681027537e-06,0.49999999999999994,0.8660254037844387
dahod,Mango,2004,1,925.0,3,0.8999999999999999,0.0290322580645161,4.359927509581572e-05,2004-01-01,350.0,668.8571428571429,316.6666666666667,625.0,400.0,875.0,536.8412698412699,191.9335930920449,729.8095238095239,394.9372406297999,256.1428571428571,300.0,0.19999999999988632,-0.1126696832579186,4.3040234558534414e-05,-2.3899232163053996e-06,0.49999999999999994,0.8660254037844387
vadodara,Mango,2004,2,875.0,2,0.0,0.0,4.5398969525777e-05,2004-02-01,1200.0,925.0,668.8571428571429,316.6666666666667,1375.0,766.6666666666666,636.8412698412699,305.42777084744887,817.3095238095239,364.21549120854337,-50.0,558.3333333333333,0.8999999999998862,-0.3375549656799657,4.359927509581572e-05,-9.622904763338005e-06,0.8660254037844386,0.5000000000000001
bharuch,Mango,2004,2,1687.5,4,0.0,0.0,3.589843830022259e-05,2004-02-01,754.3333333333334,875.0,925.0,668.8571428571429,993.3333333333334,466.6666666666667,822.9523809523808,135.77189253569892,733.9761904761905,250.56235843568336,812.5,1018.6428571428571,0.8999999999998862,-0.3375549656799657,4.5398969525777e-05,-7.141796258311827e-06,0.8660254037844386,0.5000000000000001
dahod,Mango,2004,2,925.0,2,0.0,0.0,3.7359771162133777e-05,2004-02-01,615.4,1687.5,875.0,925.0,625.0,990.0,1162.5,455.3501400021795,849.6706349206348,463.7968905135492,-762.5,0.0,0.8999999999998862,-0.3375549656799657,3.589843830022259e-05,-6.239503933681946e-06,0.8660254037844386,0.5000000000000001
anand,Mango,2004,2,350.0,1,0.0,0.0,5.56326507818208e-05,2004-02-01,833.3333333333334,925.0,1687.5,875.0,316.6666666666667,1250.0,1162.5,455.3501400021795,899.6706349206348,450.71840372849323,-575.0,-525.0,0.0,-0.3375549656799657,3.7359771162133777e-05,1.02336812560438e-05,0.8660254037844386,0.5000000000000001
valsad,Mango,2004,2,1200.0,1,0.0,0.0,4.010057055885577e-05,2004-02-01,1125.0,350.0,925.0,1687.5,668.8571428571429,1050.0,987.5,670.9368450159853,905.2261904761905,442.2203957319924,850.0,-487.5,0.0,-0.3375549656799657,5.56326507818208e-05,4.2021322586331816e-06,0.8660254037844386,0.5000000000000001
surat,Mango,2004,2,754.3333333333334,6,0.0,0.0,3.787533682682088e-05,2004-02-01,733.3333333333334,1200.0,350.0,925.0,925.0,400.0,825.0,433.7337893224416,993.75,438.58793303053784,-445.66666666666663,-170.66666666666663,0.0,-0.3375549656799657,4.010057055885577e-05,5.155656646871061e-07,0.8660254037844386,0.5000000000000001
surat,Mango,2004,3,615.4,5,0.0,0.0,3.5715373901271414e-05,2004-03-01,875.0,754.3333333333334,1200.0,350.0,875.0,1375.0,768.111111111111,425.16746156117654,965.3055555555555,449.3408804592026,-138.9333333333334,265.4,0.0,-1.9086255656108597,3.787533682682088e-05,-1.9917276880549385e-05,1.0,6.123233995736766e-17
vadodara,Mango,2004,3,833.3333333333334,3,0.0,0.0,4.029662929722959e-05,2004-03-01,350.0,615.4,754.3333333333334,1200.0,1687.5,993.3333333333334,856.5777777777777,305.41731256564196,922.0388888888889,471.71663359204,217.9333333333334,-366.66666666666663,0.0,-1.9086255656108597,3.5715373901271414e-05,1.9605873837382078e-07,1.0,6.123233995736766e-17
bharuch,Mango,2004,3,1125.0,1,0.0,0.0,3.1854775389929934e-05,2004-03-01,440.0,833.3333333333334,615.4,754.3333333333334,925.0,625.0,734.3555555555555,110.33162804994896,779.6777777777778,287.3745845614243,291.66666666666663,370.66666666666663,0.0,-1.9086255656108597,4.029662929722959e-05,-6.020561436890949e-06,1.0,6.123233995736766e-17
dahod,Mango,2004,3,733.3333333333334,3,0.0,0.0,2.950410876189711e-05,2004-03-01,1950.0,1125.0,833.3333333333334,615.4,350.0,316.6666666666667,857.911111111111,255.68748575238206,813.0111111111111,317.6107622488503,-391.66666666666663,117.9333333333334,0.0,-1.9086255656108597,3.1854775389929934e-05,-6.211265139374305e-06,1.0,6.123233995736766e-17
valsad,Mango,2004,3,875.0,2,0.0,0.0,3.637869269701151e-05,2004-03-01,375.0,733.3333333333334,1125.0,833.3333333333334,1200.0,668.8571428571429,897.2222222222222,203.4994767488144,876.9,233.1786868476608,141.66666666666663,41.66666666666663,0.0,-1.9086255656108597,2.950410876189711e-05,-3.9179366002180805e-06,1.0,6.123233995736766e-17
anand,Mango,2004,3,350.0,2,0.0,0.0,4.380123302246309e-05,2004-03-01,587.5,875.0,733.3333333333334,1125.0,754.3333333333334,925.0,911.111111111111,198.31465831780548,822.7333333333332,173.12846867764432,-525.0,-775.0,0.0,-1.9086255656108597,3.637869269701151e-05,1.1946457632533157e-05,1.0,6.123233995736766e-17
kheda,Mango,2004,3,440.0,1,0.0,0.0,4.26850840883036e-05,2004-03-01,512.5,350.0,875.0,733.3333333333334,615.4,875.0,652.7777777777777,271.6121281315551,755.3444444444444,261.31131001305715,90.0,-293.33333333333337,0.0,-1.9086255656108597,4.380123302246309e-05,1.3180975326406487e-05,1.0,6.123233995736766e-17
mahesana,Mango,2004,3,1950.0,1,0.0,0.0,3.8390792168158175e-05,2004-03-01,1800.0,440.0,350.0,875.0,833.3333333333334,1687.5,554.9999999999999,280.7579028273365,726.111111111111,288.495458594462,1510.0,1075.0,0.0,-1.9086255656108597,4.26850840883036e-05,2.0120994711466655e-06,1.0,6.123233995736766e-17
anand,Mango,2004,4,375.0,2,0.0,0.0,4.060224388465453e-05,2004-04-01,325.0,1950.0,440.0,350.0,1125.0,925.0,913.3333333333331,898.9067434018601,912.2222222222223,582.1909448765892,-1575.0,25.0,0.0,-0.978716960352423,3.8390792168158175e-05,-3.1989891378085582e-06,0.8660254037844387,-0.4999999999999998
valsad,Mango,2004,4,587.5,2,0.0,0.0,3.543510932650153e-05,2004-04-01,921.2857142857144,375.0,1950.0,440.0,733.3333333333334,350.0,921.6666666666665,891.1556167883012,787.2222222222223,607.3408951840493,212.5,147.5,0.0,-0.978716960352423,4.060224388465453e-05,-7.2499747618020685e-06,0.8660254037844387,-0.4999999999999998
vadodara,Mango,2004,4,512.5,2,0.0,0.0,3.633426998195054e-05,2004-04-01,1625.0,587.5,375.0,1950.0,875.0,1200.0,970.8333333333331,854.6137041572277,762.9166666666666,612.8221941694555,-75.0,-1437.5,0.0,-0.978716960352423,3.543510932650153e-05,-2.0565221862076335e-06,0.8660254037844387,-0.4999999999999998
mahesana,Mango,2004,4,1800.0,1,0.0,0.0,3.51369077363463e-05,2004-04-01,633.3333333333334,512.5,587.5,375.0,350.0,754.3333333333334,491.6666666666665,107.77097630316634,702.5,617.4139616173246,1287.5,1425.0,0.0,-0.978716960352423,3.633426998195054e-05,-5.465336148308234e-06,0.8660254037844387,-0.4999999999999998
dahod,Mango,2004,4,325.0,2,0.0,0.0,2.7263017907637043e-05,2004-04-01,350.0,1800.0,512.5,587.5,440.0,615.4,966.6666666666665,722.6614583145677,944.1666666666666,726.0624399228114,-1475.0,-262.5,0.0,-0.978716960352423,3.51369077363463e-05,-8.172091418864485e-06,0.8660254037844387,-0.4999999999999998
surat,Mango,2004,4,921.2857142857144,7,0.0,0.0,3.5537917007382065e-05,2004-04-01,566.6666666666666,325.0,1800.0,512.5,1950.0,833.3333333333334,879.1666666666665,802.9567755074601,925.0,743.3454782266449,596.2857142857144,408.78571428571445,0.0,-0.978716960352423,2.7263017907637043e-05,-7.963529745684756e-07,0.8660254037844387,-0.4999999999999998
bharuch,Mango,2004,5,1625.0,2,8.0,0.2580645161290322,2.682058552359497e-05,2004-05-01,2237.5,921.2857142857144,325.0,1800.0,375.0,1125.0,1015.4285714285712,741.9928626093849,753.5476190476192,554.2248248342763,703.7142857142856,-175.0,0.0,0.5829800307219664,3.5537917007382065e-05,-8.31632221275133e-06,0.49999999999999994,-0.8660254037844387
vadodara,Mango,2004,5,633.3333333333334,3,4.7,0.1516129032258064,3.1706667438974434e-05,2004-05-01,657.375,1625.0,921.2857142857144,325.0,587.5,733.3333333333334,957.095238095238,650.739380625303,961.8809523809524,615.0674870332863,-991.6666666666666,308.33333333333337,7.999999999999886,-2.7170199692780335,2.682058552359497e-05,4.443649531337391e-06,0.49999999999999994,-0.8660254037844387
anand,Mango,2004,5,350.0,1,4.7,0.1516129032258064,3.798356226627739e-05,2004-05-01,1343.75,633.3333333333334,1625.0,921.2857142857144,512.5,875.0,1059.8730158730157,510.1524522781264,969.5198412698413,609.7495211580996,-283.33333333333337,-571.2857142857144,12.699999999999886,-2.7170199692780335,3.1706667438974434e-05,2.445645258895328e-06,0.49999999999999994,-0.8660254037844387
dahod,Mango,2004,5,566.6666666666666,3,12.3,0.3967741935483871,2.6328134469743587e-05,2004-05-01,525.0,350.0,633.3333333333334,1625.0,1800.0,350.0,869.4444444444443,669.4905470524561,942.436507936508,637.1042378620142,216.66666666666663,-1058.3333333333335,17.399999999999885,4.882980030721967,3.798356226627739e-05,-4.924510538513818e-07,0.49999999999999994,-0.8660254037844387
valsad,Mango,2004,5,2237.5,2,23.1,0.7451612903225807,3.614219340651671e-05,2004-05-01,674.8333333333334,566.6666666666666,350.0,633.3333333333334,325.0,440.0,516.6666666666665,148.13657362194064,736.8809523809524,486.1642441969587,1670.8333333333335,1604.1666666666665,21.69999999999989,15.682980030721968,2.6328134469743587e-05,4.435525967542273e-06,0.49999999999999994,-0.8660254037844387
surat,Mango,2004,5,657.375,8,14.5,0.4677419354838709,3.554123631846612e-05,2004-05-01,550.0,2237.5,566.6666666666666,350.0,921.2857142857144,1950.0,1051.3888888888887,1032.8992143655844,1055.6309523809525,728.6124613017348,-1580.125,307.375,40.099999999999895,7.082980030721966,3.614219340651671e-05,-2.442325947811271e-06,0.49999999999999994,-0.8660254037844387
bharuch,Mango,2004,6,1343.75,4,184.7,6.156666666666666,2.6400700360181197e-05,2004-06-01,1150.0,657.375,2237.5,566.6666666666666,1625.0,375.0,1153.847222222222,939.5661272753252,1011.6458333333334,746.1007452406214,686.375,777.0833333333334,49.89999999999989,58.86690217391303,3.554123631846612e-05,7.256589043760992e-08,1.2246467991473532e-16,-1.0
vadodara,Mango,2004,6,525.0,2,114.9,3.83,2.9396890988202917e-05,2004-06-01,250.0,1343.75,657.375,2237.5,633.3333333333334,587.5,1412.875,792.3272386615298,964.7708333333334,707.7058513595961,-818.75,-1712.5,222.2999999999999,-10.93309782608695,2.6400700360181197e-05,-6.745302418313791e-06,1.2246467991473532e-16,-1.0
surat,Mango,2004,6,674.8333333333334,6,144.4,4.8133333333333335,3.526693734830158e-05,2004-06-01,665.6666666666666,525.0,1343.75,657.375,350.0,512.5,842.0416666666665,439.5045209759938,946.7152777777778,719.1424631001814,149.83333333333337,17.45833333333337,314.0999999999999,18.56690217391305,2.9396890988202917e-05,-2.7429897016454074e-07,1.2246467991473532e-16,-1.0
dahod,Mango,2004,6,550.0,2,120.9,4.03,2.6403535408064924e-05,2004-06-01,687.5,674.8333333333334,525.0,1343.75,566.6666666666666,1800.0,847.861111111111,435.9378964222329,1000.8541666666666,676.1795566873817,-124.83333333333337,-793.75,443.9999999999999,-4.93309782608695,3.526693734830158e-05,2.835047883726385e-09,1.2246467991473532e-16,-1.0
valsad,Mango,2004,6,1150.0,2,265.3,8.843333333333334,3.68977674582864e-05,2004-06-01,1333.3333333333333,550.0,674.8333333333334,525.0,2237.5,325.0,583.2777777777777,80.26870383168658,998.0763888888888,678.350700236665,600.0,625.0,380.19999999999993,139.46690217391307,2.6403535408064924e-05,7.500876470083481e-06,1.2246467991473532e-16,-1.0
anand,Mango,2004,6,250.0,1,107.2,3.573333333333333,3.2783021078139106e-05,2004-06-01,2275.0,1150.0,550.0,674.8333333333334,657.375,921.2857142857144,791.611111111111,316.5877240782425,816.826388888889,343.6855782226542,-900.0,-424.83333333333337,530.5999999999999,-18.633097826086953,3.68977674582864e-05,-2.4839162701624753e-06,1.2246467991473532e-16,-1.0
surat,Mango,2004,7,665.6666666666666,6,259.6,8.374193548387098,3.080829297495692e-05,2004-07-01,1750.0,250.0,1150.0,550.0,1343.75,1625.0,649.9999999999999,458.25756949558865,748.9305555555557,414.4411244095489,415.66666666666663,115.66666666666663,493.3999999999999,-111.82924008810568,3.2783021078139106e-05,4.404757566891994e-06,-0.4999999999999997,-0.8660254037844388
dahod,Mango,2004,7,687.5,4,348.4,11.238709677419354,3.053262624555046e-05,2004-07-01,350.0,665.6666666666666,250.0,1150.0,525.0,633.3333333333334,688.5555555555553,450.4363727830272,635.9166666666666,295.05833227421937,21.83333333333337,-462.5,632.0999999999999,-23.029240088105723,3.080829297495692e-05,-6.36514121273594e-06,-0.4999999999999997,-0.8660254037844388
bharuch,Mango,2004,7,1333.3333333333333,3,335.7,10.829032258064515,2.7577851901741733e-05,2004-07-01,275.0,687.5,665.6666666666666,250.0,674.8333333333334,350.0,534.3888888888887,246.5298231527128,663.0,290.2600175321724,645.8333333333333,1083.3333333333333,715.1999999999999,-35.72924008810571,3.053262624555046e-05,-5.205169176397373e-06,-0.4999999999999997,-0.8660254037844388
valsad,Mango,2004,7,2275.0,2,381.2,12.296774193548387,2.93679694740028e-05,2004-07-01,1375.0,1333.3333333333333,687.5,665.6666666666666,550.0,566.6666666666666,895.4999999999999,379.3319053868906,772.75,399.54743495331957,941.6666666666667,1609.3333333333335,943.6999999999998,9.770759911894288,2.7577851901741733e-05,-1.4403235009541162e-06,-0.4999999999999997,-0.8660254037844388
mahesana,Mango,2004,7,1750.0,1,137.8,4.445161290322581,3.02199266375294e-05,2004-07-01,754.25,2275.0,1333.3333333333333,687.5,1150.0,2237.5,1431.9444444444443,798.3308687041551,1060.25,708.4335909439765,-525.0,1062.5,1065.3,-233.6292400881057,2.93679694740028e-05,-3.126996080210579e-07,-0.4999999999999997,-0.8660254037844388
anand,Mango,2004,7,350.0,2,381.5,12.306451612903226,2.7114602199249663e-05,2004-07-01,833.3333333333334,1750.0,2275.0,1333.3333333333333,250.0,657.375,1786.111111111111,471.87078425882913,1160.25,763.8181411682872,-1400.0,-983.3333333333333,854.6999999999998,10.0707599118943,3.02199266375294e-05,-4.632497024920704e-07,-0.4999999999999997,-0.8660254037844388
vadodara,Mango,2004,7,275.0,2,452.6,14.6,2.994048200938657e-05,2004-07-01,625.0,350.0,1750.0,2275.0,665.6666666666666,1343.75,1458.3333333333333,995.0921230385347,1176.9166666666667,740.7258733461687,-75.0,-2000.0,900.5,81.17075991189432,2.7114602199249663e-05,5.725125353837706e-07,-0.4999999999999997,-0.8660254037844388
bharuch,Mango,2004,8,1375.0,3,476.5,15.370967741935484,4.0543228644794776e-05,2004-08-01,450.0,275.0,350.0,1750.0,687.5,525.0,791.6666666666665,830.7877787578111,1111.8055555555554,808.7044537521222,1100.0,-375.0,971.8999999999999,169.3179891304348,2.994048200938657e-05,1.0323302007265376e-05,-0.8660254037844384,-0.5000000000000004
surat,Mango,2004,8,754.25,8,511.9,16.51290322580645,4.853461601767269e-05,2004-08-01,1437.5,1375.0,275.0,350.0,1333.3333333333333,674.8333333333334,666.6666666666665,614.5798022497465,1226.388888888889,784.917134102325,-620.75,404.25,1310.6,204.71798913043477,4.0543228644794776e-05,2.1420013818423028e-05,-0.8660254037844384,-0.5000000000000004
dahod,Mango,2004,8,833.3333333333334,3,584.0,18.83870967741936,5.386387928485789e-05,2004-08-01,1041.6666666666667,754.25,1375.0,275.0,2275.0,550.0,801.4166666666665,551.5147512382038,1129.875,804.495241595623,79.08333333333337,558.3333333333334,1441.0,276.8179891304348,4.853461601767269e-05,2.392339727547132e-05,-0.8660254037844384,-0.5000000000000004
anand,Mango,2004,8,625.0,2,501.3,16.170967741935485,4.775732386583196e-05,2004-08-01,833.3333333333334,833.3333333333334,754.25,1375.0,1750.0,1150.0,987.5277777777777,337.88250272565574,889.5972222222222,577.2847131583306,-208.33333333333337,-750.0,1572.4,194.1179891304348,5.386387928485789e-05,7.214095221037187e-06,-0.8660254037844384,-0.5000000000000004
vadodara,Mango,2004,8,450.0,2,439.1,14.16451612903226,4.7755695232663336e-05,2004-08-01,1125.0,625.0,833.3333333333334,754.25,350.0,250.0,737.5277777777777,105.16852657276269,702.0972222222222,396.2497823927427,-175.0,-304.25,1597.2,131.91798913043482,4.775732386583196e-05,-7.789207850093544e-07,-0.8660254037844384,-0.5000000000000004
valsad,Mango,2004,8,1437.5,2,718.7,23.18387096774193,5.4177171466455184e-05,2004-08-01,2250.0,450.0,625.0,833.3333333333334,275.0,665.6666666666666,636.111111111111,191.90806054907657,718.7638888888888,380.2586854025477,987.5,604.1666666666666,1524.4,411.51798913043484,4.7755695232663336e-05,3.132921815972916e-07,-0.8660254037844384,-0.5000000000000004
dahod,Mango,2004,9,1041.6666666666667,3,59.0,1.9666666666666663,6.490030582280098e-05,2004-09-01,400.0,1437.5,450.0,625.0,1375.0,687.5,837.4999999999999,526.9309727089541,912.513888888889,404.3276326084337,-395.83333333333326,416.66666666666674,1659.1,-147.57303042328044,5.4177171466455184e-05,1.7142981956969018e-05,-1.0,-1.8369701987210297e-16
surat,Mango,2004,9,833.3333333333334,3,56.3,1.8766666666666665,6.141191301153631e-05,2004-09-01,400.0,1041.6666666666667,1437.5,450.0,754.25,1333.3333333333333,976.3888888888887,496.9758079662513,856.9583333333334,346.89268973912414,-208.33333333333337,383.33333333333337,1216.8000000000002,-150.27303042328043,6.490030582280098e-05,1.3656217778872978e-05,-1.0,-1.8369701987210297e-16
bharuch,Mango,2004,9,1125.0,2,39.3,1.3099999999999998,5.0697739233286624e-05,2004-09-01,500.0,833.3333333333334,1041.6666666666667,1437.5,833.3333333333334,2275.0,1104.1666666666665,306.89416380534584,870.138888888889,343.6973865459531,291.66666666666663,-312.5,833.9999999999999,-167.27303042328043,6.141191301153631e-05,-3.47943223316856e-06,-1.0,-1.8369701987210297e-16
valsad,Mango,2004,9,2250.0,2,129.6,4.319999999999999,7.025605601161703e-05,2004-09-01,866.6666666666666,1125.0,833.3333333333334,1041.6666666666667,625.0,1750.0,999.9999999999999,150.2313031443482,918.75,357.7878600201209,1125.0,1208.3333333333333,154.59999999999988,-76.97303042328045,5.0697739233286624e-05,5.355750188816048e-06,-1.0,-1.8369701987210297e-16
anand,Mango,2004,9,400.0,1,24.7,0.8233333333333334,5.391908444790199e-05,2004-09-01,1150.0,2250.0,1125.0,833.3333333333334,450.0,350.0,1402.7777777777776,748.068500527516,1189.5833333333333,614.1488577246109,-1850.0,-433.33333333333337,225.19999999999987,-181.87303042328045,7.025605601161703e-05,-7.492828563634324e-06,-1.0,-1.8369701987210297e-16
vadodara,Mango,2004,9,400.0,1,34.7,1.1566666666666665,6.222666827619443e-05,2004-09-01,350.0,400.0,2250.0,1125.0,1437.5,275.0,1258.3333333333333,932.1793461203365,1181.25,626.408135944751,0.0,-725.0,193.59999999999985,-171.87303042328045,5.391908444790199e-05,1.1528929042907806e-05,-1.0,-1.8369701987210297e-16
dahod,Mango,2004,10,500.0,3,44.7,1.4419354838709677,5.202610407660947e-05,2004-10-01,1375.0,400.0,400.0,2250.0,1041.6666666666667,1375.0,1016.6666666666665,1068.0979980008099,1008.3333333333334,682.2348894951388,100.0,-1750.0,188.9999999999999,10.212610619469032,6.222666827619443e-05,-1.8229951935007557e-05,-0.8660254037844386,0.5000000000000001
vadodara,Mango,2004,10,866.6666666666666,3,36.2,1.167741935483871,5.952913514584152e-05,2004-10-01,746.1666666666666,500.0,400.0,400.0,833.3333333333334,754.25,433.3333333333332,57.735026919004845,918.0555555555557,712.1254701140698,366.66666666666663,466.66666666666663,104.0999999999999,1.7126106194690323,5.202610407660947e-05,5.610050697939528e-06,-0.8660254037844386,0.5000000000000001
valsad,Mango,2004,10,1150.0,2,30.0,0.967741935483871,6.416184576993661e-05,2004-10-01,1237.5,866.6666666666666,500.0,400.0,1125.0,833.3333333333334,588.8888888888887,245.70382652774296,923.611111111111,711.4620444835695,283.33333333333337,750.0,115.5999999999999,-4.487389380530971,5.952913514584152e-05,1.9351774937421848e-06,-0.8660254037844386,0.5000000000000001
anand,Mango,2004,10,350.0,1,27.8,0.8967741935483872,4.998169139523933e-05,2004-10-01,500.0,1150.0,866.6666666666666,500.0,2250.0,625.0,838.8888888888887,325.88909724583993,927.7777777777777,712.9490138125559,-800.0,-150.0,110.89999999999989,-6.68738938053097,6.416184576993661e-05,-2.044412681370145e-06,-0.8660254037844386,0.5000000000000001
bharuch,Mango,2004,10,1375.0,2,23.0,0.7419354838709677,4.88966184225368e-05,2004-10-01,862.8,350.0,1150.0,866.6666666666666,400.0,450.0,788.8888888888887,405.6316519171573,611.1111111111111,324.15131354673457,1025.0,508.33333333333337,93.99999999999989,-11.48738938053097,4.998169139523933e-05,-1.0632516723304718e-05,-0.8660254037844386,0.5000000000000001
surat,Mango,2004,10,746.1666666666666,6,19.1,0.6161290322580646,5.766254612419183e-05,2004-10-01,300.0,1375.0,350.0,1150.0,400.0,1437.5,958.3333333333331,538.7098786298039,773.611111111111,425.6503738289681,-628.8333333333334,-403.83333333333337,80.79999999999988,-15.38738938053097,4.88966184225368e-05,-6.499299645744781e-06,-0.8660254037844386,0.5000000000000001
valsad,Mango,2004,11,1237.5,2,2.7,0.09,5.8005369614078647e-05,2004-11-01,1625.0,746.1666666666666,1375.0,350.0,500.0,1041.6666666666667,823.7222222222221,516.8823832828441,831.3055555555555,386.5455329894186,491.33333333333337,887.5,69.89999999999989,-7.095056689342402,5.766254612419183e-05,8.02367821883932e-06,-0.5000000000000004,0.8660254037844384
anand,Mango,2004,11,500.0,3,0.0,0.0,4.516731916109315e-05,2004-11-01,1100.0,1237.5,746.1666666666666,1375.0,866.6666666666666,833.3333333333334,1119.5555555555554,330.5919074316008,954.2222222222222,377.27092632729017,-737.5,-875.0,44.79999999999989,-9.795056689342402,5.8005369614078647e-05,-3.729299261443647e-06,-0.5000000000000004,0.8660254037844384
surat,Mango,2004,11,862.8,5,0.3,0.01,5.276278807220838e-05,2004-11-01,1150.0,500.0,1237.5,746.1666666666666,1150.0,1125.0,827.8888888888887,375.48029735754244,893.111111111111,421.4050791586884,362.79999999999995,116.63333333333333,21.799999999999887,-9.495056689342402,4.516731916109315e-05,-4.899758051983451e-06,-0.5000000000000004,0.8660254037844384
dahod,Mango,2004,11,300.0,1,0.8,0.0266666666666666,4.693435023807255e-05,2004-11-01,782.0,862.8,500.0,1237.5,350.0,2250.0,866.7666666666664,368.7660007827974,845.2444444444444,402.26626984107367,-562.8,-937.5,2.9999999999998863,-8.995056689342402,5.276278807220838e-05,-1.1071019376006099e-05,-0.5000000000000004,0.8660254037844384
bharuch,Mango,2004,11,1625.0,3,1.9,0.0633333333333333,4.700442984991216e-05,2004-11-01,1250.0,300.0,862.8,500.0,1375.0,400.0,554.2666666666665,285.2974120691213,836.9111111111112,414.8972251141324,1325.0,1125.0,1.0999999999998864,-7.895056689342402,4.693435023807255e-05,1.8371106888190076e-06,-0.5000000000000004,0.8660254037844384
vadodara,Mango,2004,11,1100.0,2,1.7,0.0566666666666666,5.586650932018387e-05,2004-11-01,1375.0,1625.0,300.0,862.8,746.1666666666666,400.0,929.2666666666664,664.9959498623567,878.5777777777777,486.1741076640781,-525.0,237.20000000000005,2.9999999999998863,-8.095056689342403,4.700442984991216e-05,3.103721247975488e-06,-0.5000000000000004,0.8660254037844384
kheda,Mango,2004,11,1150.0,1,0.4,0.0133333333333333,5.0622990928900144e-05,2004-11-01,1000.0,1100.0,1625.0,300.0,1237.5,500.0,1008.3333333333331,667.2393373695364,937.5499999999998,488.3554187269757,50.0,850.0,4.399999999999887,-9.395056689342402,5.586650932018387e-05,3.6886406908275967e-06,-0.5000000000000004,0.8660254037844384
surat,Mango,2004,12,782.0,6,0.4,0.0129032258064516,4.832993910705858e-05,2004-12-01,450.0,1150.0,1100.0,1625.0,500.0,866.6666666666666,1291.6666666666665,289.75564417856987,922.9666666666666,478.8202237444304,-368.0,-843.0,3.9999999999998863,-3.2994424213174214,5.0622990928900144e-05,1.32550925714642e-06,-2.4492935982947064e-16,1.0
bharuch,Mango,2004,12,1250.0,2,0.3,0.0096774193548387,4.541594640150026e-05,2004-12-01,683.3333333333334,782.0,1150.0,1100.0,862.8,1150.0,1010.6666666666665,199.60293919012818,969.9666666666666,441.3753127063933,468.0,150.0,2.4999999999998863,-3.3994424213174215,4.832993910705858e-05,-1.0450562918683614e-05,-2.4492935982947064e-16,1.0
valsad,Mango,2004,12,1375.0,2,0.0,0.0,5.2543903167093856e-05,2004-12-01,425.0,1250.0,782.0,1150.0,300.0,350.0,1060.6666666666665,246.45756903235494,1034.5,450.7787705737703,125.0,225.0,1.0999999999998864,-3.6994424213174213,4.541594640150026e-05,1.9209122381937116e-06,-2.4492935982947064e-16,1.0
vadodara,Mango,2004,12,1000.0,2,0.1,0.0032258064516129,5.299783910436254e-05,2004-12-01,787.5,1375.0,1250.0,782.0,1625.0,1375.0,1135.6666666666665,312.59611855129936,1213.6666666666667,282.7908532231316,-375.0,218.0,0.6999999999998863,-3.599442421317421,5.2543903167093856e-05,4.667899997303958e-06,-2.4492935982947064e-16,1.0
dahod,Mango,2004,12,450.0,3,0.1,0.0032258064516129,4.599372407075046e-05,2004-12-01,700.0,1000.0,1375.0,1250.0,1100.0,746.1666666666666,1208.3333333333333,190.94065395650543,1109.5,205.52737044004604,-550.0,-800.0,0.39999999999988634,-3.599442421317421,5.299783910436254e-05,5.777776692502017e-07,-2.4492935982947064e-16,1.0
dahod,Mango,2005,1,683.3333333333334,3,2.5,0.0806451612903225,3.9616619637754e-05,2005-01-01,935.0,450.0,1000.0,1375.0,1150.0,1237.5,941.6666666666665,465.2508284069335,1001.1666666666666,339.3054179742292,233.33333333333337,-691.6666666666666,0.19999999999988632,1.4873303167420815,4.599372407075046e-05,-1.2927283529339858e-05,0.49999999999999994,0.8660254037844387
navsari,Mango,2005,1,425.0,2,0.0,0.0,4.381782316403896e-05,2005-01-01,660.6666666666666,683.3333333333334,450.0,1000.0,782.0,500.0,711.111111111111,276.0501833067826,923.388888888889,351.62798628769633,-258.33333333333337,-575.0,2.6999999999998865,-1.0126696832579185,3.9616619637754e-05,-9.180015940323582e-06,0.49999999999999994,0.8660254037844387
valsad,Mango,2005,1,787.5,2,0.0,0.0,4.222559448656563e-05,2005-01-01,1750.0,425.0,683.3333333333334,450.0,1250.0,862.8,519.4444444444443,142.48131781370668,863.888888888889,406.29308888298067,362.5,337.5,2.5999999999998864,-1.0126696832579185,4.381782316403896e-05,-3.7681295841848287e-06,0.49999999999999994,0.8660254037844387
gandhinagar,Mango,2005,1,700.0,1,0.3,0.0096774193548387,4.7070974231422255e-05,2005-01-01,750.0,787.5,425.0,683.3333333333334,1375.0,300.0,631.9444444444443,186.63380167035788,786.8055555555557,359.5755277896211,-87.5,16.66666666666663,2.4999999999998863,-0.7126696832579185,4.222559448656563e-05,7.454354593668257e-06,0.49999999999999994,0.8660254037844387
girsomnath,Mango,2005,1,935.0,1,0.0,0.0,4.197262420000229e-05,2005-01-01,375.0,700.0,787.5,425.0,1000.0,1625.0,637.4999999999999,189.15932438028148,674.3055555555555,215.45199044145403,235.0,510.0,0.2999999999998863,-1.0126696832579185,4.7070974231422255e-05,-1.8451989640366661e-06,0.49999999999999994,0.8660254037844387
surat,Mango,2005,1,660.6666666666666,3,0.0,0.0,3.941406093132412e-05,2005-01-01,1200.0,935.0,700.0,787.5,450.0,1100.0,807.4999999999999,118.7697352022162,663.4722222222222,196.61045571458172,-274.33333333333337,-126.83333333333337,0.2999999999998863,-1.0126696832579185,4.197262420000229e-05,-2.8115335552415102e-06,0.49999999999999994,0.8660254037844387
bharuch,Mango,2005,1,1750.0,2,0.3,0.0096774193548387,3.706850554188871e-05,2005-01-01,1630.0,660.6666666666666,935.0,700.0,683.3333333333334,1150.0,765.2222222222221,148.34132313065265,698.5833333333334,167.5225938327237,1089.3333333333335,1050.0,0.2999999999998863,-0.7126696832579185,3.941406093132412e-05,-1.0002468689533544e-05,0.49999999999999994,0.8660254037844387
mahesana,Mango,2005,1,750.0,2,0.0,0.0,4.627066264821594e-05,2005-01-01,300.0,1750.0,660.6666666666666,935.0,425.0,782.0,1115.222222222222,566.5878703385904,876.3611111111112,459.55063095093993,-1000.0,-185.0,0.2999999999998863,-1.0126696832579185,3.706850554188871e-05,4.298038448213646e-06,0.49999999999999994,0.8660254037844387
kheda,Mango,2005,1,375.0,1,0.0,0.0,5.038424585049895e-05,2005-01-01,537.5,750.0,1750.0,660.6666666666666,787.5,1250.0,1053.5555555555554,604.7902605525851,930.5277777777778,412.4487903117541,-375.0,-285.66666666666663,0.2999999999998863,-1.0126696832579185,4.627066264821594e-05,1.0970184919174833e-05,0.49999999999999994,0.8660254037844387
mahesana,Mango,2005,2,1200.0,1,0.1,0.0035714285714285,4.213164872520768e-05,2005-02-01,450.0,375.0,750.0,1750.0,700.0,1375.0,958.3333333333331,710.780087884669,861.7777777777778,471.24618084708396,825.0,-550.0,0.2999999999998863,-0.23755496567996567,5.038424585049895e-05,5.06314318331897e-06,0.8660254037844386,0.5000000000000001
bharuch,Mango,2005,2,1630.0,5,0.0,0.0,3.29437256705711e-05,2005-02-01,1287.5,1200.0,375.0,750.0,935.0,1000.0,774.9999999999999,413.06779104646307,945.1111111111112,481.0239849259845,430.0,880.0,0.09999999999988632,-0.3375549656799657,4.213164872520768e-05,-1.332693697764484e-05,0.8660254037844386,0.5000000000000001
navsari,Mango,2005,2,300.0,1,0.0,0.0,3.983440897808698e-05,2005-02-01,592.3333333333334,1630.0,1200.0,375.0,660.6666666666666,450.0,1068.3333333333333,637.7760840085946,1060.9444444444446,555.9472563578777,-1330.0,-75.0,0.09999999999988632,-0.3375549656799657,3.29437256705711e-05,-1.0549836872411976e-05,0.8660254037844386,0.5000000000000001
gandhinagar,Mango,2005,2,537.5,2,0.0,0.0,4.444824629158143e-05,2005-02-01,666.6666666666666,300.0,1630.0,1200.0,1750.0,683.3333333333334,1043.3333333333333,678.6997372427205,1000.8333333333334,623.3010241180954,237.5,-662.5,0.09999999999988632,-0.3375549656799657,3.983440897808698e-05,2.3165975663737463e-06,0.8660254037844386,0.5000000000000001
kheda,Mango,2005,2,450.0,1,0.0,0.0,4.790044061269063e-05,2005-02-01,825.0,537.5,300.0,1630.0,750.0,425.0,822.4999999999999,709.3262648457369,798.75,519.7926269196203,-87.5,-1180.0,0.0,-0.3375549656799657,4.444824629158143e-05,1.4956714942119535e-05,0.8660254037844386,0.5000000000000001
valsad,Mango,2005,2,1287.5,2,0.0,0.0,3.7408108512765286e-05,2005-02-01,375.0,450.0,537.5,300.0,375.0,787.5,429.1666666666665,120.11279421168106,748.75,539.4760189294789,837.5,987.5,0.0,-0.3375549656799657,4.790044061269063e-05,-2.4263004653216907e-06,0.8660254037844386,0.5000000000000001
surat,Mango,2005,2,592.3333333333334,3,0.0,0.0,3.569938665682677e-05,2005-02-01,1700.0,1287.5,450.0,537.5,1200.0,700.0,758.3333333333331,460.35538807896853,900.8333333333334,541.656410159306,-695.1666666666666,54.83333333333337,0.0,-0.3375549656799657,3.7408108512765286e-05,-8.74885963475466e-06,0.8660254037844386,0.5000000000000001
dahod,Mango,2005,2,666.6666666666666,3,0.0,0.0,3.5108147371384346e-05,2005-02-01,985.0,592.3333333333334,1287.5,450.0,1630.0,935.0,776.611111111111,448.1297658458334,799.5555555555555,531.241331083954,74.33333333333326,216.66666666666663,0.0,-0.3375549656799657,3.569938665682677e-05,-1.2792293241306287e-05,0.8660254037844386,0.5000000000000001
girsomnath,Mango,2005,2,825.0,1,0.0,0.0,4.197262420000229e-05,2005-02-01,641.0,666.6666666666666,592.3333333333334,1287.5,300.0,660.6666666666666,848.8333333333331,381.7102231332675,639.0,341.88878958580045,158.33333333333337,-462.5,0.0,-0.3375549656799657,3.5108147371384346e-05,4.564515687237005e-06,0.8660254037844386,0.5000000000000001
dahod,Mango,2005,3,375.0,2,0.0,0.0,2.81041941270436e-05,2005-03-01,1000.0,825.0,666.6666666666666,592.3333333333334,537.5,1750.0,694.6666666666665,118.83368396397056,726.5,302.7134692154346,-450.0,-217.33333333333337,0.0,-1.9086255656108597,4.197262420000229e-05,-7.595192529783167e-06,1.0,6.123233995736766e-17
bharuch,Mango,2005,3,1700.0,3,0.0,0.0,2.966393620895968e-05,2005-03-01,1175.0,375.0,825.0,666.6666666666666,450.0,750.0,622.2222222222221,228.2684417116958,699.4166666666666,329.1222965876218,1325.0,1033.3333333333335,0.0,-1.9086255656108597,2.81041941270436e-05,-5.444211162424664e-06,1.0,6.123233995736766e-17
girsomnath,Mango,2005,3,985.0,1,0.0,0.0,4.197262420000229e-05,2005-03-01,800.0,1700.0,375.0,825.0,1287.5,375.0,966.6666666666665,673.7643010232418,907.75,493.9937443373591,-715.0,160.0,0.0,-1.9086255656108597,2.966393620895968e-05,0.0,1.0,6.123233995736766e-17
surat,Mango,2005,3,641.0,2,0.0,0.0,3.479356816713383e-05,2005-03-01,750.0,985.0,1700.0,375.0,592.3333333333334,1200.0,1019.9999999999999,663.1930337390497,857.3333333333334,461.87780971931386,-344.0,266.0,0.0,-1.9086255656108597,4.197262420000229e-05,6.689374040090228e-06,1.0,6.123233995736766e-17
gandhinagar,Mango,2005,3,1000.0,1,0.0,0.0,3.55571023000211e-05,2005-03-01,635.0,641.0,985.0,1700.0,666.6666666666666,1630.0,1108.6666666666665,540.2224850312488,865.4444444444445,456.69156460918435,359.0,-700.0,0.0,-1.9086255656108597,3.479356816713383e-05,5.893166091061419e-06,1.0,6.123233995736766e-17
valsad,Mango,2005,3,1175.0,2,0.0,0.0,3.44991938130011e-05,2005-03-01,750.0,1000.0,641.0,985.0,825.0,300.0,875.3333333333331,203.07716103328264,921.0,447.8638185877485,175.0,190.0,0.0,-1.9086255656108597,3.55571023000211e-05,-7.473430387001192e-06,1.0,6.123233995736766e-17
navsari,Mango,2005,3,800.0,2,0.0,0.0,3.898762274044139e-05,2005-03-01,637.5,1175.0,1000.0,641.0,375.0,537.5,938.6666666666665,272.23213133893256,979.3333333333334,455.58606943876856,-375.0,159.0,0.0,-1.9086255656108597,3.44991938130011e-05,4.194054573307564e-06,1.0,6.123233995736766e-17
mahesana,Mango,2005,3,750.0,1,0.0,0.0,3.2687510854114186e-05,2005-03-01,1183.3333333333333,800.0,1175.0,1000.0,1700.0,450.0,991.6666666666665,187.63883748664034,1050.1666666666667,367.32297323563444,-50.0,-250.0,0.0,-1.9086255656108597,3.898762274044139e-05,-2.8695914459069146e-06,1.0,6.123233995736766e-17
girsomnath,Mango,2005,4,635.0,1,0.0,0.0,4.197262420000229e-05,2005-04-01,1637.5,750.0,800.0,1175.0,985.0,1287.5,908.3333333333331,232.2893310794489,891.8333333333334,195.97491336052778,-115.0,-540.0,0.0,-0.978716960352423,3.2687510854114186e-05,7.473430387001192e-06,0.8660254037844387,-0.4999999999999998
gandhinagar,Mango,2005,4,750.0,2,0.0,0.0,3.342823510920713e-05,2005-04-01,750.0,635.0,750.0,800.0,641.0,592.3333333333334,728.3333333333331,84.60693431000696,833.5,213.96144512504958,115.0,-50.0,0.0,-0.978716960352423,4.197262420000229e-05,-5.559387631234259e-06,0.8660254037844387,-0.4999999999999998
surat,Mango,2005,4,637.5,2,0.1,0.0033333333333333,3.459239017507862e-05,2005-04-01,716.6666666666666,750.0,635.0,750.0,1000.0,666.6666666666666,711.6666666666665,66.39528095684086,851.6666666666666,198.41034919244083,-112.5,-112.5,0.0,-0.878716960352423,3.342823510920713e-05,1.9048793209644314e-06,0.8660254037844387,-0.4999999999999998
mahesana,Mango,2005,4,1183.3333333333333,3,0.0,0.0,3.0190129175545817e-05,2005-04-01,887.5,637.5,750.0,635.0,1175.0,825.0,674.1666666666665,65.68548799649611,791.25,199.39753007497248,545.8333333333333,548.3333333333333,0.09999999999988632,-0.978716960352423,3.459239017507862e-05,-1.1782495024456475e-05,0.8660254037844387,-0.4999999999999998
bharuch,Mango,2005,4,1637.5,4,0.0,0.0,2.6959288817308567e-05,2005-04-01,850.0,1183.3333333333333,637.5,750.0,800.0,375.0,856.9444444444443,288.2036477780895,792.6388888888888,202.60828152062365,454.16666666666674,887.5,0.09999999999988632,-0.978716960352423,3.0190129175545817e-05,-6.468946291898566e-06,0.8660254037844387,-0.4999999999999998
navsari,Mango,2005,4,750.0,2,0.0,0.0,3.885619996706384e-05,2005-04-01,512.5,1637.5,1183.3333333333333,637.5,750.0,1700.0,1152.7777777777776,500.6997418428393,932.2222222222222,400.52107264116495,-887.5,112.5,0.09999999999988632,-0.978716960352423,2.6959288817308567e-05,4.263809791985221e-06,0.8660254037844387,-0.4999999999999998
dahod,Mango,2005,4,716.6666666666666,3,0.0,0.0,2.57611439139299e-05,2005-04-01,293.0,750.0,1637.5,1183.3333333333333,635.0,985.0,1190.2777777777776,443.7907519107241,932.2222222222222,400.52107264116495,-33.33333333333337,-466.66666666666663,0.0,-0.978716960352423,3.885619996706384e-05,-4.4289852616159175e-06,0.8660254037844387,-0.4999999999999998
valsad,Mango,2005,4,887.5,2,1.1,0.0366666666666666,3.365228809713757e-05,2005-04-01,1541.6666666666667,716.6666666666666,750.0,1637.5,750.0,641.0,1034.7222222222222,522.28686065688,945.8333333333334,389.64014737247516,170.83333333333337,-750.0,0.0,0.12128303964757714,2.57611439139299e-05,6.692999279829005e-06,0.8660254037844387,-0.4999999999999998
dahod,Mango,2005,5,850.0,2,2.1,0.0677419354838709,2.5631074431968783e-05,2005-05-01,716.6666666666666,887.5,716.6666666666666,750.0,637.5,1000.0,784.7222222222221,90.55512951504089,968.75,379.73629373260803,-37.5,100.0,1.0999999999998864,-5.317019969278034,3.365228809713757e-05,-1.3225125535095055e-05,0.49999999999999994,-0.8660254037844387
valsad,Mango,2005,5,512.5,2,2.7,0.0870967741935483,3.473884745573335e-05,2005-05-01,950.0,850.0,887.5,716.6666666666666,1183.3333333333333,1175.0,818.0555555555553,89.78497977165749,1004.1666666666666,351.52445781829215,-337.5,-204.16666666666663,3.1999999999998865,-4.7170199692780335,2.5631074431968783e-05,8.977703541803448e-06,0.49999999999999994,-0.8660254037844387
surat,Mango,2005,5,293.0,1,0.2,0.0064516129032258,3.546925159569851e-05,2005-05-01,712.5,512.5,850.0,887.5,1637.5,800.0,749.9999999999999,206.53389552323935,892.3611111111112,387.9380737618747,-219.5,-594.5,5.899999999999887,-7.2170199692780335,3.473884745573335e-05,1.816963498560935e-06,0.49999999999999994,-0.8660254037844387
bharuch,Mango,2005,5,1541.6666666666667,3,0.3,0.0096774193548387,2.593124870111201e-05,2005-05-01,686.6666666666666,293.0,512.5,850.0,750.0,750.0,551.8333333333331,280.5754503397218,668.2777777777777,225.92099569605216,1248.6666666666667,691.6666666666667,4.999999999999887,-7.117019969278034,3.546925159569851e-05,3.00174269143228e-07,0.49999999999999994,-0.8660254037844387
navsari,Mango,2005,5,716.6666666666666,3,0.4,0.0129032258064516,3.984907642838473e-05,2005-05-01,818.3333333333334,1541.6666666666667,293.0,512.5,716.6666666666666,635.0,782.3888888888888,666.6499234008618,800.2222222222223,425.8814606419468,-825.0000000000001,204.16666666666663,3.1999999999998865,-7.017019969278033,2.593124870111201e-05,5.110228972651383e-06,0.49999999999999994,-0.8660254037844387
mahesana,Mango,2005,5,950.0,2,0.1,0.0032258064516129,2.971170306195648e-05,2005-05-01,900.0,716.6666666666666,1541.6666666666667,293.0,887.5,750.0,850.4444444444443,634.9917176479438,800.2222222222223,425.8814606419468,233.33333333333337,657.0,0.8999999999998863,-7.317019969278034,3.984907642838473e-05,-5.757548533742028e-06,0.49999999999999994,-0.8660254037844387
girsomnath,Mango,2005,5,712.5,2,0.8,0.0258064516129032,4.197262420000229e-05,2005-05-01,550.0,950.0,716.6666666666666,1541.6666666666667,850.0,637.5,1069.4444444444443,425.2722439584859,810.638888888889,429.1945999539477,-237.5,-829.1666666666667,0.7999999999998862,-6.617019969278034,2.971170306195648e-05,1.604137549889028e-05,0.49999999999999994,-0.8660254037844387
navsari,Mango,2005,6,686.6666666666666,3,415.8,13.86,2.516542890427187e-05,2005-06-01,1512.5,712.5,950.0,716.6666666666666,512.5,1183.3333333333333,793.0555555555555,135.93384147909504,787.7222222222223,430.3419398399193,-25.83333333333337,-30.0,1.2999999999998864,289.96690217391307,4.197262420000229e-05,-1.4683647524112859e-05,1.2246467991473532e-16,-1.0
surat,Mango,2005,6,818.3333333333334,3,296.0,9.866666666666667,2.258454556198621e-05,2005-06-01,1262.5,686.6666666666666,712.5,950.0,293.0,1637.5,783.0555555555555,145.15397316618794,816.75,413.6133963820155,131.66666666666674,-131.66666666666663,416.6999999999999,170.16690217391306,2.516542890427187e-05,-7.127157499970268e-06,1.2246467991473532e-16,-1.0
gandhinagar,Mango,2005,6,900.0,1,90.6,3.02,2.4780480108918387e-05,2005-06-01,1900.0,818.3333333333334,686.6666666666666,712.5,1541.6666666666667,750.0,739.1666666666666,69.76647555320257,904.3055555555557,327.1307998113062,81.66666666666663,187.5,712.5999999999999,-35.23309782608696,2.258454556198621e-05,-1.7192144091083904e-05,1.2246467991473532e-16,-1.0
girsomnath,Mango,2005,6,550.0,1,369.4,12.313333333333333,4.197262420000229e-05,2005-06-01,1183.3333333333333,900.0,818.3333333333334,686.6666666666666,716.6666666666666,716.6666666666666,801.6666666666666,107.63879928313766,797.3611111111112,109.7628968209114,-350.0,-136.66666666666663,802.3999999999999,243.56690217391304,2.4780480108918387e-05,1.680719529573042e-05,1.2246467991473532e-16,-1.0
bharuch,Mango,2005,6,1512.5,4,314.3,10.476666666666668,1.6587996324883932e-05,2005-06-01,512.5,550.0,900.0,818.3333333333334,950.0,887.5,756.111111111111,183.10844793102308,769.5833333333334,148.5165067518667,962.5,694.1666666666666,755.9999999999998,188.46690217391307,4.197262420000229e-05,-5.996549237102279e-06,1.2246467991473532e-16,-1.0
valsad,Mango,2005,6,1262.5,2,468.1,15.603333333333332,2.1998893799109607e-05,2005-06-01,666.6666666666666,1512.5,550.0,900.0,712.5,850.0,987.4999999999999,487.1793817476315,863.3333333333334,339.68408525831376,-250.0,362.5,774.2999999999998,342.2669021739131,1.6587996324883932e-05,-2.781586309808781e-06,1.2246467991473532e-16,-1.0
vadodara,Mango,2005,6,1900.0,1,218.7,7.290000000000001,1.9126348015258246e-05,2005-06-01,1075.0,1262.5,1512.5,550.0,686.6666666666666,512.5,1108.3333333333333,499.4267547231904,955.0,364.1683829097617,637.5,1350.0,1151.7999999999997,92.86690217391303,2.1998893799109607e-05,-2.2846276184744045e-05,1.2246467991473532e-16,-1.0
mahesana,Mango,2005,6,1183.3333333333333,3,93.9,3.1300000000000003,2.424807545817976e-05,2005-06-01,725.0,1900.0,1262.5,1512.5,818.3333333333334,293.0,1558.3333333333333,321.21189787014094,1157.2222222222222,497.74537965004055,-716.6666666666667,-329.16666666666674,1001.0999999999999,-31.93309782608695,1.9126348015258246e-05,7.660079133295827e-06,1.2246467991473532e-16,-1.0
kheda,Mango,2005,6,512.5,1,90.4,3.0133333333333336,2.410236249520682e-05,2005-06-01,2337.5,1183.3333333333333,1900.0,1262.5,900.0,1541.6666666666667,1448.611111111111,392.9132054755116,1218.0555555555554,469.5496266124082,-670.8333333333333,-750.0,780.6999999999999,-35.43309782608695,2.424807545817976e-05,2.1034686960972125e-06,1.2246467991473532e-16,-1.0
dahod,Mango,2005,6,666.6666666666666,3,105.6,3.5200000000000005,2.014452864921297e-05,2005-06-01,473.5,512.5,1183.3333333333333,1900.0,550.0,716.6666666666666,1198.611111111111,693.8761563639256,1153.4722222222222,542.9562640117799,154.16666666666663,-1233.3333333333335,402.99999999999983,-20.23309782608696,2.410236249520682e-05,1.0181806339547232e-06,1.2246467991473532e-16,-1.0
valsad,Mango,2005,7,1075.0,2,342.8,11.058064516129033,3.0308209238084272e-05,2005-07-01,1000.0,666.6666666666666,512.5,1183.3333333333333,1512.5,950.0,787.4999999999999,351.36143941974564,1172.9166666666667,518.5633867822825,408.33333333333337,-108.33333333333326,289.89999999999986,-28.62924008810569,2.014452864921297e-05,6.060133779904512e-06,-0.4999999999999997,-0.8660254037844388
navsari,Mango,2005,7,725.0,3,288.7,9.312903225806451,3.1376615858635925e-05,2005-07-01,1250.0,1075.0,666.6666666666666,512.5,1262.5,712.5,751.3888888888887,290.6629555063875,1100.0,491.3063651576727,-350.0,212.5,538.7999999999998,-82.72924008810571,3.0308209238084272e-05,7.2742533634291055e-06,-0.4999999999999997,-0.8660254037844388
girsomnath,Mango,2005,7,2337.5,2,168.9,5.448387096774193,4.197262420000229e-05,2005-07-01,1750.0,725.0,1075.0,666.6666666666666,1900.0,686.6666666666666,822.2222222222221,220.84643567002084,1010.4166666666666,504.5745595163424,1612.5,1670.8333333333335,737.0999999999999,-202.5292400881057,3.1376615858635925e-05,2.182809555078932e-05,-0.4999999999999997,-0.8660254037844388
surat,Mango,2005,7,473.5,2,195.8,6.316129032258065,3.746937950088816e-05,2005-07-01,450.0,2337.5,725.0,1075.0,1183.3333333333333,818.3333333333334,1379.1666666666667,848.1904758563006,1083.3333333333333,664.9613606151195,-1864.0,-601.5,800.3999999999999,-175.6292400881057,4.197262420000229e-05,7.161170262803891e-06,-0.4999999999999997,-0.8660254037844388
gandhinagar,Mango,2005,7,1000.0,1,336.5,10.85483870967742,2.89030076572819e-05,2005-07-01,1075.0,473.5,2337.5,725.0,512.5,900.0,1178.6666666666665,1011.426756287047,965.0277777777778,705.519315560977,526.5,275.0,653.3999999999999,-34.9292400881057,3.746937950088816e-05,-2.473608201354024e-06,-0.4999999999999997,-0.8660254037844388
mahesana,Mango,2005,7,1250.0,1,260.0,8.387096774193548,2.4036138305770643e-05,2005-07-01,815.0,1000.0,473.5,2337.5,666.6666666666666,550.0,1270.3333333333333,960.9547769449599,1046.2777777777778,670.1671156979897,250.0,-1087.5,701.1999999999998,-111.4292400881057,2.89030076572819e-05,-1.7936485894231648e-05,-0.4999999999999997,-0.8660254037844388
bharuch,Mango,2005,7,1750.0,3,167.0,5.387096774193548,3.208341613964533e-05,2005-07-01,1175.0,1250.0,1000.0,473.5,1075.0,1512.5,907.8333333333331,396.36988197053734,1143.5,645.9574289378518,500.0,1276.5,792.3,-204.4292400881057,2.4036138305770643e-05,-5.385963361242833e-06,-0.4999999999999997,-0.8660254037844388
kheda,Mango,2005,7,450.0,1,296.3,9.558064516129033,3.35993515079043e-05,2005-07-01,825.0,1750.0,1250.0,1000.0,725.0,1262.5,1333.3333333333333,381.88130791299244,1256.0,688.987300318373,-1300.0,-550.0,763.4999999999998,-75.12924008810569,3.208341613964533e-05,4.6963438506224005e-06,-0.4999999999999997,-0.8660254037844388
dahod,Mango,2005,7,1075.0,4,312.9,10.093548387096773,3.923572616780615e-05,2005-07-01,1483.3333333333333,450.0,1750.0,1250.0,2337.5,1900.0,1149.9999999999998,655.7438524302034,1210.1666666666667,738.727058301418,625.0,-175.0,723.2999999999998,-58.52924008810572,3.35993515079043e-05,1.5199587862035507e-05,-0.4999999999999997,-0.8660254037844388
navsari,Mango,2005,8,815.0,3,332.8,10.735483870967744,5.8173982360584345e-05,2005-08-01,450.0,1075.0,450.0,1750.0,473.5,1183.3333333333333,1091.6666666666665,650.1602366596543,999.75,492.0013973557391,-260.0,-935.0,776.1999999999998,25.617989130434808,3.923572616780615e-05,2.6090566220939014e-05,-0.8660254037844384,-0.5000000000000004
valsad,Mango,2005,8,1175.0,2,338.2,10.90967741935484,5.532818867326075e-05,2005-08-01,3250.0,815.0,1075.0,450.0,1000.0,512.5,779.9999999999999,313.96655872879916,1056.6666666666667,435.44995885482246,360.0,725.0,941.9999999999998,31.017989130434785,5.8173982360584345e-05,2.1728837165356446e-05,-0.8660254037844384,-0.5000000000000004
dahod,Mango,2005,8,825.0,2,201.2,6.490322580645162,5.797658299968928e-05,2005-08-01,1300.0,1175.0,815.0,1075.0,1250.0,666.6666666666666,1021.6666666666665,185.83146486356316,1085.8333333333333,436.75412610147896,-350.0,-250.0,983.8999999999999,-105.98201086956522,5.532818867326075e-05,1.8740856831883128e-05,-0.8660254037844384,-0.5000000000000004
bharuch,Mango,2005,8,1483.3333333333333,3,209.6,6.761290322580645,4.437255554492371e-05,2005-08-01,750.0,825.0,1175.0,815.0,1750.0,1075.0,938.3333333333331,205.02032419576784,1015.0,439.2607426119478,658.3333333333333,668.3333333333333,872.1999999999998,-97.58201086956521,5.797658299968928e-05,-1.3801426815660633e-05,-0.8660254037844384,-0.5000000000000004
kheda,Mango,2005,8,450.0,1,263.20000000000005,8.490322580645163,5.135958435627191e-05,2005-08-01,875.0,1483.3333333333333,825.0,1175.0,450.0,725.0,1161.111111111111,329.3863542564789,970.5555555555555,355.5303810532254,-1033.3333333333333,-725.0,748.9999999999998,-43.98201086956516,4.437255554492371e-05,-3.9686043169888385e-06,-0.8660254037844384,-0.5000000000000004
girsomnath,Mango,2005,8,3250.0,1,170.2,5.490322580645161,4.197262420000229e-05,2005-08-01,512.5,450.0,1483.3333333333333,825.0,1075.0,2337.5,919.4444444444443,523.1006205877256,970.5555555555555,355.5303810532254,2800.0,2425.0,673.9999999999998,-136.98201086956522,5.135958435627191e-05,-1.6003958799686987e-05,-0.8660254037844384,-0.5000000000000004
mahesana,Mango,2005,8,1300.0,2,242.1,7.809677419354839,4.653246229995417e-05,2005-08-01,425.0,3250.0,450.0,1483.3333333333333,815.0,473.5,1727.7777777777776,1415.9148331784716,1333.0555555555554,1002.8489509983638,-1950.0,-183.33333333333326,642.9999999999998,-65.08201086956521,4.197262420000229e-05,2.1599067550304605e-06,-0.8660254037844384,-0.5000000000000004
gandhinagar,Mango,2005,8,750.0,1,272.90000000000003,8.803225806451614,5.045509053826338e-05,2005-08-01,1100.0,1300.0,3250.0,450.0,1175.0,1000.0,1666.6666666666667,1435.560285509925,1413.8888888888887,971.8062602223796,-550.0,300.0,675.4999999999998,-34.28201086956517,4.653246229995417e-05,-9.044938180085286e-07,-0.8660254037844384,-0.5000000000000004
surat,Mango,2005,8,875.0,1,292.2,9.425806451612903,5.3298515841327685e-05,2005-08-01,561.6666666666666,750.0,1300.0,3250.0,825.0,1250.0,1766.6666666666667,1313.7097599292383,1343.0555555555554,1007.5329697757713,125.0,-2375.0,685.1999999999998,-14.982010869565215,5.045509053826338e-05,1.1325891641325394e-05,-0.8660254037844384,-0.5000000000000004
valsad,Mango,2005,9,512.5,2,423.8,14.126666666666669,6.497438225969676e-05,2005-09-01,350.0,875.0,750.0,1300.0,1483.3333333333333,1750.0,975.0,288.3140648667768,1351.388888888889,1002.5857772483813,-362.5,-787.5,807.1999999999998,217.22696957671957,5.3298515841327685e-05,1.844191995974259e-05,-1.0,-1.8369701987210297e-16
surat,Mango,2005,9,425.0,1,379.3,12.643333333333334,5.686309053169292e-05,2005-09-01,325.0,512.5,875.0,750.0,450.0,450.0,712.5,184.13649828321368,1189.5833333333333,1054.0522006365086,-87.5,-325.0,988.8999999999999,172.72696957671957,6.497438225969676e-05,6.407999993429542e-06,-1.0,-1.8369701987210297e-16
mahesana,Mango,2005,9,1100.0,3,238.7,7.956666666666666,5.833652842231115e-05,2005-09-01,985.0,425.0,512.5,875.0,3250.0,1075.0,604.1666666666666,238.59397170368175,1185.4166666666667,1057.6039153041495,675.0,225.0,1095.2999999999997,32.126969576719546,5.686309053169292e-05,5.038012580983464e-06,-1.0,-1.8369701987210297e-16
navsari,Mango,2005,9,561.6666666666666,3,386.5,12.883333333333333,6.343496009781538e-05,2005-09-01,850.0,1100.0,425.0,512.5,1300.0,815.0,679.1666666666666,367.0689081539558,827.0833333333334,336.750711456808,-538.3333333333334,49.16666666666663,1041.7999999999997,179.92696957671956,5.833652842231115e-05,-1.5394221618813804e-06,-1.0,-1.8369701987210297e-16
dahod,Mango,2005,9,350.0,1,363.3,12.11,6.18734302906238e-05,2005-09-01,1708.3333333333333,561.6666666666666,1100.0,425.0,750.0,1175.0,695.5555555555555,356.86261491774377,704.0277777777778,254.14366926923282,-211.66666666666663,-75.0,1004.4999999999998,156.72696957671957,6.343496009781538e-05,5.010339758930884e-06,-1.0,-1.8369701987210297e-16
kheda,Mango,2005,9,325.0,1,329.5,10.983333333333333,6.034160152145517e-05,2005-09-01,830.0,350.0,561.6666666666666,1100.0,875.0,825.0,670.5555555555555,386.6750478018934,637.3611111111111,289.655166949841,-25.0,-775.0,988.4999999999998,122.92696957671956,6.18734302906238e-05,2.005073099144019e-06,-1.0,-1.8369701987210297e-16
girsomnath,Mango,2005,9,985.0,1,232.3,7.743333333333334,4.197262420000229e-05,2005-09-01,762.5,325.0,350.0,561.6666666666666,512.5,1483.3333333333333,412.2222222222222,130.02492638523356,545.6944444444445,286.4196691078517,660.0,423.33333333333337,1079.2999999999997,25.72696957671957,6.034160152145517e-05,-2.146233589781309e-05,-1.0,-1.8369701987210297e-16
gandhinagar,Mango,2005,9,850.0,1,286.3,9.543333333333331,6.084258983631551e-05,2005-09-01,1038.5,985.0,325.0,350.0,425.0,450.0,553.3333333333334,374.04322388373413,624.4444444444445,336.11285582650856,-135.0,500.0,925.0999999999998,79.72696957671957,4.197262420000229e-05,-1.0308404543082962e-06,-1.0,-1.8369701987210297e-16
bharuch,Mango,2005,9,1708.3333333333333,3,437.9,14.596666666666666,4.669736390363689e-05,2005-09-01,490.0,850.0,985.0,325.0,1100.0,3250.0,720.0,348.6760674322284,695.2777777777778,330.4095382445285,858.3333333333333,1383.3333333333333,848.0999999999997,231.32696957671953,6.084258983631551e-05,-1.3644237617818278e-05,-1.0,-1.8369701987210297e-16
navsari,Mango,2005,10,830.0,3,7.6,0.2451612903225806,6.089215017283626e-05,2005-10-01,1100.0,1708.3333333333333,850.0,985.0,561.6666666666666,1300.0,1181.111111111111,461.5503262957438,796.6666666666666,518.9712045105304,-878.3333333333333,-155.0,956.4999999999998,-26.88738938053097,4.669736390363689e-05,1.891952597283397e-05,-0.8660254037844386,0.5000000000000001
valsad,Mango,2005,10,762.5,2,13.6,0.4387096774193548,6.312163978103474e-05,2005-10-01,2350.0,830.0,1708.3333333333333,850.0,350.0,750.0,1129.4444444444443,501.432208039395,841.3888888888888,506.0713790966057,-67.5,-87.5,731.7999999999997,-20.88738938053097,6.089215017283626e-05,2.2790499447192348e-06,-0.8660254037844386,0.5000000000000001
surat,Mango,2005,10,1038.5,2,2.3,0.0741935483870967,5.523873481590958e-05,2005-10-01,800.0,762.5,830.0,1708.3333333333333,325.0,875.0,1100.2777777777776,527.6719923223947,910.1388888888888,450.9860852333183,276.0,-669.8333333333333,459.09999999999974,-32.18738938053097,6.312163978103474e-05,8.541370912272689e-06,-0.8660254037844386,0.5000000000000001
girsomnath,Mango,2005,10,490.0,1,2.9,0.0935483870967742,4.197262420000229e-05,2005-10-01,1000.0,1038.5,762.5,830.0,985.0,512.5,877.0,143.87755210596183,1029.0555555555554,348.1908267772886,-548.5,-340.0,23.499999999999773,-31.587389380530972,5.523873481590958e-05,-1.891952597283397e-05,-0.8660254037844386,0.5000000000000001
bharuch,Mango,2005,10,1100.0,1,1.7000000000000002,0.0548387096774193,4.7259768628742376e-05,2005-10-01,737.5,490.0,1038.5,762.5,850.0,425.0,763.6666666666666,274.2518611301244,946.5555555555555,413.2763625612426,610.0,337.5,18.799999999999773,-32.78738938053097,4.197262420000229e-05,-1.586187115229237e-05,-0.8660254037844386,0.5000000000000001
dahod,Mango,2005,10,2350.0,1,0.6,0.0193548387096774,5.194600451368487e-05,2005-10-01,986.6666666666666,1100.0,490.0,1038.5,1708.3333333333333,1100.0,876.1666666666666,335.84086013071294,988.2222222222222,414.19616483372084,1250.0,1311.5,6.899999999999773,-33.88738938053097,4.7259768628742376e-05,-3.2927303022247084e-06,-0.8660254037844386,0.5000000000000001
gandhinagar,Mango,2005,10,800.0,1,0.0,0.0,5.323424544312931e-05,2005-10-01,1625.0,2350.0,1100.0,490.0,830.0,561.6666666666666,1313.3333333333333,948.1736831052302,1095.1666666666667,651.9276544729995,-1550.0,310.0,5.199999999999773,-34.48738938053097,5.194600451368487e-05,1.1261621243127016e-05,-0.8660254037844386,0.5000000000000001
mahesana,Mango,2005,10,1000.0,1,0.0,0.0,5.029307606374274e-05,2005-10-01,700.0,800.0,2350.0,1100.0,762.5,350.0,1416.6666666666667,822.0908303425707,1090.1666666666667,654.4781636286017,200.0,-100.0,2.299999999999773,-34.48738938053097,5.323424544312931e-05,3.033307435000366e-06,-0.8660254037844386,0.5000000000000001
kheda,Mango,2005,10,737.5,1,0.1,0.0032258064516129,5.3503999841965256e-05,2005-10-01,400.0,1000.0,800.0,2350.0,1038.5,325.0,1383.3333333333333,843.1093246627851,1129.75,637.663214400831,-262.5,-1612.5,0.5999999999997726,-34.38738938053097,5.029307606374274e-05,1.5579953282803858e-06,-0.8660254037844386,0.5000000000000001
navsari,Mango,2005,11,986.6666666666666,3,0.0,0.0,5.504544706668334e-05,2005-11-01,1687.5,737.5,1000.0,800.0,490.0,985.0,845.8333333333334,137.1206889325495,1079.5833333333333,657.8001532887224,249.16666666666663,186.66666666666663,0.09999999999977263,-9.795056689342402,5.3503999841965256e-05,1.8112016235540343e-06,-0.5000000000000004,0.8660254037844384
valsad,Mango,2005,11,1625.0,1,0.0,0.0,5.448003783573386e-05,2005-11-01,975.0,986.6666666666666,737.5,1000.0,1100.0,850.0,908.0555555555555,147.8558169048358,1162.361111111111,597.2298126132638,638.3333333333334,625.0,0.09999999999977263,-9.795056689342402,5.504544706668334e-05,4.186961771991119e-06,-0.5000000000000004,0.8660254037844384
mahesana,Mango,2005,11,700.0,1,0.0,0.0,4.3924151421071504e-05,2005-11-01,735.0,1625.0,986.6666666666666,737.5,2350.0,1708.3333333333333,1116.388888888889,457.7498811618717,1249.861111111111,624.1194723294097,-925.0,-37.5,0.09999999999977263,-9.795056689342402,5.448003783573386e-05,-9.579848420893752e-06,-0.5000000000000004,0.8660254037844384
gandhinagar,Mango,2005,11,400.0,1,0.0,0.0,4.65231475042922e-05,2005-11-01,1750.0,700.0,1625.0,986.6666666666666,800.0,830.0,1103.888888888889,473.5103346676195,974.861111111111,342.32068163357286,-300.0,-586.6666666666666,0.0,-9.795056689342402,4.3924151421071504e-05,-8.522299562391139e-06,-0.5000000000000004,0.8660254037844384
bharuch,Mango,2005,11,1687.5,4,0.0,0.0,4.399402530050289e-05,2005-11-01,700.0,400.0,700.0,1625.0,1000.0,762.5,908.3333333333334,638.520425149687,908.1944444444443,414.5212823468999,1287.5,62.5,0.0,-9.795056689342402,4.65231475042922e-05,-1.0486012535230972e-05,-0.5000000000000004,0.8660254037844384
surat,Mango,2005,11,975.0,4,0.0,0.0,4.91670911348722e-05,2005-11-01,850.0,1687.5,400.0,700.0,737.5,1038.5,929.1666666666666,673.6483380320454,1022.7777777777777,525.2146827374144,-712.5,275.0,0.0,-9.795056689342402,4.399402530050289e-05,5.242939713800699e-06,-0.5000000000000004,0.8660254037844384
girsomnath,Mango,2005,11,735.0,1,0.0,0.0,4.197262420000229e-05,2005-11-01,1250.0,975.0,1687.5,400.0,986.6666666666666,490.0,1020.8333333333334,644.9725446353024,1062.361111111111,508.0847525174719,-240.0,335.0,0.0,-9.795056689342402,4.91670911348722e-05,-4.550523304289911e-06,-0.5000000000000004,0.8660254037844384
dahod,Mango,2005,11,1750.0,2,0.0,0.0,4.478313960709812e-05,2005-11-01,590.0,735.0,975.0,1687.5,1625.0,1100.0,1132.5,495.3975676161561,1020.4166666666666,525.6672347280802,1015.0,62.5,0.0,-9.795056689342402,4.197262420000229e-05,7.89114306595231e-07,-0.5000000000000004,0.8660254037844384
dahod,Mango,2005,12,700.0,2,0.0,0.0,4.168085888604616e-05,2005-12-01,1300.0,1750.0,735.0,975.0,700.0,2350.0,1153.3333333333333,530.4793429845665,1041.25,556.0210202861039,-1050.0,-275.0,0.0,-3.6994424213174213,4.478313960709812e-05,-7.486232248826042e-06,-2.4492935982947064e-16,1.0
valsad,Mango,2005,12,850.0,2,0.1,0.0032258064516129,4.800359189367147e-05,2005-12-01,560.0,700.0,1750.0,735.0,400.0,800.0,1061.6666666666667,596.3709695594993,1041.25,556.0210202861039,150.0,115.0,0.0,-3.599442421317421,4.168085888604616e-05,6.0309676936691755e-06,-2.4492935982947064e-16,1.0
bharuch,Mango,2005,12,1250.0,2,0.0,0.0,4.032628254820766e-05,2005-12-01,250.0,850.0,700.0,1750.0,1687.5,1000.0,1100.0,567.8908345800309,1116.25,476.9532209766488,400.0,-500.0,0.09999999999977263,-3.6994424213174213,4.800359189367147e-05,-4.456857058890457e-06,-2.4492935982947064e-16,1.0
surat,Mango,2005,12,590.0,2,0.0,0.0,4.3744927827790814e-05,2005-12-01,525.0,1250.0,850.0,700.0,975.0,737.5,933.3333333333334,284.31203515387307,1043.3333333333333,399.27016751401123,-660.0,-110.0,0.09999999999977263,-3.6994424213174213,4.032628254820766e-05,2.064068941744653e-06,-2.4492935982947064e-16,1.0
mahesana,Mango,2005,12,1300.0,1,0.0,0.0,4.517762331095258e-05,2005-12-01,1750.0,590.0,1250.0,850.0,735.0,986.6666666666666,896.6666666666666,332.4655370611173,979.1666666666666,441.18495743470953,710.0,450.0,0.09999999999977263,-3.6994424213174213,4.3744927827790814e-05,-2.8259685827188865e-06,-2.4492935982947064e-16,1.0
navsari,Mango,2005,12,560.0,3,0.1,0.0032258064516129,4.89539954783512e-05,2005-12-01,1256.25,1300.0,590.0,1250.0,1750.0,1625.0,1046.6666666666667,396.2743157628781,1073.3333333333333,438.9381125701738,-740.0,-690.0,0.0,-3.599442421317421,4.517762331095258e-05,8.627712930143534e-06,-2.4492935982947064e-16,1.0
gandhinagar,Mango,2005,12,250.0,1,0.0,0.0,4.441355680950603e-05,2005-12-01,1075.0,560.0,1300.0,590.0,700.0,700.0,816.6666666666666,418.8476254359539,875.0,326.4812398898284,-310.0,-340.0,0.09999999999977263,-3.6994424213174213,4.89539954783512e-05,6.686289817152167e-07,-2.4492935982947064e-16,1.0
girsomnath,Mango,2005,12,525.0,1,0.0,0.0,4.197262420000229e-05,2005-12-01,1333.3333333333333,250.0,560.0,1300.0,850.0,400.0,703.3333333333334,539.4750534856428,800.0,414.53588505701117,275.0,-775.0,0.09999999999977263,-3.6994424213174213,4.441355680950603e-05,-3.204999110950289e-06,-2.4492935982947064e-16,1.0
vadodara,Mango,2005,12,1750.0,1,0.0,0.0,4.7086623316867416e-05,2005-12-01,912.5,525.0,250.0,560.0,1250.0,1687.5,445.0,169.77926846350715,745.8333333333334,427.7197291061825,1225.0,1190.0,0.09999999999977263,-3.6994424213174213,4.197262420000229e-05,-1.8673721614837806e-06,-2.4492935982947064e-16,1.0
vadodara,Mango,2006,1,1256.25,4,0.0,0.0,4.448927239592277e-05,2006-01-01,1233.3333333333333,1750.0,525.0,250.0,590.0,975.0,841.6666666666666,798.5664238705112,829.1666666666666,570.4771394777063,-493.75,1006.25,0.0,-1.0126696832579185,4.7086623316867416e-05,7.571558641673637e-08,0.49999999999999994,0.8660254037844387
girsomnath,Mango,2006,1,1075.0,2,0.0,0.0,4.197262420000229e-05,2006-01-01,350.0,1256.25,1750.0,525.0,1300.0,735.0,1177.0833333333333,616.3252151529558,940.2083333333334,579.3856750185203,-181.25,550.0,0.0,-1.0126696832579185,4.448927239592277e-05,0.0,0.49999999999999994,0.8660254037844387
bharuch,Mango,2006,1,1333.3333333333333,3,0.0,0.0,3.700510186909669e-05,2006-01-01,350.0,1075.0,1256.25,1750.0,560.0,1750.0,1360.4166666666667,349.3483516968948,902.7083333333334,558.3404072934954,258.33333333333326,-416.66666666666674,0.0,-1.0126696832579185,4.197262420000229e-05,-1.0081521447770726e-05,0.49999999999999994,0.8660254037844387
navsari,Mango,2006,1,912.5,4,0.0,0.0,4.43536391871798e-05,2006-01-01,667.7142857142857,1333.3333333333333,1075.0,1256.25,250.0,700.0,1221.5277777777776,132.62070846899735,1031.5972222222222,552.6363844153129,-420.83333333333326,-343.75,0.0,-1.0126696832579185,3.700510186909669e-05,-1.35633208742965e-07,0.49999999999999994,0.8660254037844387
valsad,Mango,2006,1,1233.3333333333333,3,0.0,0.0,4.251151233419683e-05,2006-01-01,833.3333333333334,912.5,1333.3333333333333,1075.0,525.0,850.0,1106.9444444444443,212.22749411719315,1142.013888888889,414.0467982697215,320.83333333333326,158.33333333333326,0.0,-1.0126696832579185,4.43536391871798e-05,5.388881341945385e-07,0.49999999999999994,0.8660254037844387
anand,Mango,2006,1,350.0,1,0.0,0.0,5.5890404032387017e-05,2006-01-01,1162.5,1233.3333333333333,912.5,1333.3333333333333,1750.0,1250.0,1159.7222222222222,219.86159366832203,1260.0694444444443,283.26107125890223,-883.3333333333333,-983.3333333333333,0.0,-1.0126696832579185,4.251151233419683e-05,1.8885302163290326e-05,0.49999999999999994,0.8660254037844387
dahod,Mango,2006,1,350.0,1,0.0,0.0,4.060462671240584e-05,2006-01-01,1000.0,350.0,1233.3333333333333,912.5,1256.25,590.0,831.9444444444443,447.1424186907308,1026.736111111111,364.0637170143381,0.0,-562.5,0.0,-1.0126696832579185,5.5890404032387017e-05,-3.7490124747739613e-06,0.49999999999999994,0.8660254037844387
surat,Mango,2006,1,667.7142857142857,7,0.0,0.0,4.0029122421609145e-05,2006-01-01,675.0,350.0,350.0,1233.3333333333333,1075.0,1300.0,644.4444444444445,509.9927377841737,875.6944444444443,431.5380814490655,317.71428571428567,-565.6190476190476,0.0,-1.0126696832579185,4.060462671240584e-05,-2.482389912587685e-06,0.49999999999999994,0.8660254037844387
ahmadabad,Mango,2006,1,833.3333333333334,3,0.0,0.0,3.826173143042432e-05,2006-01-01,275.0,667.7142857142857,350.0,350.0,1333.3333333333333,560.0,455.9047619047619,183.43242838254494,807.813492063492,425.913530772842,165.6190476190477,483.33333333333337,0.0,-1.0126696832579185,4.0029122421609145e-05,-1.76286726019627e-05,0.49999999999999994,0.8660254037844387
valsad,Mango,2006,2,1162.5,2,0.0,0.0,3.72887274326328e-05,2006-02-01,1108.3333333333333,833.3333333333334,667.7142857142857,350.0,912.5,250.0,617.015873015873,245.62272811241667,724.4801587301587,343.4603821521296,329.16666666666663,812.5,0.0,-0.3375549656799657,3.826173143042432e-05,-3.3158992797730416e-06,0.8660254037844386,0.5000000000000001
bharuch,Mango,2006,2,1000.0,1,0.0,0.0,3.345568580600199e-05,2006-02-01,550.0,1162.5,833.3333333333334,667.7142857142857,1233.3333333333333,525.0,887.8492063492064,251.85752137532538,766.1468253968254,383.6452591936173,-162.5,332.28571428571433,0.0,-0.3375549656799657,3.72887274326328e-05,-6.573436615607153e-06,0.8660254037844386,0.5000000000000001
surat,Mango,2006,2,675.0,4,0.0,0.0,3.6307647090163e-05,2006-02-01,650.0,1000.0,1162.5,833.3333333333334,350.0,1750.0,998.611111111111,164.58772849266293,727.2579365079365,335.6392183606346,-325.0,-158.33333333333337,0.0,-0.3375549656799657,3.345568580600199e-05,-1.954084340261319e-06,0.8660254037844386,0.5000000000000001
anand,Mango,2006,2,275.0,1,0.0,0.0,5.587500160605964e-05,2006-02-01,987.5,675.0,1000.0,1162.5,350.0,1256.25,945.8333333333334,248.22285014344982,781.4246031746032,284.981262230296,-400.0,-887.5,0.0,-0.3375549656799657,3.6307647090163e-05,1.8586274173426842e-05,0.8660254037844386,0.5000000000000001
vadodara,Mango,2006,2,1108.3333333333333,3,0.0,0.0,4.0293514708280224e-05,2006-02-01,300.0,275.0,675.0,1000.0,667.7142857142857,1075.0,650.0,363.1459761583549,768.9246031746032,308.3740551953274,833.3333333333333,108.33333333333326,0.0,-0.3375549656799657,5.587500160605964e-05,6.8378289022782325e-06,0.8660254037844386,0.5000000000000001
ahmadabad,Mango,2006,2,550.0,2,0.0,0.0,3.3919413254241616e-05,2006-02-01,783.75,1108.3333333333333,275.0,675.0,833.3333333333334,1333.3333333333333,686.111111111111,416.7777629669176,842.361111111111,331.0800577347254,-558.3333333333333,-125.0,0.0,-0.3375549656799657,4.0293514708280224e-05,-2.3882338359213816e-06,0.8660254037844386,0.5000000000000001
girsomnath,Mango,2006,2,650.0,2,0.0,0.0,4.197262420000229e-05,2006-02-01,325.0,550.0,1108.3333333333333,275.0,1162.5,912.5,644.4444444444445,424.6185652158068,795.138888888889,352.1601658441891,100.0,375.0,0.0,-0.3375549656799657,3.3919413254241616e-05,-1.390237740605735e-05,0.8660254037844386,0.5000000000000001
navsari,Mango,2006,2,987.5,4,0.0,0.0,4.107532391819279e-05,2006-02-01,300.0,650.0,550.0,1108.3333333333333,1000.0,1233.3333333333333,769.4444444444443,297.71506387696206,709.7222222222223,304.11148662340185,337.5,-120.83333333333326,0.0,-0.3375549656799657,4.197262420000229e-05,7.818092099125634e-07,0.8660254037844386,0.5000000000000001
dahod,Mango,2006,2,300.0,2,0.0,0.0,3.386374736848841e-05,2006-02-01,733.3333333333334,987.5,650.0,550.0,675.0,350.0,729.1666666666666,229.24241172465827,707.638888888889,301.75892542570017,-687.5,-250.0,0.0,-0.3375549656799657,4.107532391819279e-05,-5.566588575320623e-08,0.8660254037844386,0.5000000000000001
navsari,Mango,2006,3,783.75,4,2.9,0.0935483870967742,4.36637898505013e-05,2006-03-01,1368.75,300.0,987.5,650.0,275.0,350.0,645.8333333333334,343.7689388722283,645.1388888888889,345.5311598212331,483.75,133.75,0.0,0.9913744343891402,3.386374736848841e-05,1.6911656504990088e-06,1.0,6.123233995736766e-17
dahod,Mango,2006,3,325.0,2,5.2,0.1677419354838709,2.8276550530012005e-05,2006-03-01,1200.0,783.75,300.0,987.5,1108.3333333333333,667.7142857142857,690.4166666666666,353.1251843657399,729.9305555555555,295.3070925920751,-458.75,-662.5,2.8999999999997725,3.2913744343891405,4.36637898505013e-05,-1.2798773388180783e-05,1.0,6.123233995736766e-17
anand,Mango,2006,3,300.0,1,4.4,0.1419354838709677,4.443506415731233e-05,2006-03-01,900.0,325.0,783.75,300.0,550.0,833.3333333333334,469.5833333333333,272.36330669408846,599.375,266.2866758777071,-25.0,0.0,8.099999999999772,2.4913744343891406,2.8276550530012005e-05,1.0571316788823917e-05,1.0,6.123233995736766e-17
ahmadabad,Mango,2006,3,733.3333333333334,3,4.7,0.1516129032258064,2.708774415098713e-05,2006-03-01,575.0,300.0,325.0,783.75,650.0,1162.5,469.5833333333333,272.36330669408846,557.7083333333334,293.7052270843433,433.33333333333337,-50.41666666666663,12.499999999999773,2.7913744343891405,4.443506415731233e-05,-1.657604569951417e-05,1.0,6.123233995736766e-17
vadodara,Mango,2006,3,1368.75,4,8.5,0.2741935483870967,3.670766685894824e-05,2006-03-01,1775.0,733.3333333333334,300.0,325.0,987.5,1000.0,452.7777777777778,243.28956988498214,571.5972222222223,300.826456138688,635.4166666666666,1043.75,14.299999999999773,6.59137443438914,2.708774415098713e-05,8.431116328936238e-06,1.0,6.123233995736766e-17
girsomnath,Mango,2006,3,1200.0,2,1.3,0.0419354838709677,4.197262420000229e-05,2006-03-01,734.1666666666666,1368.75,733.3333333333334,300.0,300.0,675.0,800.6944444444445,537.5497931285964,635.1388888888889,422.07462698051376,-168.75,900.0,17.599999999999774,-0.6086255656108597,3.670766685894824e-05,-2.4624399573100356e-06,1.0,6.123233995736766e-17
kheda,Mango,2006,3,900.0,1,7.5,0.2419354838709677,4.029531809566975e-05,2006-03-01,1250.0,1200.0,1368.75,733.3333333333334,783.75,275.0,1100.6944444444446,329.14249207994453,785.138888888889,438.7447899870038,-300.0,166.66666666666663,14.499999999999774,5.59137443438914,4.197262420000229e-05,1.320757394468262e-05,1.0,6.123233995736766e-17
valsad,Mango,2006,3,575.0,2,3.6,0.1161290322580645,3.803686648179106e-05,2006-03-01,612.5,900.0,1200.0,1368.75,325.0,1108.3333333333333,1156.25,237.41774891529002,804.513888888889,441.2309499087828,-325.0,-793.75,17.299999999999773,1.6913744343891404,4.029531809566975e-05,1.3291996228428194e-06,1.0,6.123233995736766e-17
bharuch,Mango,2006,3,1775.0,5,0.9,0.0290322580645161,3.108501638777036e-05,2006-03-01,736.0,575.0,900.0,1200.0,300.0,550.0,891.6666666666666,312.5833222251909,846.1805555555557,396.42152935377345,1200.0,575.0,12.399999999999773,-1.0086255656108598,3.803686648179106e-05,-1.0887607812231934e-05,1.0,6.123233995736766e-17
surat,Mango,2006,3,734.1666666666666,6,1.7999999999999998,0.0580645161290322,3.604161283978448e-05,2006-03-01,668.75,1775.0,575.0,900.0,733.3333333333334,650.0,1083.3333333333333,620.6515393788508,1092.013888888889,444.41834775813874,-1040.8333333333335,-165.83333333333337,11.999999999999773,-0.1086255656108599,3.108501638777036e-05,-4.253705255885269e-06,1.0,6.123233995736766e-17
girsomnath,Mango,2006,4,1250.0,2,0.0,0.0,4.197262420000229e-05,2006-04-01,2866.6666666666665,734.1666666666666,1775.0,575.0,1368.75,987.5,1028.0555555555554,651.7499591555517,1092.1527777777778,444.28394454406015,515.8333333333334,675.0,6.2999999999997724,-0.978716960352423,3.604161283978448e-05,3.9357577182112295e-06,0.8660254037844387,-0.4999999999999998
ahmadabad,Mango,2006,4,612.5,2,0.0,0.0,2.289987453545444e-05,2006-04-01,612.5,1250.0,734.1666666666666,1775.0,1200.0,300.0,1253.0555555555554,520.4233942274914,1072.361111111111,431.97235529688766,-637.5,-1162.5,2.6999999999997724,-0.978716960352423,4.197262420000229e-05,-8.185141852315918e-06,0.8660254037844387,-0.4999999999999998
surat,Mango,2006,4,736.0,5,0.0,0.0,3.481639617247509e-05,2006-04-01,1500.0,612.5,1250.0,734.1666666666666,900.0,783.75,865.5555555555555,338.4506501583309,974.4444444444443,462.7429291934326,123.5,1.8333333333333712,1.7999999999997724,-0.978716960352423,2.289987453545444e-05,-1.225216667309395e-06,0.8660254037844387,-0.4999999999999998
navsari,Mango,2006,4,668.75,4,0.0,0.0,4.05008799610316e-05,2006-04-01,700.0,736.0,612.5,1250.0,575.0,325.0,866.1666666666666,338.09626341226794,947.111111111111,472.7549478754721,-67.25,-581.25,0.0,-0.978716960352423,3.481639617247509e-05,-1.47174423897069e-06,0.8660254037844387,-0.4999999999999998
bharuch,Mango,2006,4,2866.6666666666665,3,0.0,0.0,2.8122256100108594e-05,2006-04-01,1200.0,668.75,736.0,612.5,1775.0,300.0,672.4166666666666,61.831592518210485,962.736111111111,459.3559815916994,2197.9166666666665,2254.1666666666665,0.0,-0.978716960352423,4.05008799610316e-05,5.222381564654156e-06,0.8660254037844387,-0.4999999999999998
kheda,Mango,2006,4,612.5,2,0.0,0.0,3.641381866379832e-05,2006-04-01,275.0,2866.6666666666665,668.75,736.0,734.1666666666666,733.3333333333334,1423.8055555555554,1250.0067120190179,1144.6805555555554,874.2534917425688,-2254.1666666666665,-123.5,0.0,-0.978716960352423,2.8122256100108594e-05,1.5974224913232292e-06,0.8660254037844387,-0.4999999999999998
dahod,Mango,2006,4,1500.0,1,0.0,0.0,2.5980887191516933e-05,2006-04-01,1168.75,612.5,2866.6666666666665,668.75,1250.0,1368.75,1382.6388888888887,1285.5134575480104,1124.4027777777776,886.9975423000315,887.5,831.25,0.0,-0.978716960352423,3.641381866379832e-05,-1.4519992769514668e-05,0.8660254037844387,-0.4999999999999998
valsad,Mango,2006,4,700.0,1,0.3,0.01,3.505084070030868e-05,2006-04-01,450.0,1500.0,612.5,2866.6666666666665,612.5,1200.0,1659.722222222222,1135.5396212732887,1166.0694444444443,899.8561156847161,-800.0,-2166.6666666666665,0.0,-0.678716960352423,2.5980887191516933e-05,6.928584600200089e-06,0.8660254037844387,-0.4999999999999998
vadodara,Mango,2006,4,1200.0,4,0.0,0.0,3.237601418044092e-05,2006-04-01,462.5,700.0,1500.0,612.5,736.0,900.0,937.5,489.09993866285026,1180.6527777777776,889.7427381250696,500.0,587.5,0.2999999999997726,-0.978716960352423,3.505084070030868e-05,-4.0378044833573945e-06,0.8660254037844387,-0.4999999999999998
anand,Mango,2006,5,275.0,1,0.3,0.0096774193548387,3.5577144430405964e-05,2006-05-01,1006.0,1200.0,700.0,1500.0,668.75,575.0,1133.3333333333333,404.1451884327425,1257.986111111111,863.1322327183752,-925.0,-1225.0,0.2999999999997726,-7.117019969278034,3.237601418044092e-05,9.596257238889031e-06,0.49999999999999994,-0.8660254037844387
vadodara,Mango,2006,5,1168.75,4,2.2,0.0709677419354838,2.8891250183432112e-05,2006-05-01,481.25,275.0,1200.0,700.0,2866.6666666666665,1775.0,725.0,463.00647943630776,1192.361111111111,929.3232927283203,893.75,468.75,0.5999999999997726,-5.2170199692780335,3.5577144430405964e-05,-6.159590516876571e-06,0.49999999999999994,-0.8660254037844387
ahmadabad,Mango,2006,5,450.0,1,1.6,0.0516129032258064,2.0453423769159177e-05,2006-05-01,625.0,1168.75,275.0,1200.0,612.5,734.1666666666666,881.25,525.2603521112211,909.375,454.96823378121627,-718.75,-750.0,2.4999999999997726,-5.817019969278034,2.8891250183432112e-05,-1.1922590411281746e-05,0.49999999999999994,-0.8660254037844387
valsad,Mango,2006,5,462.5,2,4.9,0.1580645161290322,3.516078246616426e-05,2006-05-01,2245.0,450.0,1168.75,275.0,1500.0,1250.0,631.25,473.6411484446893,882.2916666666666,480.30616320912026,12.5,187.5,4.099999999999772,-2.5170199692780333,2.0453423769159177e-05,-4.1636196424170554e-07,0.49999999999999994,-0.8660254037844387
girsomnath,Mango,2006,5,1006.0,2,0.1,0.0032258064516129,4.197262420000229e-05,2006-05-01,490.0,462.5,450.0,1168.75,700.0,612.5,693.75,411.40954352081354,709.375,392.10469743424284,543.5,-162.75,8.699999999999772,-7.317019969278034,3.516078246616426e-05,1.3081374016570179e-05,0.49999999999999994,-0.8660254037844387
navsari,Mango,2006,5,481.25,4,4.8,0.1548387096774193,4.021070915043305e-05,2006-05-01,758.3333333333334,1006.0,462.5,450.0,1200.0,736.0,639.5,317.4598399798063,760.375,410.12753351853763,-524.75,31.25,6.599999999999772,-2.617019969278034,4.197262420000229e-05,1.975728538127387e-05,0.49999999999999994,-0.8660254037844387
kheda,Mango,2006,5,625.0,1,0.3,0.0096774193548387,3.198108189744558e-05,2006-05-01,825.0,481.25,1006.0,462.5,275.0,668.75,649.9166666666666,308.51968467723015,640.5833333333334,357.64880353031475,143.75,162.5,9.799999999999773,-7.117019969278034,4.021070915043305e-05,-3.179700568718676e-06,0.49999999999999994,-0.8660254037844387
bharuch,Mango,2006,5,2245.0,5,3.3,0.1064516129032258,2.6144048785036827e-05,2006-05-01,500.0,625.0,481.25,1006.0,1168.75,2866.6666666666665,704.0833333333334,271.16650020483263,698.9166666666666,311.6852044397773,1620.0,1239.0,5.199999999999772,-4.117019969278034,3.198108189744558e-05,-1.5828575414965464e-05,0.49999999999999994,-0.8660254037844387
surat,Mango,2006,5,490.0,5,0.5,0.0161290322580645,3.4657769487221775e-05,2006-05-01,1283.3333333333333,2245.0,625.0,481.25,450.0,612.5,1117.0833333333333,979.4452617851276,878.2916666666666,701.7572660234207,-1755.0,8.75,8.399999999999771,-6.917019969278034,2.6144048785036827e-05,-5.552939663211272e-06,0.49999999999999994,-0.8660254037844387
valsad,Mango,2006,6,758.3333333333334,3,229.0,7.633333333333334,3.88992306145026e-05,2006-06-01,1556.0,490.0,2245.0,625.0,462.5,1500.0,1120.0,976.6140486394837,884.9583333333334,697.0489655803716,268.33333333333337,133.33333333333337,4.099999999999772,103.16690217391304,3.4657769487221775e-05,6.9181487170570175e-06,1.2246467991473532e-16,-1.0
ahmadabad,Mango,2006,6,825.0,2,112.9,3.7633333333333336,2.0978812192369733e-05,2006-06-01,1833.3333333333333,758.3333333333334,490.0,2245.0,1006.0,700.0,1164.4444444444446,945.3575651180508,934.2638888888888,671.1725445001011,66.66666666666663,-1420.0,232.79999999999978,-12.93309782608695,3.88992306145026e-05,-5.165236592667094e-06,1.2246467991473532e-16,-1.0
dahod,Mango,2006,6,500.0,1,82.10000000000001,2.736666666666667,3.1957892403049995e-05,2006-06-01,833.3333333333334,825.0,758.3333333333334,490.0,481.25,1200.0,691.1111111111112,177.3284251618301,904.0972222222222,671.3710276091473,-325.0,10.0,342.39999999999975,-43.73309782608695,2.0978812192369733e-05,-2.6998770841717796e-06,1.2246467991473532e-16,-1.0
vadodara,Mango,2006,6,1283.3333333333333,3,144.6,4.819999999999999,3.219249835880853e-05,2006-06-01,750.0,500.0,825.0,758.3333333333334,625.0,275.0,694.4444444444445,171.6612728386837,907.2222222222222,669.0487996374372,783.3333333333333,524.9999999999999,423.9999999999998,18.76690217391304,3.1957892403049995e-05,-6.7067322556940684e-06,1.2246467991473532e-16,-1.0
girsomnath,Mango,2006,6,1556.0,2,96.1,3.203333333333333,4.197262420000229e-05,2006-06-01,666.6666666666666,1283.3333333333333,500.0,825.0,2245.0,1168.75,869.4444444444443,393.5533753625593,1016.9444444444443,667.4890067065327,272.66666666666674,731.0,339.5999999999998,-29.73309782608696,3.219249835880853e-05,2.0993812007632558e-05,1.2246467991473532e-16,-1.0
bharuch,Mango,2006,6,1833.3333333333333,3,110.0,3.6666666666666665,2.528181799275738e-05,2006-06-01,1656.25,1556.0,1283.3333333333333,500.0,490.0,450.0,1113.111111111111,548.1931262827981,902.111111111111,431.52013815073457,277.33333333333326,1333.3333333333333,322.7999999999998,-15.833097826086956,4.197262420000229e-05,-6.6760744102926165e-06,1.2246467991473532e-16,-1.0
navsari,Mango,2006,6,833.3333333333334,3,184.5,6.15,4.287324937373368e-05,2006-06-01,785.0,1833.3333333333333,1556.0,1283.3333333333333,758.3333333333334,462.5,1557.5555555555554,275.00329964351084,1126.0,515.2921501439739,-999.9999999999999,-449.9999999999999,350.69999999999976,58.666902173913044,2.528181799275738e-05,1.0680751014925148e-05,1.2246467991473532e-16,-1.0
gandhinagar,Mango,2006,6,750.0,1,125.6,4.1866666666666665,3.265510871539489e-05,2006-06-01,1800.0,833.3333333333334,1833.3333333333333,1556.0,825.0,1006.0,1407.5555555555557,516.2623507624961,1138.5,505.40429361057045,-83.33333333333337,-806.0,390.5999999999998,-0.2330978260869614,4.287324937373368e-05,-9.317515484607398e-06,1.2246467991473532e-16,-1.0
surat,Mango,2006,6,666.6666666666666,6,117.7,3.923333333333333,3.90324021349918e-05,2006-06-01,2375.0,750.0,833.3333333333334,1833.3333333333333,500.0,481.25,1138.888888888889,602.8481781725228,1126.0,515.5346739066149,-83.33333333333337,-1166.6666666666665,420.0999999999998,-8.133097826086953,3.265510871539489e-05,1.375058414223442e-05,1.2246467991473532e-16,-1.0
vadodara,Mango,2006,7,1656.25,4,576.2,18.58709677419355,1.859077367272428e-05,2006-07-01,416.6666666666667,666.6666666666666,750.0,833.3333333333334,1283.3333333333333,625.0,750.0,83.3333333333572,1153.7777777777778,478.1969220899441,989.5833333333334,822.9166666666666,427.7999999999998,204.77075991189434,3.90324021349918e-05,-2.42824757010094e-05,-0.4999999999999997,-0.8660254037844388
surat,Mango,2006,7,785.0,5,534.8,17.251612903225805,2.266035983683774e-05,2006-07-01,1937.5,1656.25,666.6666666666666,750.0,1556.0,2245.0,1024.3055555555554,548.8637779624953,1215.9305555555557,520.7451136397052,-871.25,35.0,819.4999999999999,163.37075991189425,1.859077367272428e-05,-9.994748878557154e-06,-0.4999999999999997,-0.8660254037844388
dahod,Mango,2006,7,1800.0,1,697.3,22.493548387096773,2.13502170521292e-05,2006-07-01,1375.0,785.0,1656.25,666.6666666666666,1833.3333333333333,490.0,1035.9722222222222,540.4249121276259,1087.4305555555557,515.1422684200576,1015.0,1133.3333333333335,1228.6999999999998,325.87075991189425,2.266035983683774e-05,-1.7682185082862598e-05,-0.4999999999999997,-0.8660254037844388
bharuch,Mango,2006,7,2375.0,2,447.4,14.432258064516128,1.6842375184532465e-05,2006-07-01,400.0,1800.0,785.0,1656.25,833.3333333333334,758.3333333333334,1413.75,549.2366862291742,1081.875,505.58023253265895,575.0,718.75,1808.2999999999997,75.97075991189428,2.13502170521292e-05,-1.7483984881918162e-06,-0.4999999999999997,-0.8660254037844388
navsari,Mango,2006,7,416.6666666666667,3,658.6999999999999,21.24838709677419,2.86433507546683e-05,2006-07-01,400.0,2375.0,1800.0,785.0,750.0,825.0,1653.3333333333333,805.0828114755263,1338.8194444444446,706.021738760112,-1958.3333333333333,-368.3333333333333,1679.5,287.27075991189423,1.6842375184532465e-05,5.9829909178305625e-06,-0.4999999999999997,-0.8660254037844388
valsad,Mango,2006,7,1937.5,2,744.6,24.01935483870968,2.7267563486073182e-05,2006-07-01,675.0,416.6666666666667,2375.0,1800.0,666.6666666666666,500.0,1530.5555555555557,1006.5871013442388,1283.263888888889,771.6828839488599,1520.8333333333333,137.5,1803.3999999999996,373.1707599118943,2.86433507546683e-05,5.917346433943982e-06,-0.4999999999999997,-0.8660254037844388
girsomnath,Mango,2006,7,1375.0,1,426.6,13.761290322580646,4.197262420000229e-05,2006-07-01,1162.5,1937.5,416.6666666666667,2375.0,1656.25,1283.3333333333333,1576.388888888889,1027.8950758890917,1495.0694444444443,742.4467066857517,-562.5,-1000.0,1850.6999999999998,55.17075991189432,2.7267563486073182e-05,2.5130249015469826e-05,-0.4999999999999997,-0.8660254037844388
gandhinagar,Mango,2006,7,400.0,1,939.4,30.30322580645161,3.136146434456162e-05,2006-07-01,678.6666666666666,1375.0,1937.5,416.6666666666667,785.0,1556.0,1243.0555555555557,768.9541659027951,1448.1944444444443,739.1061449605994,-975.0,-16.666666666666686,1829.8999999999999,567.9707599118942,4.197262420000229e-05,2.7181135898933203e-06,-0.4999999999999997,-0.8660254037844388
gandhinagar,Mango,2006,8,400.0,1,522.0,16.838709677419356,4.158313940034024e-05,2006-08-01,3250.0,400.0,1375.0,1937.5,1800.0,1833.3333333333333,1237.5,777.9178941250831,1384.0277777777776,820.4352531611678,0.0,-1537.5,2110.6,214.8179891304348,3.136146434456162e-05,1.4315575914267059e-05,-0.8660254037844384,-0.5000000000000004
ahmadabad,Mango,2006,8,675.0,2,588.0,18.967741935483872,3.0267156518329703e-05,2006-08-01,1712.5,400.0,400.0,1375.0,2375.0,833.3333333333334,725.0,562.9165124598877,1150.6944444444446,875.6918561068451,275.0,-700.0,1888.0,280.8179891304348,4.158313940034024e-05,-1.1705467681672588e-05,-0.8660254037844384,-0.5000000000000004
girsomnath,Mango,2006,8,1162.5,2,277.3,8.94516129032258,4.197262420000229e-05,2006-08-01,450.0,675.0,400.0,400.0,416.6666666666667,750.0,491.6666666666667,158.7713240271548,867.3611111111112,644.9613288723131,487.5,762.5,2049.4,-29.882010869565192,3.0267156518329703e-05,1.061115985544067e-05,-0.8660254037844384,-0.5000000000000004
surat,Mango,2006,8,678.6666666666666,6,248.5,8.016129032258064,4.345398140158199e-05,2006-08-01,1575.0,1162.5,675.0,400.0,1937.5,666.6666666666666,745.8333333333334,386.1535748032592,991.6666666666666,611.7427291489995,-483.83333333333337,278.66666666666663,1387.3,-58.682010869565204,4.197262420000229e-05,1.8708420012417476e-06,-0.8660254037844384,-0.5000000000000004
bharuch,Mango,2006,8,3250.0,2,272.4,8.787096774193548,3.5661825256421186e-05,2006-08-01,850.0,678.6666666666666,1162.5,675.0,1375.0,1656.25,838.7222222222222,280.4057740991638,781.861111111111,402.592576195099,2571.3333333333335,2575.0,1113.8,-34.78201086956523,4.345398140158199e-05,5.394668738091483e-06,-0.8660254037844384,-0.5000000000000004
vadodara,Mango,2006,8,1712.5,4,504.3,16.267741935483873,4.055328161620248e-05,2006-08-01,950.0,3250.0,678.6666666666666,1162.5,400.0,785.0,1697.0555555555554,1366.4739328868532,1094.361111111111,1092.1870027948848,-1537.5,550.0,798.1999999999998,197.1179891304348,3.5661825256421186e-05,-1.4193425837998101e-06,-0.8660254037844384,-0.5000000000000004
dahod,Mango,2006,8,450.0,1,535.0,17.258064516129032,4.284692950860874e-05,2006-08-01,1525.0,1712.5,3250.0,678.6666666666666,400.0,1800.0,1880.3888888888887,1293.8619659905928,1313.111111111111,1056.1449903970292,-1262.5,-228.66666666666663,1025.1999999999998,227.8179891304348,4.055328161620248e-05,-6.070518929732519e-07,-0.8660254037844384,-0.5000000000000004
valsad,Mango,2006,8,1575.0,2,785.1,25.325806451612905,4.397649439653969e-05,2006-08-01,500.0,450.0,1712.5,3250.0,675.0,2375.0,1804.1666666666667,1402.2489377187412,1321.4444444444443,1047.6624862927874,1125.0,-1675.0,1311.6999999999998,477.9179891304348,4.284692950860874e-05,8.314669140118506e-06,-0.8660254037844384,-0.5000000000000004
navsari,Mango,2006,8,850.0,2,630.7,20.345161290322583,4.975487111459224e-05,2006-08-01,475.0,1575.0,450.0,1712.5,1162.5,416.6666666666667,1245.8333333333333,692.632357988953,1471.4444444444443,999.9383406916576,-725.0,-862.5,1824.3999999999999,323.51798913043484,4.397649439653969e-05,9.201589498389761e-06,-0.8660254037844384,-0.5000000000000004
valsad,Mango,2006,9,950.0,2,113.9,3.796666666666667,6.69282822976361e-05,2006-09-01,731.6666666666666,850.0,1575.0,450.0,678.6666666666666,1937.5,958.3333333333334,570.2704036975236,1419.361111111111,1027.020341769046,100.0,500.0,1950.8,-92.67303042328044,4.975487111459224e-05,2.4081352789027357e-05,-1.0,-1.8369701987210297e-16
vadodara,Mango,2006,9,1525.0,2,157.3,5.243333333333334,5.98098344775607e-05,2006-09-01,500.0,950.0,850.0,1575.0,3250.0,1375.0,1125.0,392.90584113754727,1464.5833333333333,993.3030965755955,575.0,-50.0,1529.7,-49.27303042328043,6.69282822976361e-05,1.5833340081021004e-05,-1.0,-1.8369701987210297e-16
dahod,Mango,2006,9,500.0,1,162.1,5.403333333333333,6.272447723657778e-05,2006-09-01,1107.5,1525.0,950.0,850.0,1712.5,400.0,1108.3333333333333,364.2915499065781,1177.0833333333333,500.6506183624132,-1025.0,-350.0,901.9,-44.47303042328045,5.98098344775607e-05,1.2969606121985533e-05,-1.0,-1.8369701987210297e-16
girsomnath,Mango,2006,9,475.0,2,124.3,4.1433333333333335,4.197262420000229e-05,2006-09-01,1750.0,500.0,1525.0,950.0,450.0,400.0,991.6666666666666,513.7687547266149,975.0,485.7983120596446,-25.0,-475.0,433.2999999999999,-82.27303042328045,6.272447723657778e-05,-2.4955658097633802e-05,-1.0,-1.8369701987210297e-16
surat,Mango,2006,9,731.6666666666666,3,113.4,3.78,6.0035661609966455e-05,2006-09-01,600.0,475.0,500.0,1525.0,1575.0,675.0,833.3333333333334,599.1313156006254,979.1666666666666,480.4728573672674,256.66666666666663,-793.3333333333334,443.6999999999999,-93.17303042328044,4.197262420000229e-05,2.2582713240575862e-07,-1.0,-1.8369701987210297e-16
gandhinagar,Mango,2006,9,500.0,1,180.2,6.006666666666667,5.8243672989358914e-05,2006-09-01,1750.0,731.6666666666666,475.0,500.0,850.0,1162.5,568.8888888888888,141.5228027693982,838.6111111111112,385.2205957726133,-231.66666666666663,0.0,399.79999999999984,-26.373030423280454,6.0035661609966455e-05,-4.480804247218862e-06,-1.0,-1.8369701987210297e-16
navsari,Mango,2006,9,1107.5,2,104.0,3.466666666666667,6.877188736012929e-05,2006-09-01,337.5,500.0,731.6666666666666,475.0,950.0,678.6666666666666,568.8888888888888,141.5228027693982,780.2777777777777,408.9219114080698,607.5,632.5,417.89999999999986,-102.57303042328044,5.8243672989358914e-05,2.6799263160126996e-05,-1.0,-1.8369701987210297e-16
bharuch,Mango,2006,9,1750.0,1,169.9,5.663333333333333,4.81017339999906e-05,2006-09-01,500.0,1107.5,500.0,731.6666666666666,1525.0,3250.0,779.7222222222222,306.5877766885327,806.5277777777777,426.66615125836887,642.5,1018.3333333333334,397.59999999999985,-36.67303042328044,6.877188736012929e-05,-1.1933927609975854e-05,-1.0,-1.8369701987210297e-16
ahmadabad,Mango,2006,9,600.0,2,114.0,3.8,4.3589307496655816e-05,2006-09-01,1750.0,1750.0,1107.5,500.0,500.0,1712.5,1119.1666666666667,625.0816613318111,844.0277777777777,505.11781262357925,-1150.0,100.0,454.0999999999999,-92.57303042328044,4.81017339999906e-05,-1.4654365492703098e-05,-1.0,-1.8369701987210297e-16
girsomnath,Mango,2006,10,1750.0,2,0.0,0.0,4.197262420000229e-05,2006-10-01,325.0,600.0,1750.0,1107.5,475.0,450.0,1152.5,576.319139019349,860.6944444444443,493.0005681388054,1150.0,642.5,387.89999999999986,-34.48738938053097,4.3589307496655816e-05,-2.6799263160126996e-05,-0.8660254037844386,0.5000000000000001
valsad,Mango,2006,10,337.5,2,18.9,0.6096774193548388,6.463678725965572e-05,2006-10-01,750.0,1750.0,600.0,1750.0,731.6666666666666,1575.0,1366.6666666666667,663.9528095680729,1073.1944444444443,563.2786996847285,-1412.5,-1412.5,283.89999999999986,-15.587389380530972,4.197262420000229e-05,1.653505325966512e-05,-0.8660254037844386,0.5000000000000001
ahmadabad,Mango,2006,10,500.0,1,0.0,0.0,3.840154487867378e-05,2006-10-01,1200.0,337.5,1750.0,600.0,500.0,850.0,895.8333333333334,751.2836237622488,1007.5,630.0991985394045,162.5,-100.0,132.8999999999999,-34.48738938053097,6.463678725965572e-05,-5.187762617982039e-06,-0.8660254037844386,0.5000000000000001
bharuch,Mango,2006,10,1750.0,4,1.6,0.0516129032258064,4.56027417377621e-05,2006-10-01,1525.0,500.0,337.5,1750.0,1107.5,950.0,862.5,772.8801653555374,1007.5,630.0991985394045,1250.0,0.0,18.899999999999885,-32.88738938053097,3.840154487867378e-05,3.6301175377598095e-06,-0.8660254037844386,0.5000000000000001
kheda,Mango,2006,10,325.0,1,0.0,0.0,4.839997358250681e-05,2006-10-01,796.25,1750.0,500.0,337.5,1750.0,1525.0,862.5,772.8801653555374,1114.5833333333333,701.089182391703,-1425.0,-12.5,20.499999999999886,-34.48738938053097,4.56027417377621e-05,-1.623681367714891e-05,-0.8660254037844386,0.5000000000000001
gandhinagar,Mango,2006,10,750.0,1,0.0,0.0,4.884756458570902e-05,2006-10-01,897.3333333333334,325.0,1750.0,500.0,600.0,500.0,858.3333333333334,777.1475621356192,877.0833333333334,683.9415484284211,425.0,250.0,1.5999999999998864,-34.48738938053097,4.839997358250681e-05,1.044601970703524e-05,-0.8660254037844386,0.5000000000000001
navsari,Mango,2006,10,1200.0,2,7.6,0.2451612903225806,6.434988902146513e-05,2006-10-01,875.0,750.0,325.0,1750.0,1750.0,475.0,941.6666666666666,731.5793417896219,902.0833333333334,674.4635213758164,450.0,-550.0,1.5999999999998864,-26.88738938053097,4.884756458570902e-05,1.874714728370303e-05,-0.8660254037844386,0.5000000000000001
vadodara,Mango,2006,10,1525.0,4,0.8,0.0258064516129032,5.414447349677499e-05,2006-10-01,2791.6666666666665,1200.0,750.0,325.0,337.5,731.6666666666666,758.3333333333334,437.5595197608388,810.4166666666666,564.6025519484183,325.0,1200.0,7.599999999999886,-33.68738938053097,6.434988902146513e-05,5.744499914268176e-06,-0.8660254037844386,0.5000000000000001
surat,Mango,2006,10,796.25,4,4.8,0.1548387096774193,5.6547954896853855e-05,2006-10-01,800.0,1525.0,1200.0,750.0,500.0,500.0,1158.3333333333333,389.1764809611918,1008.3333333333334,573.7304826019501,-728.75,46.25,8.399999999999887,-29.68738938053097,5.414447349677499e-05,7.700390311144839e-06,-0.8660254037844386,0.5000000000000001
surat,Mango,2006,11,897.3333333333334,3,2.8000000000000003,0.0933333333333333,5.127918774681046e-05,2006-11-01,700.0,796.25,1525.0,1200.0,1750.0,1107.5,1173.75,365.0834664840407,1057.7083333333333,532.5002445226356,101.08333333333337,-302.66666666666663,13.199999999999886,-6.995056689342402,5.6547954896853855e-05,-1.3070701274654675e-05,-0.5000000000000004,0.8660254037844384
navsari,Mango,2006,11,875.0,2,0.9,0.03,5.653661214812219e-05,2006-11-01,500.0,897.3333333333334,796.25,1525.0,325.0,1750.0,1072.861111111111,394.81215939191526,915.5972222222222,410.6242889953818,-22.33333333333337,-650.0,8.399999999999887,-8.895056689342402,5.127918774681046e-05,2.3921386513472056e-06,-0.5000000000000004,0.8660254037844384
bharuch,Mango,2006,11,2791.6666666666665,3,4.1,0.1366666666666666,4.420496426841148e-05,2006-11-01,1035.0,875.0,897.3333333333334,796.25,750.0,600.0,856.1944444444445,53.10081693591958,1007.2638888888888,298.492184974315,1916.6666666666665,1995.4166666666665,8.499999999999886,-5.695056689342403,5.653661214812219e-05,-1.2342990628442373e-05,-0.5000000000000004,0.8660254037844384
ahmadabad,Mango,2006,11,800.0,1,0.2,0.0066666666666666,3.518817983120915e-05,2006-11-01,1390.0,2791.6666666666665,875.0,897.3333333333334,1200.0,1750.0,1521.3333333333333,1100.1976085130261,1347.5416666666667,757.4513437802093,-1991.6666666666665,-97.33333333333337,7.799999999999886,-9.595056689342403,4.420496426841148e-05,-1.6091007915601306e-05,-0.5000000000000004,0.8660254037844384
kheda,Mango,2006,11,700.0,1,0.0,0.0,4.548471434126606e-05,2006-11-01,850.0,800.0,2791.6666666666665,875.0,1525.0,337.5,1488.8888888888887,1128.861684930314,1280.875,789.9404227710961,-100.0,-175.0,5.1999999999998865,-9.795056689342402,3.518817983120915e-05,-1.1051897806856135e-05,-0.5000000000000004,0.8660254037844384
girsomnath,Mango,2006,11,500.0,1,0.0,0.0,4.197262420000229e-05,2006-11-01,700.0,700.0,800.0,2791.6666666666665,796.25,500.0,1430.5555555555554,1179.816762295144,1143.375,810.482647271228,-200.0,-2291.6666666666665,4.299999999999886,-9.795056689342402,4.548471434126606e-05,-2.2323400684091913e-06,-0.5000000000000004,0.8660254037844384
valsad,Mango,2006,11,1035.0,3,1.1,0.0366666666666666,5.588331090381413e-05,2006-11-01,450.0,500.0,700.0,800.0,897.3333333333334,1750.0,666.6666666666666,152.7525231652017,1094.0,844.1823131159393,535.0,235.0,0.19999999999988632,-8.695056689342403,4.197262420000229e-05,2.0695131072604977e-05,-0.5000000000000004,0.8660254037844384
vadodara,Mango,2006,11,1390.0,5,2.2,0.0733333333333333,5.1342340730859134e-05,2006-11-01,1920.0,1035.0,500.0,700.0,875.0,325.0,745.0,270.3238798182697,1116.9444444444446,839.6265152942618,355.0,690.0,1.0999999999998864,-7.595056689342402,5.588331090381413e-05,5.857626389593076e-06,-0.5000000000000004,0.8660254037844384
valsad,Mango,2006,12,850.0,2,0.0,0.0,4.814542406891051e-05,2006-12-01,1150.0,1390.0,1035.0,500.0,2791.6666666666665,750.0,975.0,448.0234368869589,1202.7777777777778,836.2632936439913,-540.0,350.0,3.2999999999998866,-3.6994424213174213,5.1342340730859134e-05,6.172799868908217e-06,-2.4492935982947064e-16,1.0
navsari,Mango,2006,12,700.0,2,0.0,0.0,4.984073363800681e-05,2006-12-01,750.0,850.0,1390.0,1035.0,800.0,1200.0,1091.6666666666667,274.42363843761063,879.1666666666666,306.0133439356305,-150.0,-335.0,3.2999999999998866,-3.6994424213174213,4.814542406891051e-05,-6.04257726580732e-06,-2.4492935982947064e-16,1.0
dahod,Mango,2006,12,450.0,1,0.0,0.0,4.468702853569159e-05,2006-12-01,912.3333333333334,700.0,850.0,1390.0,700.0,1525.0,980.0,362.904946232485,862.5,313.81124900168857,-250.0,-940.0,2.1999999999998865,-3.6994424213174213,4.984073363800681e-05,-6.655312195167541e-06,-2.4492935982947064e-16,1.0
bharuch,Mango,2006,12,1920.0,5,0.0,0.0,4.098811729052027e-05,2006-12-01,1675.0,450.0,700.0,850.0,500.0,796.25,666.6666666666666,202.0725942163739,820.8333333333334,353.75721429628317,1470.0,1070.0,0.0,-3.6994424213174213,4.468702853569159e-05,-7.157306778390241e-06,-2.4492935982947064e-16,1.0
vadodara,Mango,2006,12,1150.0,4,0.0,0.0,4.705851675787907e-05,2006-12-01,665.0,1920.0,450.0,700.0,1035.0,897.3333333333334,1023.3333333333334,786.5324744302275,1057.5,528.1832068515621,-770.0,450.0,0.0,-3.6994424213174213,4.098811729052027e-05,-2.7822168801277364e-06,-2.4492935982947064e-16,1.0
gandhinagar,Mango,2006,12,750.0,1,0.0,0.0,4.591823844069462e-05,2006-12-01,1560.0,1150.0,1920.0,450.0,1390.0,875.0,1173.3333333333333,735.2777253074764,1076.6666666666667,529.2888310428124,-400.0,300.0,0.0,-3.6994424213174213,4.705851675787907e-05,1.231209905003029e-06,-2.4492935982947064e-16,1.0
surat,Mango,2006,12,912.3333333333334,3,0.0,0.0,4.4971614051727726e-05,2006-12-01,3250.0,750.0,1150.0,1920.0,850.0,2791.6666666666665,1273.3333333333333,594.6707772653176,970.0,517.880295048962,162.33333333333337,-1007.6666666666666,0.0,-3.6994424213174213,4.591823844069462e-05,3.983496761207458e-06,-2.4492935982947064e-16,1.0
girsomnath,Mango,2006,12,1675.0,1,0.0,0.0,4.197262420000229e-05,2006-12-01,2083.333333333333,912.3333333333334,750.0,1150.0,700.0,800.0,937.4444444444445,201.17884065161667,980.3888888888888,515.6118443888523,762.6666666666666,525.0,0.0,-3.6994424213174213,4.4971614051727726e-05,-5.08589255787678e-06,-2.4492935982947064e-16,1.0
kheda,Mango,2006,12,665.0,1,0.0,0.0,4.785380378745483e-05,2006-12-01,1225.0,1675.0,912.3333333333334,750.0,450.0,700.0,1112.4444444444446,493.9024120133407,1142.888888888889,561.1964071583205,-1010.0,-85.0,0.0,-3.6994424213174213,4.197262420000229e-05,1.9355653467602112e-06,-2.4492935982947064e-16,1.0
vadodara,Mango,2007,1,1560.0,5,0.0,0.0,4.404536554912896e-05,2007-01-01,1625.0,665.0,1675.0,912.3333333333334,1920.0,500.0,1084.111111111111,526.455794633991,1178.7222222222224,512.8909529613774,895.0,647.6666666666666,0.0,-1.0126696832579185,4.785380378745483e-05,-9.262485025987656e-07,0.49999999999999994,0.8660254037844387
valsad,Mango,2007,1,3250.0,2,1.9,0.0612903225806451,4.268935513854753e-05,2007-01-01,650.0,1560.0,665.0,1675.0,1150.0,1035.0,1300.0,552.9240454167315,1118.7222222222224,421.7974983681503,1690.0,1575.0,0.0,0.8873303167420814,4.404536554912896e-05,7.167309385452364e-07,0.49999999999999994,0.8660254037844387
navsari,Mango,2007,1,2083.333333333333,3,0.8,0.0258064516129032,4.500538733907175e-05,2007-01-01,1100.0,3250.0,1560.0,665.0,750.0,1390.0,1825.0,1312.7166487860222,1468.7222222222224,969.116330975267,-1166.666666666667,1418.333333333333,1.8999999999998862,-0.21266968325791846,4.268935513854753e-05,-2.848416448383079e-06,0.49999999999999994,0.8660254037844387
mahesana,Mango,2007,1,1225.0,2,1.6,0.0516129032258064,5.0450334731881535e-05,2007-01-01,855.0,2083.333333333333,3250.0,1560.0,912.3333333333334,850.0,2297.777777777778,865.1675067955462,1690.9444444444443,923.1274238915998,-858.333333333333,-335.0,2.6999999999998865,0.5873303167420816,4.500538733907175e-05,6.404969182752575e-06,0.49999999999999994,0.8660254037844387
girsomnath,Mango,2007,1,1625.0,1,0.0,0.0,4.197262420000229e-05,2007-01-01,2050.0,1225.0,2083.333333333333,3250.0,1675.0,700.0,2186.111111111111,1016.4047932313728,1743.0555555555554,878.111241160169,400.0,-1625.0,4.299999999999886,-1.0126696832579185,5.0450334731881535e-05,-7.167309385452364e-07,0.49999999999999994,0.8660254037844387
dahod,Mango,2007,1,650.0,1,0.0,0.0,4.2641126924138606e-05,2007-01-01,2225.0,1625.0,1225.0,2083.333333333333,665.0,450.0,1644.4444444444443,429.4969063830339,1734.722222222222,879.1229320348948,-975.0,-1433.333333333333,2.3999999999998867,-1.0126696832579185,4.197262420000229e-05,-2.3642604149331475e-06,0.49999999999999994,0.8660254037844387
kachchh,Mango,2007,1,1100.0,1,0.0,0.0,2.2042187320852924e-05,2007-01-01,950.0,650.0,1625.0,1225.0,1560.0,1920.0,1166.6666666666667,490.1105317510895,1732.222222222222,882.787042815516,450.0,-125.0,1.5999999999998864,-1.0126696832579185,4.2641126924138606e-05,-2.840814741102861e-05,0.49999999999999994,0.8660254037844387
surat,Mango,2007,1,855.0,3,1.1,0.0354838709677419,4.087655686890512e-05,2007-01-01,1001.6666666666666,1100.0,650.0,1625.0,3250.0,1150.0,1125.0,487.9805323985807,1655.5555555555554,919.9285398978114,-245.0,-770.0,0.0,0.08733031674208158,2.2042187320852924e-05,-1.0960673310971705e-06,0.49999999999999994,0.8660254037844387
amreli,Mango,2007,1,2050.0,1,0.0,0.0,3.872536986883249e-05,2007-01-01,1786.25,855.0,1100.0,650.0,2083.333333333333,750.0,868.3333333333334,225.29610146057723,1256.3888888888887,524.2088394975879,1195.0,1400.0,1.0999999999998864,-1.0126696832579185,4.087655686890512e-05,-3.915757055306118e-06,0.49999999999999994,0.8660254037844387
bharuch,Mango,2007,1,2225.0,5,0.0,0.0,3.7653563589790864e-05,2007-01-01,2475.0,2050.0,855.0,1100.0,1225.0,912.3333333333334,1335.0,631.2091570945425,1250.8333333333333,513.7646997085993,175.0,1125.0,1.0999999999998864,-1.0126696832579185,3.872536986883249e-05,1.561137626893794e-05,0.49999999999999994,0.8660254037844387
vadodara,Mango,2007,2,950.0,4,0.8,0.0285714285714285,4.19231451217224e-05,2007-02-01,1725.0,2225.0,2050.0,855.0,1625.0,1675.0,1710.0,745.6037821792512,1417.5,648.2958429606045,-1275.0,95.0,1.0999999999998864,0.46244503432003436,3.7653563589790864e-05,1.0465882528172763e-06,0.8660254037844386,0.5000000000000001
navsari,Mango,2007,2,1001.6666666666666,3,0.4,0.0142857142857142,4.2602729597896994e-05,2007-02-01,1100.0,950.0,2225.0,2050.0,650.0,665.0,1741.6666666666667,691.1644763248019,1305.0,663.4756966159354,51.66666666666663,-1048.3333333333335,0.7999999999998864,0.06244503432003434,4.19231451217224e-05,3.877359729064506e-06,0.8660254037844386,0.5000000000000001
bharuch,Mango,2007,2,1786.25,4,1.6,0.0571428571428571,3.534453620926109e-05,2007-02-01,800.0,1001.6666666666666,950.0,2225.0,1100.0,1560.0,1392.2222222222224,721.6692327385757,1363.611111111111,607.1860566641893,784.5833333333334,-438.75,1.1999999999998865,1.2624450343200344,4.2602729597896994e-05,-2.309027380529777e-06,0.8660254037844386,0.5000000000000001
valsad,Mango,2007,2,2475.0,2,2.1,0.075,3.868760964421957e-05,2007-02-01,1400.0,1786.25,1001.6666666666666,950.0,855.0,3250.0,1245.9722222222222,468.6068917349424,1477.986111111111,612.2119740395545,688.75,1525.0,2.7999999999998866,1.7624450343200344,3.534453620926109e-05,-3.2355354775028255e-06,0.8660254037844386,0.5000000000000001
girsomnath,Mango,2007,2,1725.0,1,0.4,0.0142857142857142,4.197262420000229e-05,2007-02-01,2062.5,2475.0,1786.25,1001.6666666666666,2050.0,2083.333333333333,1754.3055555555554,737.1859422329825,1747.986111111111,639.1466976816891,-750.0,723.3333333333334,4.099999999999887,0.06244503432003434,3.868760964421957e-05,-6.301053978947024e-07,0.8660254037844386,0.5000000000000001
mahesana,Mango,2007,2,1100.0,1,0.6,0.0214285714285714,4.6337931759311634e-05,2007-02-01,2900.0,1725.0,2475.0,1786.25,2225.0,1225.0,1995.4166666666667,416.458906536213,1693.8194444444443,621.9733613817554,-625.0,-686.25,4.099999999999887,0.2624450343200343,4.197262420000229e-05,1.0993395550050546e-05,0.8660254037844386,0.5000000000000001
surat,Mango,2007,2,800.0,2,1.6,0.0571428571428571,3.801126119998869e-05,2007-02-01,1750.0,1100.0,1725.0,2475.0,950.0,1625.0,1766.6666666666667,688.4463184107658,1506.3194444444443,598.963364713168,-300.0,-1675.0,3.0999999999998864,1.2624450343200344,4.6337931759311634e-05,-6.763484442308848e-07,0.8660254037844386,0.5000000000000001
dahod,Mango,2007,2,1400.0,2,1.9,0.0678571428571428,3.704536194365397e-05,2007-02-01,1514.0,800.0,1100.0,1725.0,1001.6666666666666,650.0,1208.3333333333333,471.91983782559515,1481.3194444444443,629.1949450966576,600.0,-325.0,2.5999999999998864,1.5624450343200342,3.801126119998869e-05,-4.92726225634832e-06,0.8660254037844386,0.5000000000000001
amreli,Mango,2007,2,2062.5,2,0.4,0.0142857142857142,3.4381994228765046e-05,2007-02-01,1032.5,1400.0,800.0,1100.0,1786.25,1100.0,1100.0,300.000000000004,1547.7083333333333,588.1381728953389,662.5,962.5,4.099999999999886,0.06244503432003434,3.704536194365397e-05,-1.1955937530546588e-05,0.8660254037844386,0.5000000000000001
vadodara,Mango,2007,3,2900.0,2,0.0,0.0,3.554726669616267e-05,2007-03-01,1925.0,2062.5,1400.0,800.0,2475.0,855.0,1420.8333333333333,631.5077856474428,1593.75,620.4710911879787,837.5,2100.0,3.8999999999998862,-1.9086255656108597,3.4381994228765046e-05,-2.4639945038260177e-06,1.0,6.123233995736766e-17
dahod,Mango,2007,3,1750.0,2,0.2,0.0064516129032258,2.858257513647511e-05,2007-03-01,936.25,2900.0,2062.5,1400.0,1725.0,2050.0,2120.8333333333335,751.6994634382404,1664.5833333333333,751.5989899319102,-1150.0,350.0,2.299999999999886,-1.7086255656108598,3.554726669616267e-05,-8.462786807178863e-06,1.0,6.123233995736766e-17
bharuch,Mango,2007,3,1514.0,5,0.0,0.0,3.0158848433280447e-05,2007-03-01,2375.0,1750.0,2900.0,2062.5,1100.0,2225.0,2237.5,594.6374946133194,1668.75,752.0700599013372,-236.0,-548.5,0.5999999999998864,-1.9086255656108597,2.858257513647511e-05,-4.223145795484599e-06,1.0,6.123233995736766e-17
navsari,Mango,2007,3,1032.5,2,0.0,0.0,3.986406086333933e-05,2007-03-01,900.0,1514.0,1750.0,2900.0,800.0,950.0,2054.6666666666665,741.529050903158,1737.75,707.0999752510256,-481.5,-1867.5,0.19999999999988632,-1.9086255656108597,3.0158848433280447e-05,4.316794167176659e-06,1.0,6.123233995736766e-17
girsomnath,Mango,2007,3,1925.0,2,0.0,0.0,4.197262420000229e-05,2007-03-01,865.0,1032.5,1514.0,1750.0,1400.0,1001.6666666666666,1432.1666666666667,365.68303670438047,1776.5,649.4528466332264,892.5,175.0,0.19999999999988632,-1.9086255656108597,3.986406086333933e-05,1.3390049063527183e-05,1.0,6.123233995736766e-17
surat,Mango,2007,3,936.25,4,0.0,0.0,3.39312668866884e-05,2007-03-01,1699.1666666666667,1925.0,1032.5,1514.0,2062.5,1786.25,1490.5,446.7138345742205,1864.0,623.4272210932093,-988.75,-577.75,0.0,-1.9086255656108597,4.197262420000229e-05,3.772418453407952e-06,1.0,6.123233995736766e-17
amreli,Mango,2007,3,2375.0,2,0.0,0.0,2.744307185448957e-05,2007-03-01,1056.75,936.25,1925.0,1032.5,2900.0,2475.0,1297.9166666666667,545.1982628671308,1676.2916666666667,714.5934231552006,1438.75,1342.5,0.0,-1.9086255656108597,3.39312668866884e-05,-1.2420989008849758e-05,1.0,6.123233995736766e-17
valsad,Mango,2007,3,900.0,3,0.1,0.0032258064516129,3.446330371679464e-05,2007-03-01,887.5,2375.0,936.25,1925.0,1750.0,1725.0,1745.4166666666667,735.9945793505126,1588.7916666666667,547.3595805470728,-1475.0,-1025.0,0.0,-1.8086255656108596,2.744307185448957e-05,-7.509320483207652e-06,1.0,6.123233995736766e-17
navsari,Mango,2007,4,865.0,3,0.0,0.0,3.88987341831694e-05,2007-04-01,1725.0,900.0,2375.0,936.25,1514.0,1100.0,1403.75,841.3224337315652,1447.125,604.3247005956324,-35.0,-71.25,0.09999999999988632,-0.978716960352423,3.446330371679464e-05,4.967467296480999e-06,0.8660254037844387,-0.4999999999999998
bharuch,Mango,2007,4,1699.1666666666667,6,1.5,0.05,2.763386964593748e-05,2007-04-01,1325.0,865.0,900.0,2375.0,1032.5,800.0,1380.0,861.8729604761968,1338.9583333333333,646.5661299640334,834.1666666666667,-675.8333333333333,0.09999999999988632,0.521283039647577,3.88987341831694e-05,1.907977914479111e-07,0.8660254037844387,-0.4999999999999998
surat,Mango,2007,4,1056.75,4,0.3,0.01,3.3144635347568576e-05,2007-04-01,2150.0,1699.1666666666667,865.0,900.0,1925.0,1400.0,1154.7222222222224,471.8273675983818,1450.0694444444443,640.6243925019709,-642.4166666666667,156.75,1.5999999999998864,-0.678716960352423,2.763386964593748e-05,-1.3186683692260635e-06,0.8660254037844387,-0.4999999999999998
mahesana,Mango,2007,4,887.5,2,2.3,0.0766666666666666,3.417641440468459e-05,2007-04-01,2250.0,1056.75,1699.1666666666667,865.0,936.25,2062.5,1206.9722222222224,436.90221329433115,1305.361111111111,609.1791532388,-169.25,22.5,1.7999999999998864,1.321283039647577,3.3144635347568576e-05,-4.722319778484806e-06,0.8660254037844387,-0.4999999999999998
valsad,Mango,2007,4,1725.0,2,0.3,0.01,3.366830822102404e-05,2007-04-01,1437.5,887.5,1056.75,1699.1666666666667,2375.0,2900.0,1214.4722222222224,428.2031281780707,1297.236111111111,615.3803711180656,837.5,25.833333333333258,4.099999999999886,-0.678716960352423,3.417641440468459e-05,6.034438575086557e-06,0.8660254037844387,-0.4999999999999998
girsomnath,Mango,2007,4,1325.0,2,0.2,0.0066666666666666,4.197262420000229e-05,2007-04-01,1750.0,1725.0,887.5,1056.75,900.0,1750.0,1223.0833333333333,442.8336548110781,1188.9027777777778,410.9635710290677,-400.0,268.25,2.899999999999886,-0.7787169603524229,3.366830822102404e-05,8.827988852433715e-06,0.8660254037844387,-0.4999999999999998
vadodara,Mango,2007,4,2150.0,2,2.2,0.0733333333333333,3.287105912593125e-05,2007-04-01,999.1666666666666,1325.0,1725.0,887.5,865.0,1514.0,1312.5,418.88990200290567,1259.736111111111,387.14564592335023,825.0,1262.5,2.799999999999886,1.2212830396475773,4.197262420000229e-05,-1.3053552787533452e-06,0.8660254037844387,-0.4999999999999998
amreli,Mango,2007,4,2250.0,1,0.1,0.0033333333333333,2.5035011472918773e-05,2007-04-01,1133.3333333333333,2150.0,1325.0,1725.0,1699.1666666666667,1032.5,1733.3333333333333,412.5631264828911,1473.902777777778,471.3719939845427,100.0,525.0,2.6999999999998865,-0.878716960352423,3.287105912593125e-05,-8.633296748105265e-06,0.8660254037844387,-0.4999999999999998
dahod,Mango,2007,4,1437.5,4,1.0,0.0333333333333333,2.751867886467911e-05,2007-04-01,1133.3333333333333,2250.0,2150.0,1325.0,1056.75,1925.0,1908.3333333333333,507.6498136839393,1565.7083333333333,567.7977284356353,-812.5,112.5,2.4999999999998868,0.02128303964757705,2.5035011472918773e-05,-1.445394533532318e-05,0.8660254037844387,-0.4999999999999998
girsomnath,Mango,2007,5,1750.0,2,3.7,0.1193548387096774,4.197262420000229e-05,2007-05-01,1901.6666666666667,1437.5,2250.0,2150.0,887.5,936.25,1945.8333333333333,443.059909417833,1629.1666666666667,518.6922658635539,312.5,-400.0,3.2999999999998866,-3.7170199692780335,2.751867886467911e-05,9.101565074071044e-06,0.49999999999999994,-0.8660254037844387
surat,Mango,2007,5,999.1666666666666,6,1.2999999999999998,0.0419354838709677,3.547169351379424e-05,2007-05-01,1468.5,1750.0,1437.5,2250.0,1725.0,2375.0,1812.5,409.8399077688809,1772.9166666666667,370.3390901142733,-750.8333333333334,-1250.8333333333335,4.799999999999887,-6.117019969278034,4.197262420000229e-05,1.043668204087547e-05,0.49999999999999994,-0.8660254037844387
dahod,Mango,2007,5,1133.3333333333333,3,1.6,0.0516129032258064,2.6836893716719146e-05,2007-05-01,1790.0,999.1666666666666,1750.0,1437.5,1325.0,900.0,1395.5555555555557,377.1699562875203,1651.9444444444443,488.74177079365694,134.16666666666663,-304.16666666666674,5.999999999999886,-5.817019969278034,3.547169351379424e-05,-6.817851479599657e-07,0.49999999999999994,-0.8660254037844387
mahesana,Mango,2007,5,1133.3333333333333,3,0.0,0.0,3.062856272172695e-05,2007-05-01,2000.0,1133.3333333333333,999.1666666666666,1750.0,2150.0,865.0,1294.1666666666667,400.4225199017262,1620.0,519.6700341990534,0.0,-616.6666666666667,6.599999999999887,-7.417019969278034,2.6836893716719146e-05,-1.1344061478275343e-05,0.49999999999999994,-0.8660254037844387
bharuch,Mango,2007,5,1901.6666666666667,6,0.3,0.0096774193548387,2.6241861943227952e-05,2007-05-01,2311.6666666666665,1133.3333333333333,1133.3333333333333,999.1666666666666,2250.0,1699.1666666666667,1088.611111111111,77.46116111629749,1450.5555555555557,476.2269728077466,768.3333333333335,902.5000000000001,2.8999999999998862,-7.117019969278034,3.062856272172695e-05,-9.229831570566292e-06,0.49999999999999994,-0.8660254037844387
valsad,Mango,2007,5,1468.5,2,4.3,0.1387096774193548,3.681742652680428e-05,2007-05-01,887.5,1901.6666666666667,1133.3333333333333,1133.3333333333333,1437.5,1056.75,1389.4444444444446,443.5974568273671,1392.5,368.27375083700446,-433.16666666666674,335.16666666666674,1.8999999999998864,-3.117019969278034,2.6241861943227952e-05,9.980532810085138e-06,0.49999999999999994,-0.8660254037844387
vadodara,Mango,2007,5,1790.0,5,0.0,0.0,3.027141882913974e-05,2007-05-01,871.25,1468.5,1901.6666666666667,1133.3333333333333,1750.0,887.5,1501.1666666666667,385.20690688396985,1397.6666666666667,369.24750807855526,321.5,656.6666666666667,4.599999999999886,-7.417019969278034,3.681742652680428e-05,-3.571438925872072e-07,0.49999999999999994,-0.8660254037844387
amreli,Mango,2007,5,2000.0,2,0.5,0.0161290322580645,2.298311514827196e-05,2007-05-01,2037.5,1790.0,1468.5,1901.6666666666667,999.1666666666666,1725.0,1720.0555555555557,224.8944402586776,1404.3333333333333,377.15742366049585,210.0,98.33333333333326,4.599999999999886,-6.917019969278034,3.027141882913974e-05,-3.258746794955992e-06,0.49999999999999994,-0.8660254037844387
navsari,Mango,2007,5,2311.6666666666665,3,3.8,0.1225806451612903,4.027810216920469e-05,2007-05-01,1637.5,2000.0,1790.0,1468.5,1133.3333333333333,1325.0,1752.8333333333333,267.69214283078617,1571.1388888888887,383.3934795809472,311.6666666666665,843.1666666666665,4.799999999999886,-3.617019969278034,2.298311514827196e-05,3.4606756424004095e-06,0.49999999999999994,-0.8660254037844387
valsad,Mango,2007,6,887.5,2,247.6,8.253333333333334,3.676233395303709e-05,2007-06-01,1325.0,2311.6666666666665,2000.0,1790.0,1133.3333333333333,2150.0,2033.8888888888887,262.47927607789444,1767.527777777778,414.788840745998,-1424.1666666666665,-902.5,4.299999999999886,121.76690217391304,4.027810216920469e-05,6.490915123897349e-06,1.2246467991473532e-16,-1.0
surat,Mango,2007,6,871.25,4,163.1,5.4366666666666665,3.420993330865697e-05,2007-06-01,2278.333333333333,887.5,2311.6666666666665,2000.0,1901.6666666666667,2250.0,1733.0555555555554,748.6702718326209,1726.5555555555557,494.4538138937503,-16.25,-1128.75,251.8999999999999,37.26690217391304,3.676233395303709e-05,1.1226818160385013e-05,1.2246467991473532e-16,-1.0
vadodara,Mango,2007,6,2037.5,4,128.7,4.29,3.034422559361847e-05,2007-06-01,1100.0,871.25,887.5,2311.6666666666665,1468.5,1437.5,1356.8055555555554,826.9738942428974,1554.8194444444446,590.9901541214705,1166.25,-274.1666666666665,414.4999999999999,2.866902173913033,3.420993330865697e-05,-9.933876575586224e-06,1.2246467991473532e-16,-1.0
girsomnath,Mango,2007,6,1637.5,2,271.8,9.06,4.197262420000229e-05,2007-06-01,2049.285714285714,2037.5,871.25,887.5,1790.0,1750.0,1265.4166666666667,668.6931440005475,1649.6527777777776,619.3409589068293,-400.0,750.0,539.3999999999999,145.96690217391307,3.034422559361847e-05,5.210290246965201e-06,1.2246467991473532e-16,-1.0
dahod,Mango,2007,6,1325.0,2,106.8,3.56,2.412700732764617e-05,2007-06-01,450.0,1637.5,2037.5,871.25,2000.0,999.1666666666666,1515.4166666666667,592.6322812953557,1624.236111111111,615.546979921713,-312.5,453.75,563.5999999999999,-19.03309782608696,4.197262420000229e-05,-1.0082925981010801e-05,1.2246467991473532e-16,-1.0
navsari,Mango,2007,6,2278.333333333333,3,195.1,6.503333333333333,3.512280836030058e-05,2007-06-01,2000.0,1325.0,1637.5,2037.5,2311.6666666666665,1133.3333333333333,1666.6666666666667,357.14434523500154,1511.736111111111,594.4571763304247,953.333333333333,240.83333333333303,507.2999999999999,69.26690217391304,2.412700732764617e-05,4.77858276668211e-06,1.2246467991473532e-16,-1.0
mahesana,Mango,2007,6,1100.0,1,82.0,2.7333333333333334,2.5488601610853417e-05,2007-06-01,1462.5,2278.333333333333,1325.0,1637.5,887.5,1133.3333333333333,1746.9444444444443,485.99863778197016,1506.1805555555557,585.5755962599414,-1178.333333333333,-537.5,573.6999999999998,-43.833097826086956,3.512280836030058e-05,-1.6484022589148874e-05,1.2246467991473532e-16,-1.0
bharuch,Mango,2007,6,2049.285714285714,7,121.9,4.0633333333333335,2.687891506606247e-05,2007-06-01,2075.0,1100.0,2278.333333333333,1325.0,871.25,1901.6666666666667,1567.7777777777776,625.5582691869338,1541.5972222222224,545.7444212995956,949.2857142857142,724.2857142857142,383.89999999999986,-3.93309782608695,2.5488601610853417e-05,2.7519077384162987e-06,1.2246467991473532e-16,-1.0
kheda,Mango,2007,6,450.0,1,96.5,3.216666666666667,2.796560156073857e-05,2007-06-01,1083.0,2049.285714285714,1100.0,2278.333333333333,2037.5,1468.5,1809.2063492063492,624.7767099242731,1737.936507936508,461.7948425095352,-1599.2857142857142,-1828.333333333333,398.9999999999999,-29.333097826086956,2.687891506606247e-05,-7.1572067995620085e-06,1.2246467991473532e-16,-1.0
amreli,Mango,2007,6,2000.0,1,145.8,4.86,1.829578989274012e-05,2007-06-01,1325.0,450.0,2049.285714285714,1100.0,1637.5,1790.0,1199.7619047619048,804.2966040030803,1473.3531746031747,665.6257963561472,1550.0,900.0,300.39999999999986,19.966902173913056,2.796560156073857e-05,-7.192811718113296e-06,1.2246467991473532e-16,-1.0
amreli,Mango,2007,7,1462.5,2,171.8,5.541935483870968,3.250865729239908e-05,2007-07-01,1787.5,2000.0,450.0,2049.285714285714,1325.0,2000.0,1499.7619047619046,909.454403983605,1533.7698412698412,699.113747629069,-537.5,-586.7857142857142,364.19999999999993,-199.6292400881057,1.829578989274012e-05,5.6297422263366085e-06,-0.4999999999999997,-0.8660254037844388
vadodara,Mango,2007,7,2075.0,4,504.7,16.280645161290323,3.967914625418245e-05,2007-07-01,862.5,1462.5,2000.0,450.0,2278.333333333333,2311.6666666666665,1304.1666666666667,787.0369008714501,1556.686507936508,693.1296650128221,612.5,1625.0,414.0999999999999,133.2707599118943,3.250865729239908e-05,1.1713544693443877e-05,-0.4999999999999997,-0.8660254037844388
surat,Mango,2007,7,1083.0,5,753.6,24.30967741935484,4.114967949098224e-05,2007-07-01,1287.5,2075.0,1462.5,2000.0,1100.0,887.5,1845.8333333333333,334.0876880900257,1522.797619047619,654.6949911696179,-992.0,-917.0,822.3,382.1707599118943,3.967914625418245e-05,2.285388959824212e-05,-0.4999999999999997,-0.8660254037844388
mahesana,Mango,2007,7,1325.0,2,486.0,15.67741935483871,3.384853884352041e-05,2007-07-01,1876.6666666666667,1083.0,2075.0,1462.5,2049.285714285714,871.25,1540.1666666666667,500.5397919579796,1519.9642857142856,656.9236804521332,242.0,-137.5,1430.1,114.5707599118943,4.114967949098224e-05,1.3398815511213283e-06,-0.4999999999999997,-0.8660254037844388
valsad,Mango,2007,7,1787.5,2,565.3,18.23548387096774,4.087547319944494e-05,2007-07-01,1425.0,1325.0,1083.0,2075.0,450.0,2037.5,1494.3333333333333,517.2246449400274,1399.25,604.6721218974799,462.5,-287.5,1744.2999999999997,193.87075991189425,3.384853884352041e-05,1.1963269452624893e-06,-0.4999999999999997,-0.8660254037844388
kheda,Mango,2007,7,862.5,2,598.2,19.296774193548387,3.41874346316165e-05,2007-07-01,2023.75,1787.5,1325.0,1083.0,2000.0,1637.5,1398.5,357.9549552667259,1622.1666666666667,394.88057266301143,-925.0,-220.5,1804.8999999999999,226.77075991189434,4.087547319944494e-05,-6.96224485936574e-06,-0.4999999999999997,-0.8660254037844388
dahod,Mango,2007,7,1287.5,4,882.1,28.45483870967742,3.642176806210862e-05,2007-07-01,800.0,862.5,1787.5,1325.0,1462.5,1325.0,1325.0,462.50000000000387,1432.5833333333333,446.84174118659456,425.0,-37.5,1649.4999999999998,510.6707599118943,3.41874346316165e-05,2.573229218588213e-06,-0.4999999999999997,-0.8660254037844388
bharuch,Mango,2007,7,1876.6666666666667,6,575.1,18.55161290322581,3.801545489661596e-05,2007-07-01,1937.5,1287.5,862.5,1787.5,2075.0,2278.333333333333,1312.5,463.00647943630713,1403.4166666666667,450.19722529872115,589.1666666666667,89.16666666666674,2045.6,203.67075991189432,3.642176806210862e-05,-2.8600183028289753e-06,-0.4999999999999997,-0.8660254037844388
girsomnath,Mango,2007,7,1425.0,2,196.1,6.325806451612903,4.197262420000229e-05,2007-07-01,1646.0,1876.6666666666667,1287.5,862.5,1083.0,1100.0,1342.2222222222224,509.29303760031104,1370.361111111111,394.9108959508987,-451.66666666666674,562.5,2055.3999999999996,-175.3292400881057,3.801545489661596e-05,7.78518956838579e-06,-0.4999999999999997,-0.8660254037844388
navsari,Mango,2007,7,2023.75,4,576.6,18.6,4.1708835343810055e-05,2007-07-01,1437.5,1425.0,1876.6666666666667,1287.5,1325.0,2049.285714285714,1529.7222222222224,308.227834804309,1427.361111111111,368.9683126512921,598.75,736.25,1653.2999999999997,205.17075991189432,4.197262420000229e-05,5.2870672817014356e-06,-0.4999999999999997,-0.8660254037844388
surat,Mango,2007,8,800.0,2,517.8,16.703225806451613,5.322757500182993e-05,2007-08-01,1160.0,2023.75,1425.0,1876.6666666666667,1787.5,450.0,1775.138888888889,312.01972352781695,1543.8194444444443,434.62966488937786,-1223.75,-1076.6666666666667,1347.7999999999997,210.61798913043475,4.1708835343810055e-05,1.5212120105213965e-05,-0.8660254037844384,-0.5000000000000004
girsomnath,Mango,2007,8,1937.5,2,454.1,14.648387096774194,4.197262420000229e-05,2007-08-01,1700.0,800.0,2023.75,1425.0,862.5,2000.0,1416.25,611.9219210814432,1379.236111111111,505.14865913320494,1137.5,512.5,1290.4999999999998,146.91798913043482,5.322757500182993e-05,0.0,-0.8660254037844384,-0.5000000000000004
bharuch,Mango,2007,8,1646.0,5,489.9,15.803225806451614,4.4153867046923424e-05,2007-08-01,2100.0,1937.5,800.0,2023.75,1287.5,1462.5,1587.0833333333333,682.9969954789975,1558.4027777777776,474.9555839370288,-291.5,-377.75,1548.5,182.71798913043477,4.197262420000229e-05,2.4450317031133684e-06,-0.8660254037844384,-0.5000000000000004
amreli,Mango,2007,8,1437.5,2,408.9,13.190322580645162,5.44659955954558e-05,2007-08-01,762.5,1646.0,1937.5,800.0,1876.6666666666667,2075.0,1461.1666666666667,590.8460741456589,1618.1527777777776,456.24086114642427,-208.5,637.5,1461.7999999999997,101.71798913043477,4.4153867046923424e-05,1.2384205936258764e-06,-0.8660254037844384,-0.5000000000000004
navsari,Mango,2007,8,1160.0,4,690.8,22.283870967741933,6.077165781201765e-05,2007-08-01,1450.0,1437.5,1646.0,1937.5,1425.0,1083.0,1673.6666666666667,251.14554213311857,1544.9583333333333,441.46122187194163,-277.5,-777.5,1352.8999999999996,383.61798913043475,5.44659955954558e-05,1.879903361201536e-05,-0.8660254037844384,-0.5000000000000004
mahesana,Mango,2007,8,1700.0,1,340.5,10.983870967741936,5.182579130015775e-05,2007-08-01,1050.0,1160.0,1437.5,1646.0,2023.75,1325.0,1414.5,243.81499133565188,1500.7916666666667,468.30306470988165,540.0,54.0,1589.5999999999997,33.317989130434796,6.077165781201765e-05,7.671924253234326e-06,-0.8660254037844384,-0.5000000000000004
vadodara,Mango,2007,8,2100.0,7,347.2,11.2,5.419045708371983e-05,2007-08-01,918.4,1700.0,1160.0,1437.5,800.0,1787.5,1432.5,270.0347199898636,1446.8333333333333,411.16136329507856,400.0,662.5,1440.1999999999998,40.017989130434785,5.182579130015775e-05,-2.7553851173596977e-07,-0.8660254037844384,-0.5000000000000004
dahod,Mango,2007,8,762.5,2,375.1,12.1,5.768963822651873e-05,2007-08-01,2075.0,2100.0,1700.0,1160.0,1937.5,862.5,1653.3333333333333,471.734388542258,1663.5,338.1819037145559,-1337.5,-397.5,1378.4999999999998,67.91798913043482,5.419045708371983e-05,-3.0820195854989216e-06,-0.8660254037844384,-0.5000000000000004
valsad,Mango,2007,8,1450.0,3,751.1,24.22903225806452,5.91294633820169e-05,2007-08-01,1800.0,762.5,2100.0,1700.0,1646.0,1287.5,1520.8333333333333,686.514445101731,1467.6666666666667,464.42563093208753,687.5,-250.0,1062.7999999999997,443.9179891304348,5.768963822651873e-05,7.303672081859154e-06,-0.8660254037844384,-0.5000000000000004
dahod,Mango,2007,9,1050.0,3,299.7,9.99,6.751696532286671e-05,2007-09-01,1756.25,1450.0,762.5,2100.0,1437.5,1876.6666666666667,1437.5,668.8376110835903,1435.0,456.193489651048,-400.0,-1050.0,1473.3999999999999,93.12696957671955,5.91294633820169e-05,1.3326508239146875e-05,-1.0,-1.8369701987210297e-16
surat,Mango,2007,9,918.4,5,219.9,7.33,6.003636490734979e-05,2007-09-01,2275.0,1050.0,1450.0,762.5,1160.0,1425.0,1087.5,345.28068292333273,1370.4166666666667,482.44278589970384,-131.60000000000002,155.89999999999998,1425.8999999999999,13.326969576719563,6.751696532286671e-05,2.346726680831063e-06,-1.0,-1.8369701987210297e-16
vadodara,Mango,2007,9,2075.0,6,239.7,7.989999999999999,6.194477953226441e-05,2007-09-01,1308.3333333333333,918.4,1050.0,1450.0,1700.0,2023.75,1139.4666666666667,276.8625170248521,1330.1499999999999,512.6540110054741,1156.6,625.0,1270.6999999999998,33.126969576719546,6.003636490734979e-05,2.8153161502475076e-06,-1.0,-1.8369701987210297e-16
girsomnath,Mango,2007,9,1800.0,2,220.5,7.35,4.197262420000229e-05,2007-09-01,950.0,2075.0,918.4,1050.0,2100.0,800.0,1347.8,633.2018003764706,1392.6499999999999,584.5760301278191,-275.0,750.0,759.2999999999997,13.926969576719557,6.194477953226441e-05,-2.5544341122864417e-05,-1.0,-1.8369701987210297e-16
navsari,Mango,2007,9,1756.25,4,246.6,8.22,6.859435454612399e-05,2007-09-01,1450.0,1800.0,2075.0,918.4,762.5,1937.5,1597.8,604.2305189246936,1342.6499999999999,521.3896191908703,-43.75,837.85,680.0999999999998,40.02696957671955,4.197262420000229e-05,8.557989638774195e-06,-1.0,-1.8369701987210297e-16
bharuch,Mango,2007,9,2275.0,6,229.7,7.656666666666666,5.022479736082092e-05,2007-09-01,1375.0,1756.25,1800.0,2075.0,1450.0,1646.0,1877.0833333333333,172.79111908121487,1508.2749999999999,453.68199628153735,518.75,200.0,706.7999999999997,23.126969576719546,6.859435454612399e-05,-1.1719982171443494e-05,-1.0,-1.8369701987210297e-16
amreli,Mango,2007,9,1308.3333333333333,3,232.8,7.760000000000001,6.429021009290777e-05,2007-09-01,1866.6666666666667,2275.0,1756.25,1800.0,1050.0,1437.5,1943.75,287.70373216210703,1645.7749999999999,547.7536889423941,-966.6666666666667,-491.66666666666674,696.7999999999997,26.22696957671957,5.022479736082092e-05,2.2317585892905484e-05,-1.0,-1.8369701987210297e-16
valsad,Mango,2007,9,950.0,3,274.1,9.136666666666668,7.136426773878456e-05,2007-09-01,1480.0,1308.3333333333333,2275.0,1756.25,918.4,1160.0,1779.861111111111,483.7656711022828,1688.8305555555555,499.59320678780205,-358.33333333333326,-806.25,709.0999999999997,67.52696957671958,6.429021009290777e-05,2.7699131926605687e-06,-1.0,-1.8369701987210297e-16
mahesana,Mango,2007,9,1450.0,2,98.8,3.293333333333333,5.795031051758077e-05,2007-09-01,728.3333333333334,950.0,1308.3333333333333,2275.0,2075.0,1700.0,1511.111111111111,685.3797271369898,1694.0972222222224,489.9199492906612,500.0,-825.0,736.5999999999998,-107.77303042328045,7.136426773878456e-05,7.725513156759854e-06,-1.0,-1.8369701987210297e-16
amreli,Mango,2007,10,1375.0,2,2.3,0.0741935483870967,5.658001377184892e-05,2007-10-01,1266.6666666666667,1450.0,950.0,1308.3333333333333,1800.0,2100.0,1236.111111111111,257.70532985765055,1589.9305555555557,458.14847913660714,-75.0,66.66666666666674,605.6999999999998,-32.18738938053097,5.795031051758077e-05,-7.710196321058855e-06,-0.8660254037844386,0.5000000000000001
navsari,Mango,2007,10,1866.6666666666667,3,0.2,0.0064516129032258,6.167830056813748e-05,2007-10-01,2437.5,1375.0,1450.0,950.0,1756.25,762.5,1258.3333333333333,269.6448281227305,1519.0972222222224,451.98715694839956,491.66666666666674,916.6666666666667,375.1999999999998,-34.28738938053097,5.658001377184892e-05,-9.685967170647077e-06,-0.8660254037844386,0.5000000000000001
girsomnath,Mango,2007,10,1480.0,2,1.9,0.0612903225806451,4.197262420000229e-05,2007-10-01,1100.0,1866.6666666666667,1375.0,1450.0,2275.0,1450.0,1563.888888888889,264.88117531648305,1537.5,465.6163776233736,-386.66666666666674,30.0,101.29999999999977,-32.58738938053097,6.167830056813748e-05,-1.597768631757848e-05,-0.8660254037844386,0.5000000000000001
surat,Mango,2007,10,728.3333333333334,3,0.0,0.0,5.608525167543697e-05,2007-10-01,1513.0,1480.0,1866.6666666666667,1375.0,1308.3333333333333,1050.0,1573.888888888889,258.93120779538106,1405.0,295.99174162653924,-751.6666666666666,-646.6666666666666,4.399999999999772,-34.48738938053097,4.197262420000229e-05,-4.947620964119499e-07,-0.8660254037844386,0.5000000000000001
vadodara,Mango,2007,10,1266.6666666666667,3,0.0,0.0,5.5396652463983886e-05,2007-10-01,1450.0,728.3333333333334,1480.0,1866.6666666666667,950.0,918.4,1358.3333333333335,578.8374363997043,1308.3333333333333,407.55912999765474,538.3333333333334,-600.0,2.0999999999997723,-34.48738938053097,5.608525167543697e-05,-6.281648104153593e-06,-0.8660254037844386,0.5000000000000001
valsad,Mango,2007,10,2437.5,2,1.9,0.0612903225806451,6.233664180542552e-05,2007-10-01,1387.5,1266.6666666666667,728.3333333333334,1480.0,1450.0,2075.0,1158.3333333333333,387.36646444649955,1361.111111111111,370.7135262146761,1170.8333333333333,957.5,1.8999999999997725,-32.58738938053097,5.5396652463983886e-05,2.0364017605423226e-05,-0.8660254037844386,0.5000000000000001
dahod,Mango,2007,10,1100.0,2,0.0,0.0,5.262506783790407e-05,2007-10-01,1875.0,2437.5,1266.6666666666667,728.3333333333334,1375.0,1800.0,1477.5,873.8710971558955,1525.6944444444443,578.8485737188071,-1337.5,371.66666666666663,1.8999999999997725,-34.48738938053097,6.233664180542552e-05,-3.4601838375329015e-06,-0.8660254037844386,0.5000000000000001
bharuch,Mango,2007,10,1513.0,5,0.4,0.0129032258064516,4.7102130203068566e-05,2007-10-01,1850.0,1100.0,2437.5,1266.6666666666667,1866.6666666666667,1756.25,1601.3888888888887,728.8729567195105,1479.861111111111,603.5281491793509,413.0,246.33333333333326,1.8999999999997725,-34.08738938053097,5.262506783790407e-05,-8.29452226091532e-06,-0.8660254037844386,0.5000000000000001
mahesana,Mango,2007,10,1450.0,1,0.0,0.0,4.968044683467516e-05,2007-10-01,1125.0,1513.0,1100.0,2437.5,1480.0,2275.0,1683.5,684.8571018833086,1420.9166666666667,574.7806707296666,-63.0,-987.5,2.2999999999997724,-34.48738938053097,4.7102130203068566e-05,-1.2656194970750355e-05,-0.8660254037844386,0.5000000000000001
mahesana,Mango,2007,11,1387.5,2,0.0,0.0,4.457021237588132e-05,2007-11-01,1600.0,1450.0,1513.0,1100.0,728.3333333333334,1308.3333333333333,1354.3333333333333,222.50018726584747,1415.9166666666667,574.2941924174798,-62.5,287.5,0.39999999999977265,-9.795056689342402,4.968044683467516e-05,-8.054855462022747e-06,-0.5000000000000004,0.8660254037844384
valsad,Mango,2007,11,1875.0,2,5.6,0.1866666666666666,5.6908559935556856e-05,2007-11-01,982.0,1387.5,1450.0,1513.0,1266.6666666666667,950.0,1450.1666666666667,62.75016600246853,1525.7777777777776,470.0402071060488,487.5,362.0,0.39999999999977265,-4.195056689342403,4.457021237588132e-05,9.80642973248829e-06,-0.5000000000000004,0.8660254037844384
vadodara,Mango,2007,11,1850.0,6,7.8,0.26,5.1608925171033294e-05,2007-11-01,1105.0,1875.0,1387.5,1450.0,2437.5,1450.0,1570.8333333333333,265.26323403995804,1627.1666666666667,468.57834634847103,-25.0,400.0,5.599999999999772,-1.9950566893424027,5.6908559935556856e-05,1.928478336358132e-06,-0.5000000000000004,0.8660254037844384
girsomnath,Mango,2007,11,1125.0,2,10.4,0.3466666666666666,4.197262420000229e-05,2007-11-01,2176.0,1850.0,1875.0,1387.5,1100.0,1375.0,1704.1666666666667,274.526106833827,1529.25,294.38643820665544,-725.0,-262.5,13.399999999999771,0.6049433106575979,5.1608925171033294e-05,-2.59758817587903e-06,-0.5000000000000004,0.8660254037844384
amreli,Mango,2007,11,1600.0,1,17.1,0.5700000000000001,4.806192325588157e-05,2007-11-01,712.5,1125.0,1850.0,1875.0,1513.0,1866.6666666666667,1616.6666666666667,425.97926397107364,1533.4166666666667,287.184682158829,475.0,-275.0,23.799999999999773,7.304943310657599,4.197262420000229e-05,-8.846636679675286e-06,-0.5000000000000004,0.8660254037844384
surat,Mango,2007,11,982.0,5,24.2,0.8066666666666666,5.261660059556929e-05,2007-11-01,1216.6666666666667,1600.0,1125.0,1850.0,1450.0,1480.0,1525.0,368.2729965664115,1547.9166666666667,288.14239824549884,-618.0,-868.0,35.29999999999978,14.404943310657597,4.806192325588157e-05,1.0076754245359951e-06,-0.5000000000000004,0.8660254037844384
navsari,Mango,2007,11,1105.0,3,9.3,0.3099999999999999,5.820844296544897e-05,2007-11-01,2300.0,982.0,1600.0,1125.0,1387.5,728.3333333333334,1235.6666666666667,323.52176639808476,1469.9166666666667,371.2950870489234,123.0,-20.0,51.699999999999775,-0.49505668934240177,5.261660059556929e-05,1.623581876544668e-05,-0.5000000000000004,0.8660254037844384
bharuch,Mango,2007,11,2176.0,5,9.7,0.3233333333333333,4.435437701957975e-05,2007-11-01,875.0,1105.0,982.0,1600.0,1875.0,1266.6666666666667,1229.0,327.12841515222055,1422.8333333333333,400.59226985385976,1071.0,576.0,50.59999999999977,-0.09505668934240319,5.820844296544897e-05,-3.70754623630182e-06,-0.5000000000000004,0.8660254037844384
dahod,Mango,2007,11,712.5,2,0.2,0.0066666666666666,4.62902608414624e-05,2007-11-01,1375.0,2176.0,1105.0,982.0,1850.0,2437.5,1421.0,656.7351064165856,1473.0,479.59899916492833,-1463.5,-269.5,43.199999999999775,-9.595056689342403,4.435437701957975e-05,-6.326339754106888e-06,-0.5000000000000004,0.8660254037844384
amreli,Mango,2007,12,1216.6666666666667,3,0.0,0.0,4.402292047252987e-05,2007-12-01,1315.0,712.5,2176.0,1105.0,1125.0,1100.0,1331.1666666666667,757.5101209444908,1283.4166666666667,523.5754402821693,504.16666666666674,111.66666666666674,19.199999999999772,-3.6994424213174213,4.62902608414624e-05,-1.4185522492919103e-05,-2.4492935982947064e-16,1.0
vadodara,Mango,2007,12,2300.0,5,0.0,0.0,4.7206671382386245e-05,2007-12-01,775.0,1216.6666666666667,712.5,2176.0,1600.0,1513.0,1368.388888888889,743.4532850401839,1298.6944444444446,519.348720532283,1083.3333333333333,124.0,9.899999999999771,-3.6994424213174213,4.402292047252987e-05,2.852294362806495e-06,-2.4492935982947064e-16,1.0
surat,Mango,2007,12,875.0,4,0.0,0.0,4.580710410697843e-05,2007-12-01,1682.5,2300.0,1216.6666666666667,712.5,982.0,1450.0,1409.7222222222224,811.1669976941567,1415.361111111111,660.1176529534274,-1425.0,162.5,0.19999999999977264,-3.6994424213174213,4.7206671382386245e-05,-4.831567344839682e-07,-2.4492935982947064e-16,1.0
girsomnath,Mango,2007,12,1375.0,2,0.0,0.0,4.197262420000229e-05,2007-12-01,1200.0,875.0,2300.0,1216.6666666666667,1105.0,1387.5,1463.888888888889,743.9726946403171,1397.5277777777776,675.4341847752185,500.0,158.33333333333326,0.0,-3.6994424213174213,4.580710410697843e-05,-2.0502962725275776e-06,-2.4492935982947064e-16,1.0
navsari,Mango,2007,12,1315.0,4,0.0,0.0,5.19568441381498e-05,2007-12-01,1250.0,1375.0,875.0,2300.0,2176.0,1875.0,1516.6666666666667,722.9857075581353,1442.5277777777776,660.8845118195493,-60.0,-985.0,0.0,-3.6994424213174213,4.197262420000229e-05,4.750172755763552e-06,-2.4492935982947064e-16,1.0
dahod,Mango,2007,12,775.0,2,0.0,0.0,4.484265212247661e-05,2007-12-01,2033.3333333333333,1315.0,1375.0,875.0,712.5,1850.0,1188.3333333333333,273.00793639258313,1299.0277777777776,554.7197532354788,-540.0,-100.0,0.0,-3.6994424213174213,5.19568441381498e-05,-9.644519845018206e-07,-2.4492935982947064e-16,1.0
bharuch,Mango,2007,12,1682.5,6,0.0,0.0,4.152593111203125e-05,2007-12-01,1175.0,775.0,1315.0,1375.0,1216.6666666666667,1125.0,1155.0,330.4542328371711,1309.4444444444443,541.9426647274163,907.5,307.5,0.0,-3.6994424213174213,4.484265212247661e-05,-4.46693087971044e-07,-2.4492935982947064e-16,1.0
mahesana,Mango,2007,12,1200.0,2,0.0,0.0,4.598563488654583e-05,2007-12-01,650.0,1682.5,775.0,1315.0,2300.0,1600.0,1257.5,456.4742599533993,1387.0833333333333,559.0894755463275,-482.5,-115.0,0.0,-3.6994424213174213,4.152593111203125e-05,-5.971209251603967e-06,-2.4492935982947064e-16,1.0
valsad,Mango,2007,12,1250.0,2,0.0,0.0,4.979040586201426e-05,2007-12-01,950.0,1200.0,1682.5,775.0,875.0,982.0,1219.1666666666667,454.05350272114055,1203.75,335.5061474846635,50.0,475.0,0.0,-3.6994424213174213,4.598563488654583e-05,4.947753739537648e-06,-2.4492935982947064e-16,1.0
ahmadabad,Mango,2008,1,2033.3333333333333,6,0.0,0.0,3.8340708113770815e-05,2008-01-01,2062.5,1250.0,1200.0,1682.5,1375.0,1105.0,1377.5,265.3182051801268,1266.25,294.4305945380012,783.3333333333333,350.83333333333326,0.0,-1.0126696832579185,4.979040586201426e-05,-3.1852229982604324e-06,0.49999999999999994,0.8660254037844387
surat,Mango,2008,1,1175.0,2,0.0,0.0,3.98652912841466e-05,2008-01-01,1675.0,2033.3333333333333,1250.0,1200.0,1315.0,2176.0,1494.4444444444443,467.36059517885127,1375.9722222222224,433.08275340435483,-858.3333333333333,-25.0,0.0,-1.0126696832579185,3.8340708113770815e-05,-6.120343602399228e-06,0.49999999999999994,0.8660254037844387
kheda,Mango,2008,1,650.0,1,0.0,0.0,5.0964449488915146e-05,2008-01-01,1391.6666666666667,1175.0,2033.3333333333333,1250.0,775.0,712.5,1486.111111111111,475.3897036856967,1352.638888888889,440.72869478558835,-525.0,-600.0,0.0,-1.0126696832579185,3.98652912841466e-05,1.1740436269008854e-06,0.49999999999999994,0.8660254037844387
vadodara,Mango,2008,1,950.0,4,0.0,0.0,4.419207954106041e-05,2008-01-01,1516.6666666666667,650.0,1175.0,2033.3333333333333,1682.5,1216.6666666666667,1286.111111111111,698.3280296802074,1331.8055555555554,475.10829662143277,300.0,-1083.3333333333333,0.0,-1.0126696832579185,5.0964449488915146e-05,5.851371427289596e-06,0.49999999999999994,0.8660254037844387
bharuch,Mango,2008,1,2062.5,4,0.0,0.0,3.7715035120562526e-05,2008-01-01,925.0,950.0,650.0,1175.0,1200.0,2300.0,925.0,263.3913438213235,1209.7222222222222,460.86924714387663,1112.5,887.5,0.0,-1.0126696832579185,4.419207954106041e-05,-2.1502561635840765e-06,0.49999999999999994,0.8660254037844387
girsomnath,Mango,2008,1,1675.0,2,0.0,0.0,4.197262420000229e-05,2008-01-01,1475.0,2062.5,950.0,650.0,1250.0,875.0,1220.8333333333333,744.1787979600983,1353.4722222222222,577.0880966510201,-387.5,1025.0,0.0,-1.0126696832579185,3.7715035120562526e-05,-8.991825288912854e-06,0.49999999999999994,0.8660254037844387
dahod,Mango,2008,1,1391.6666666666667,6,0.1,0.0032258064516129,4.275294605787022e-05,2008-01-01,650.0,1675.0,2062.5,950.0,2033.3333333333333,1375.0,1562.5,564.7178499038298,1424.3055555555554,587.8303838567602,-283.33333333333326,441.66666666666674,0.0,-0.9126696832579185,4.197262420000229e-05,-1.4391334831901902e-06,0.49999999999999994,0.8660254037844387
valsad,Mango,2008,1,1516.6666666666667,3,0.0,0.0,4.270012735873646e-05,2008-01-01,1125.0,1391.6666666666667,1675.0,2062.5,1175.0,1315.0,1709.7222222222224,336.7618814753529,1317.361111111111,507.78944035962536,125.0,-545.8333333333333,0.09999999999977263,-1.0126696832579185,4.275294605787022e-05,4.985092238173934e-06,0.49999999999999994,0.8660254037844387
navsari,Mango,2008,1,925.0,4,0.0,0.0,4.425252192372849e-05,2008-01-01,1125.0,1516.6666666666667,1391.6666666666667,1675.0,650.0,775.0,1527.777777777778,141.99308799037135,1374.3055555555557,507.78944035962536,-591.6666666666667,-750.0,0.09999999999977263,-1.0126696832579185,4.270012735873646e-05,2.279897723726197e-06,0.49999999999999994,0.8660254037844387
amreli,Mango,2008,1,1475.0,2,0.0,0.0,4.339250645147952e-05,2008-01-01,1758.3333333333333,925.0,1516.6666666666667,1391.6666666666667,950.0,1682.5,1277.7777777777778,311.8418996388619,1420.138888888889,436.7844677827923,550.0,83.33333333333326,0.09999999999977263,-1.0126696832579185,4.425252192372849e-05,6.395603936093025e-07,0.49999999999999994,0.8660254037844387
anand,Mango,2008,1,650.0,1,0.0,0.0,5.4834592815202245e-05,2008-01-01,1950.0,1475.0,925.0,1516.6666666666667,2062.5,1200.0,1305.5555555555557,330.2285964690666,1507.638888888889,371.4687128543002,-825.0,-866.6666666666667,0.0,-1.0126696832579185,4.339250645147952e-05,1.2134465456465786e-05,0.49999999999999994,0.8660254037844387
banaskantha,Mango,2008,1,1125.0,2,0.1,0.0032258064516129,4.197262420000229e-05,2008-01-01,816.6666666666666,650.0,1475.0,925.0,1675.0,1250.0,1016.6666666666666,420.06943870428876,1272.2222222222224,396.25562269640966,475.0,200.0,0.0,-0.9126696832579185,5.4834592815202245e-05,-2.279897723726197e-06,0.49999999999999994,0.8660254037844387
mahesana,Mango,2008,1,1125.0,1,0.0,0.0,5.1165695879749503e-05,2008-01-01,2200.0,1125.0,650.0,1475.0,1391.6666666666667,2033.3333333333333,1083.3333333333333,414.07527496016525,1180.5555555555557,344.7086800097655,0.0,-350.0,0.09999999999977263,-1.0126696832579185,4.197262420000229e-05,7.77318942826998e-06,0.49999999999999994,0.8660254037844387
amreli,Mango,2008,2,1758.3333333333333,3,0.0,0.0,3.963991576450183e-05,2008-02-01,400.0,1125.0,1125.0,650.0,1516.6666666666667,1175.0,966.6666666666666,274.24137786507725,1136.111111111111,328.8729350484898,633.3333333333333,1108.3333333333333,0.09999999999977263,-0.3375549656799657,5.1165695879749503e-05,-1.5194677050700413e-05,0.8660254037844386,0.5000000000000001
ahmadabad,Mango,2008,2,1950.0,6,0.0,0.0,3.675588447087456e-05,2008-02-01,1525.0,1758.3333333333333,1125.0,1125.0,925.0,650.0,1336.111111111111,365.6551704867681,1176.388888888889,393.29154674457664,191.66666666666674,825.0,0.09999999999977263,-0.3375549656799657,3.963991576450183e-05,-5.21673972912773e-06,0.8660254037844386,0.5000000000000001
anand,Mango,2008,2,816.6666666666666,3,0.1,0.0034482758620689,5.3786217703135294e-05,2008-02-01,1900.0,1950.0,1758.3333333333333,1125.0,1475.0,950.0,1611.111111111111,431.7546027977485,1347.2222222222224,476.143846923347,-1133.3333333333335,-308.33333333333337,0.0,-0.23755496567996567,3.675588447087456e-05,2.6205218233857903e-06,0.8660254037844386,0.5000000000000001
banaskantha,Mango,2008,2,2200.0,4,0.6,0.0206896551724137,4.197262420000229e-05,2008-02-01,1250.0,816.6666666666666,1950.0,1758.3333333333333,650.0,2062.5,1508.3333333333333,606.6185878384501,1237.5,515.0714621400722,1383.3333333333335,441.66666666666674,0.09999999999977263,0.2624450343200343,5.3786217703135294e-05,2.332708435500459e-06,0.8660254037844386,0.5000000000000001
rajkot,Mango,2008,2,400.0,1,0.1,0.0034482758620689,3.980082639877671e-05,2008-02-01,375.0,2200.0,816.6666666666666,1950.0,1125.0,1675.0,1655.5555555555557,737.1742846341906,1495.8333333333333,549.0585376604016,-1800.0,-1550.0,0.6999999999997726,-0.23755496567996567,4.197262420000229e-05,3.0449419279021515e-06,0.8660254037844386,0.5000000000000001
girsomnath,Mango,2008,2,1525.0,1,0.0,0.0,4.197262420000229e-05,2008-02-01,1050.0,400.0,2200.0,816.6666666666666,1125.0,1391.6666666666667,1138.888888888889,942.2687357491882,1375.0,704.7064006457667,1125.0,708.3333333333334,0.7999999999997726,-0.3375549656799657,3.980082639877671e-05,-1.1813593503133002e-05,0.8660254037844386,0.5000000000000001
bharuch,Mango,2008,2,1900.0,5,0.7,0.0241379310344827,3.3338441006776126e-05,2008-02-01,1325.0,1525.0,400.0,2200.0,1758.3333333333333,1516.6666666666667,1375.0,909.3266739736627,1441.6666666666667,695.1818307304777,375.0,-300.0,0.6999999999997726,0.3624450343200343,4.197262420000229e-05,-8.634183193226165e-06,0.8660254037844386,0.5000000000000001
mahesana,Mango,2008,2,1250.0,1,0.2,0.0068965517241379,4.929557410740573e-05,2008-02-01,1030.0,1900.0,1525.0,400.0,1950.0,925.0,1275.0,780.6247497998019,1465.2777777777776,710.3288883535785,-650.0,850.0,0.7999999999997726,-0.13755496567996567,3.3338441006776126e-05,9.494747708629015e-06,0.8660254037844386,0.5000000000000001
kheda,Mango,2008,2,375.0,1,0.0,0.0,4.910208929752174e-05,2008-02-01,831.25,1250.0,1900.0,1525.0,816.6666666666666,1475.0,1558.3333333333333,326.279532507538,1348.611111111111,671.2015897434055,-875.0,-1150.0,0.8999999999997725,-0.3375549656799657,4.929557410740573e-05,7.12946509751945e-06,0.8660254037844386,0.5000000000000001
dahod,Mango,2008,2,1050.0,4,0.5,0.0172413793103448,3.672553168832447e-05,2008-02-01,750.0,375.0,1250.0,1900.0,2200.0,650.0,1175.0,765.2613932507003,1275.0,759.6051605933181,675.0,-850.0,0.8999999999997725,0.16244503432003432,4.910208929752174e-05,3.3870906815483434e-06,0.8660254037844386,0.5000000000000001
valsad,Mango,2008,2,1325.0,4,1.3,0.0448275862068965,3.683734803622405e-05,2008-02-01,1000.0,1050.0,375.0,1250.0,400.0,1125.0,891.6666666666666,458.48482344929937,1083.3333333333333,609.8497082615249,275.0,75.0,0.6999999999997726,0.9624450343200344,3.672553168832447e-05,-1.245822607118168e-05,0.8660254037844386,0.5000000000000001
vadodara,Mango,2008,2,1030.0,5,0.6,0.0206896551724137,4.0486495478164206e-05,2008-02-01,2325.0,1325.0,1050.0,375.0,1525.0,1125.0,916.6666666666666,488.83364586875086,1237.5,511.55400496917287,-295.0,655.0,1.7999999999997727,0.2624450343200343,3.683734803622405e-05,-8.615593819357535e-06,0.8660254037844386,0.5000000000000001
navsari,Mango,2008,2,831.25,4,1.1,0.0379310344827586,3.993862368152485e-05,2008-02-01,1133.3333333333333,1030.0,1325.0,1050.0,1900.0,1758.3333333333333,1135.0,164.8484152183539,1155.0,495.58046773455516,-198.75,-218.75,2.3999999999997725,0.7624450343200344,4.0486495478164206e-05,3.2130919932003816e-06,0.8660254037844386,0.5000000000000001
surat,Mango,2008,2,750.0,3,1.2,0.0413793103448275,3.563337967450641e-05,2008-02-01,2250.0,831.25,1030.0,1325.0,1250.0,1950.0,1062.0833333333333,248.43363466595233,976.875,342.75879820947017,-81.25,-575.0,2.9999999999997726,0.8624450343200343,3.993862368152485e-05,-1.2039683617176374e-06,0.8660254037844386,0.5000000000000001
gandhinagar,Mango,2008,2,1000.0,2,0.0,0.0,4.8047573906197335e-05,2008-02-01,870.0,750.0,831.25,1030.0,375.0,816.6666666666666,870.4166666666666,144.05041073643346,893.5416666666666,323.30366594993455,250.0,-30.0,2.8999999999997725,-0.3375549656799657,3.563337967450641e-05,7.561078428033129e-06,0.8660254037844386,0.5000000000000001
banaskantha,Mango,2008,3,2325.0,4,2.1,0.0677419354838709,4.197262420000229e-05,2008-03-01,1625.0,1000.0,750.0,831.25,1050.0,2200.0,860.4166666666666,127.52654952336454,997.7083333333334,199.98502548107692,1325.0,1493.75,2.2999999999997724,0.19137443438914037,4.8047573906197335e-05,2.03400051847744e-06,1.0,6.123233995736766e-17
valsad,Mango,2008,3,1133.3333333333333,3,0.1,0.0032258064516129,3.4082417149674514e-05,2008-03-01,1000.0,2325.0,1000.0,750.0,1325.0,400.0,1358.3333333333333,846.4386175815332,1210.2083333333333,581.0337859510988,-1191.6666666666667,383.33333333333326,3.2999999999997724,-1.8086255656108596,4.197262420000229e-05,-1.5509625248318957e-06,1.0,6.123233995736766e-17
bharuch,Mango,2008,3,2250.0,5,0.3,0.0096774193548387,2.974685829542553e-05,2008-03-01,750.0,1133.3333333333333,2325.0,1000.0,1030.0,1525.0,1486.111111111111,729.551485757088,1178.263888888889,578.7246764718159,1116.6666666666667,1250.0,2.1999999999997724,-1.6086255656108597,3.4082417149674514e-05,-1.8300715610771806e-05,1.0,6.123233995736766e-17
navsari,Mango,2008,3,870.0,5,0.0,0.0,3.8903080420856216e-05,2008-03-01,1937.5,2250.0,1133.3333333333333,2325.0,831.25,1900.0,1902.7777777777776,667.4127769340503,1381.5972222222224,714.5880911730178,-1380.0,-1455.0,2.4999999999997726,-1.9086255656108597,2.974685829542553e-05,-3.0695437791460747e-06,1.0,6.123233995736766e-17
amreli,Mango,2008,3,1625.0,1,0.0,0.0,3.046723996764088e-05,2008-03-01,789.25,870.0,2250.0,1133.3333333333333,750.0,1250.0,1417.7777777777776,732.6537254948518,1388.0555555555557,708.770779955353,755.0,491.66666666666674,0.3999999999997722,-1.9086255656108597,3.8903080420856216e-05,-3.615177182033634e-06,1.0,6.123233995736766e-17
dahod,Mango,2008,3,1000.0,4,0.6,0.0193548387096774,2.9466225112628647e-05,2008-03-01,925.0,1625.0,870.0,2250.0,1000.0,375.0,1581.6666666666667,691.0197778163357,1533.888888888889,637.6838877851172,-625.0,-1250.0,0.2999999999997722,-1.3086255656108596,3.046723996764088e-05,-2.806331827968816e-07,1.0,6.123233995736766e-17
anand,Mango,2008,3,750.0,3,0.5,0.0161290322580645,4.316740188761384e-05,2008-03-01,2066.6666666666665,1000.0,1625.0,870.0,2325.0,1050.0,1165.0,403.6396908134819,1533.888888888889,637.6838877851172,-250.0,-120.0,0.5999999999997722,-1.4086255656108597,2.9466225112628647e-05,4.264321466757624e-06,1.0,6.123233995736766e-17
girsomnath,Mango,2008,3,1937.5,2,0.0,0.0,4.197262420000229e-05,2008-03-01,951.75,750.0,1000.0,1625.0,1133.3333333333333,1325.0,1125.0,450.6939094330021,1271.388888888889,567.1668544094774,1187.5,312.5,1.0999999999997723,-1.9086255656108597,4.316740188761384e-05,1.1505384232361412e-05,1.0,6.123233995736766e-17
surat,Mango,2008,3,789.25,4,0.1,0.0032258064516129,3.286786806320088e-05,2008-03-01,1375.0,1937.5,750.0,1000.0,2250.0,1030.0,1229.1666666666667,626.040800054866,1405.4166666666667,620.5248114835276,-1148.25,-210.75,1.0999999999997723,-1.8086255656108596,4.197262420000229e-05,3.4016429505722317e-06,1.0,6.123233995736766e-17
vadodara,Mango,2008,3,925.0,4,2.4,0.0774193548387096,3.629118589778593e-05,2008-03-01,1041.6666666666667,789.25,1937.5,750.0,870.0,831.25,1158.9166666666667,674.5584821446814,1161.9583333333333,497.1848352641771,135.75,175.0,0.5999999999997722,0.4913744343891402,3.286786806320088e-05,-6.876215989827911e-06,1.0,6.123233995736766e-17
ahmadabad,Mango,2008,3,2066.6666666666665,6,0.8999999999999999,0.0290322580645161,2.8589756115341467e-05,2008-03-01,750.0,925.0,789.25,1937.5,1625.0,750.0,1217.25,627.4368992177647,1171.125,491.196339308428,1141.6666666666665,129.16666666666652,2.499999999999772,-1.0086255656108598,3.629118589778593e-05,-1.3382868084660824e-05,1.0,6.123233995736766e-17
surat,Mango,2008,4,951.75,4,0.0,0.0,3.3426647359305154e-05,2008-04-01,925.0,2066.6666666666665,925.0,789.25,1000.0,1000.0,1260.3055555555554,701.6200515658477,1244.736111111111,594.95378069007,-1114.9166666666665,162.5,3.399999999999772,-0.978716960352423,2.8589756115341467e-05,5.587792961042748e-07,0.8660254037844387,-0.4999999999999998
mahesana,Mango,2008,4,1375.0,1,1.0,0.0333333333333333,3.328841185657849e-05,2008-04-01,3350.0,951.75,2066.6666666666665,925.0,750.0,2325.0,1314.4722222222222,651.5567913196965,1236.6944444444443,599.2340265026002,423.25,450.0,3.299999999999772,0.02128303964757705,3.3426647359305154e-05,-3.0027740412074414e-06,0.8660254037844387,-0.4999999999999998
valsad,Mango,2008,4,1041.6666666666667,3,0.8,0.0266666666666666,3.411145905038339e-05,2008-04-01,1475.0,1375.0,951.75,2066.6666666666665,1937.5,1133.3333333333333,1464.472222222222,562.8176901224934,1340.861111111111,550.0108854141658,-333.33333333333326,-1024.9999999999998,1.899999999999772,-0.1787169603524229,3.328841185657849e-05,5.521702935041924e-06,0.8660254037844387,-0.4999999999999998
anand,Mango,2008,4,750.0,3,0.3,0.01,4.075962212868798e-05,2008-04-01,2966.6666666666665,1041.6666666666667,1375.0,951.75,789.25,2250.0,1122.8055555555557,222.98605358316848,1191.5555555555554,471.66647722807375,-291.66666666666674,-201.75,1.7999999999997722,-0.678716960352423,3.411145905038339e-05,7.3329747693828294e-06,0.8660254037844387,-0.4999999999999998
vadodara,Mango,2008,4,925.0,4,0.2,0.0066666666666666,3.371226434000109e-05,2008-04-01,1187.5,750.0,1041.6666666666667,1375.0,925.0,870.0,1055.5555555555557,312.7313958110518,1185.013888888889,478.5835594539682,175.0,-450.0,2.0999999999997723,-0.7787169603524229,4.075962212868798e-05,4.238524834226042e-07,0.8660254037844387,-0.4999999999999998
banaskantha,Mango,2008,4,3350.0,2,0.2,0.0066666666666666,4.197262420000229e-05,2008-04-01,1037.5,925.0,750.0,1041.6666666666667,2066.6666666666665,1625.0,905.5555555555557,146.80233624138344,1185.013888888889,478.5835594539682,2425.0,2308.333333333333,1.2999999999997722,-0.7787169603524229,3.371226434000109e-05,7.8611651496189e-06,0.8660254037844387,-0.4999999999999998
navsari,Mango,2008,4,1475.0,6,0.0,0.0,3.9160483020039294e-05,2008-04-01,1916.6666666666667,3350.0,925.0,750.0,951.75,1000.0,1675.0,1453.2291629333638,1398.9027777777776,977.811190046233,-1875.0,725.0,0.6999999999997721,-0.978716960352423,4.197262420000229e-05,-1.5991391086486888e-06,0.8660254037844387,-0.4999999999999998
ahmadabad,Mango,2008,4,2966.6666666666665,6,2.4,0.08,2.3945607607829e-05,2008-04-01,1800.0,1475.0,3350.0,925.0,1375.0,750.0,1916.6666666666667,1271.4001468197728,1486.111111111111,952.9729310989942,1491.6666666666665,2041.6666666666665,0.3999999999997722,1.421283039647577,3.9160483020039294e-05,-9.766656732172094e-06,0.8660254037844387,-0.4999999999999998
amreli,Mango,2008,4,1187.5,2,2.5,0.0833333333333333,2.636786595981637e-05,2008-04-01,925.0,2966.6666666666665,1475.0,3350.0,1041.6666666666667,1937.5,2597.222222222222,990.5923218701813,1751.3888888888887,1122.3415090617314,-1779.1666666666665,-2162.5,2.5999999999997723,1.5212830396475772,2.3945607607829e-05,-1.560475824018592e-05,0.8660254037844387,-0.4999999999999998
dahod,Mango,2008,4,1037.5,4,1.7,0.0566666666666666,2.7400969124269155e-05,2008-04-01,1401.0,1187.5,2966.6666666666665,1475.0,750.0,789.25,1876.3888888888887,955.0881043322876,1775.6944444444443,1105.3481624290089,-150.0,-437.5,4.899999999999772,0.721283039647577,2.636786595981637e-05,-1.175951389577014e-05,0.8660254037844387,-0.4999999999999998
bharuch,Mango,2008,4,1916.6666666666667,6,0.0,0.0,2.802789301833213e-05,2008-04-01,1800.0,1037.5,1187.5,2966.6666666666665,925.0,925.0,1730.5555555555554,1073.127676122121,1823.611111111111,1057.173467667791,879.1666666666667,-1049.9999999999998,6.599999999999772,-0.978716960352423,2.7400969124269155e-05,4.0822854105031326e-06,0.8660254037844387,-0.4999999999999998
girsomnath,Mango,2008,4,1800.0,3,0.3,0.01,4.197262420000229e-05,2008-04-01,1450.0,1916.6666666666667,1037.5,1187.5,3350.0,2066.6666666666665,1380.5555555555557,470.30452112710566,1988.888888888889,961.8041014830574,-116.66666666666674,612.5,4.199999999999772,-0.678716960352423,2.802789301833213e-05,1.560475824018592e-05,0.8660254037844387,-0.4999999999999998
vadodara,Mango,2008,5,925.0,4,0.0,0.0,3.0213058933679423e-05,2008-05-01,1320.0,1800.0,1916.6666666666667,1037.5,1475.0,951.75,1584.7222222222224,477.4849716463887,1730.5555555555557,693.9703937542356,-875.0,-112.5,1.9999999999997722,-7.417019969278034,4.197262420000229e-05,2.8120898094102675e-06,0.49999999999999994,-0.8660254037844387
valsad,Mango,2008,5,1401.0,5,0.1,0.0032258064516129,3.504379676478879e-05,2008-05-01,571.2,925.0,1800.0,1916.6666666666667,2966.6666666666665,1375.0,1547.2222222222224,542.0084391853622,1638.888888888889,766.9640123866943,476.0,-515.6666666666667,0.29999999999977217,-7.317019969278034,3.0213058933679423e-05,7.0159037464566616e-06,0.49999999999999994,-0.8660254037844387
bharuch,Mango,2008,5,1800.0,5,0.0,0.0,2.6272614673441003e-05,2008-05-01,1490.0,1401.0,925.0,1800.0,1187.5,1041.6666666666667,1375.3333333333333,438.06430273800777,1377.9444444444446,406.5007402845075,399.0,0.0,0.3999999999997722,-7.417019969278034,3.504379676478879e-05,-1.5700009526561288e-05,0.49999999999999994,-0.8660254037844387
banaskantha,Mango,2008,5,1450.0,3,0.1,0.0032258064516129,4.197262420000229e-05,2008-05-01,2100.0,1800.0,1401.0,925.0,1037.5,750.0,1375.3333333333333,438.06430273800777,1480.027777777778,425.5702111633645,-350.0,525.0,0.09999999999977219,-7.317019969278034,2.6272614673441003e-05,1.1759565266322869e-05,0.49999999999999994,-0.8660254037844387
navsari,Mango,2008,5,1320.0,5,0.0,0.0,3.940008996677549e-05,2008-05-01,400.0,1450.0,1800.0,1401.0,1916.6666666666667,925.0,1550.3333333333333,217.60131739798294,1548.777777777778,369.39449954797294,-130.0,-81.0,0.1999999999997722,-7.417019969278034,4.197262420000229e-05,4.356293201986694e-06,0.49999999999999994,-0.8660254037844387
surat,Mango,2008,5,571.2,5,0.0,0.0,3.390932484608808e-05,2008-05-01,1250.0,1320.0,1450.0,1800.0,1800.0,3350.0,1523.3333333333333,248.26061575154765,1449.3333333333333,328.61020475126384,-748.8,-1228.8,0.09999999999977219,-7.417019969278034,3.940008996677549e-05,7.636710172647078e-06,0.49999999999999994,-0.8660254037844387
dahod,Mango,2008,5,1490.0,5,0.2,0.0064516129032258,2.640676630433868e-05,2008-05-01,1575.0,571.2,1320.0,1450.0,925.0,1475.0,1113.7333333333333,474.3224782079547,1244.5333333333335,432.76232121878064,918.8,40.0,0.09999999999977219,-7.2170199692780335,3.390932484608808e-05,-1.556585789566361e-05,0.49999999999999994,-0.8660254037844387
ahmadabad,Mango,2008,5,2100.0,5,0.0,0.0,2.1848210216849822e-05,2008-05-01,877.5,1490.0,571.2,1320.0,1401.0,2966.6666666666665,1127.0666666666666,488.8412966734048,1338.7,410.2107507123632,610.0,780.0,0.1999999999997722,-7.417019969278034,2.640676630433868e-05,-1.7551879749925664e-05,0.49999999999999994,-0.8660254037844387
anand,Mango,2008,5,400.0,2,0.0,0.0,3.8840031648417496e-05,2008-05-01,1925.0,2100.0,1490.0,571.2,1800.0,1187.5,1387.0666666666666,769.5802838777362,1455.2,516.8417939756815,-1700.0,-171.20000000000005,0.1999999999997722,-7.417019969278034,2.1848210216849822e-05,4.9307068023294145e-06,0.49999999999999994,-0.8660254037844387
amreli,Mango,2008,5,1250.0,2,0.4,0.0129032258064516,2.3961814879354125e-05,2008-05-01,1875.0,400.0,2100.0,1490.0,1450.0,1037.5,1330.0,861.2200647918065,1221.8666666666668,633.0119324836357,850.0,-240.0,0.1999999999997722,-7.017019969278033,3.8840031648417496e-05,-2.444951424984555e-06,0.49999999999999994,-0.8660254037844387
girsomnath,Mango,2008,5,1575.0,2,0.0,0.0,4.197262420000229e-05,2008-05-01,1700.0,1250.0,400.0,2100.0,1320.0,1916.6666666666667,1250.0,850.0000000000018,1188.5333333333335,623.794923565964,325.0,-525.0,0.3999999999997722,-7.417019969278034,2.3961814879354125e-05,2.012441398315247e-05,0.49999999999999994,-0.8660254037844387
surat,Mango,2008,6,877.5,2,156.8,5.226666666666668,2.772358031331591e-05,2008-06-01,1700.0,1575.0,1250.0,400.0,571.2,1800.0,1075.0,606.7330549755817,1231.0333333333335,642.9363939509624,-697.5,477.5,0.3999999999997722,30.966902173913056,4.197262420000229e-05,-1.1116451335101586e-05,1.2246467991473532e-16,-1.0
girsomnath,Mango,2008,6,1925.0,2,288.9,9.63,4.197262420000229e-05,2008-06-01,1893.75,877.5,1575.0,1250.0,1490.0,925.0,1234.1666666666667,349.0194598204179,1282.0833333333333,590.0517279583776,1047.5,675.0,157.1999999999998,163.06690217391304,2.772358031331591e-05,1.8010809320648166e-05,1.2246467991473532e-16,-1.0
bharuch,Mango,2008,6,1875.0,5,107.1,3.57,2.0765070947260835e-05,2008-06-01,933.3333333333334,1925.0,877.5,1575.0,2100.0,1401.0,1459.1666666666667,533.270178552427,1354.5833333333333,644.8845180857325,-50.0,300.0,445.69999999999976,-18.73309782608696,4.197262420000229e-05,-2.1207553252741457e-05,1.2246467991473532e-16,-1.0
banaskantha,Mango,2008,6,1700.0,2,24.7,0.8233333333333334,4.197262420000229e-05,2008-06-01,1000.0,1875.0,1925.0,877.5,400.0,1800.0,1559.1666666666667,590.869768505157,1317.0833333333333,597.683897780982,-175.0,822.5,552.7999999999997,-101.13309782608695,2.0765070947260835e-05,1.4249043886686381e-05,1.2246467991473532e-16,-1.0
amreli,Mango,2008,6,1700.0,2,193.4,6.446666666666667,2.110486122232645e-05,2008-06-01,1240.0,1700.0,1875.0,1925.0,1250.0,1450.0,1833.3333333333333,118.14539065633933,1533.75,402.50388196885893,0.0,-225.0,420.69999999999976,67.56690217391305,4.197262420000229e-05,-2.0867762977675843e-05,1.2246467991473532e-16,-1.0
navsari,Mango,2008,6,1893.75,4,237.7,7.923333333333333,2.817519470903645e-05,2008-06-01,1625.0,1700.0,1700.0,1875.0,1575.0,1320.0,1758.3333333333333,101.03629710821107,1608.75,380.3739935905204,193.75,18.75,325.19999999999976,111.86690217391303,2.110486122232645e-05,7.410123761775617e-06,1.2246467991473532e-16,-1.0
vadodara,Mango,2008,6,933.3333333333334,3,128.4,4.28,2.1123605540109328e-05,2008-06-01,2312.5,1893.75,1700.0,1700.0,877.5,571.2,1764.5833333333333,111.8616146555141,1661.875,396.6293531119468,-960.4166666666666,-766.6666666666666,455.7999999999997,2.56690217391305,2.817519470903645e-05,-2.0849018659892963e-05,1.2246467991473532e-16,-1.0
dahod,Mango,2008,6,1000.0,4,135.8,4.526666666666667,2.3721030704935395e-05,2008-06-01,1600.0,933.3333333333334,1893.75,1700.0,1925.0,1490.0,1509.0277777777776,507.89057448248866,1671.1805555555554,374.58870191431726,66.66666666666663,-700.0,559.4999999999998,9.966902173913056,2.1123605540109328e-05,2.616169482608947e-06,1.2246467991473532e-16,-1.0
valsad,Mango,2008,6,1240.0,4,295.2,9.84,2.6649335778106195e-05,2008-06-01,3300.0,1000.0,933.3333333333334,1893.75,1875.0,2100.0,1275.6944444444446,536.2887407226904,1517.0138888888887,434.75012113175427,240.0,-653.75,501.8999999999998,169.36690217391305,2.3721030704935395e-05,-1.5258589309302564e-06,1.2246467991473532e-16,-1.0
amreli,Mango,2008,7,1625.0,2,195.6,6.309677419354839,3.1284548429996967e-05,2008-07-01,683.3333333333334,1240.0,1000.0,933.3333333333334,1700.0,400.0,1057.7777777777778,161.29108721444206,1411.1805555555554,406.55056545098944,385.0,691.6666666666666,559.3999999999999,-175.8292400881057,2.6649335778106195e-05,1.0160942889887638e-05,-0.4999999999999997,-0.8660254037844388
bharuch,Mango,2008,7,2312.5,4,323.3,10.429032258064517,2.719646136032639e-05,2008-07-01,933.3333333333334,1625.0,1240.0,1000.0,1700.0,1250.0,1288.3333333333333,315.29087099587355,1398.6805555555554,396.9335951203751,687.5,1312.5,626.5999999999998,-48.12924008810569,3.1284548429996967e-05,3.4754306553909935e-06,-0.4999999999999997,-0.8660254037844388
dahod,Mango,2008,7,1600.0,3,190.4,6.141935483870968,3.156243699047845e-05,2008-07-01,1350.0,2312.5,1625.0,1240.0,1893.75,1575.0,1725.8333333333333,543.3135221337116,1500.7638888888887,542.1305972648488,-712.5,360.0,814.0999999999997,-181.0292400881057,2.719646136032639e-05,4.913101212372256e-06,-0.4999999999999997,-0.8660254037844388
ahmadabad,Mango,2008,7,3300.0,2,283.1,9.13225806451613,2.260650554224059e-05,2008-07-01,940.0,1600.0,2312.5,1625.0,933.3333333333334,877.5,1845.8333333333333,404.33845146527887,1451.8055555555554,511.9679939721356,1700.0,1675.0,709.2999999999997,-88.32924008810568,3.156243699047845e-05,-8.678042887756376e-06,-0.4999999999999997,-0.8660254037844388
anand,Mango,2008,7,683.3333333333334,3,253.3,8.170967741935485,2.9668871672618208e-05,2008-07-01,650.6666666666666,3300.0,1600.0,2312.5,1000.0,1925.0,2404.1666666666665,853.6990589975737,1846.25,839.5292579773512,-2616.6666666666665,-1629.1666666666665,796.7999999999998,-118.12924008810569,2.260650554224059e-05,2.4724103122918193e-06,-0.4999999999999997,-0.8660254037844388
vadodara,Mango,2008,7,933.3333333333334,3,219.4,7.077419354838709,2.886497073265893e-05,2008-07-01,1331.25,683.3333333333334,3300.0,1600.0,1240.0,1875.0,1861.111111111111,1327.7312869592163,1793.4722222222224,910.3373026684292,250.0,-666.6666666666666,726.7999999999997,-152.0292400881057,2.9668871672618208e-05,-2.697466257819522e-06,-0.4999999999999997,-0.8660254037844388
banaskantha,Mango,2008,7,1350.0,3,77.6,2.5032258064516126,4.197262420000229e-05,2008-07-01,1725.0,933.3333333333334,683.3333333333334,3300.0,1625.0,1700.0,1638.888888888889,1443.984969656055,1742.361111111111,955.1338499374303,416.66666666666663,-1950.0,755.7999999999998,-293.82924008810573,2.886497073265893e-05,1.93661186577617e-05,-0.4999999999999997,-0.8660254037844388
navsari,Mango,2008,7,940.0,5,422.6,13.63225806451613,3.5125837233799704e-05,2008-07-01,800.0,1350.0,933.3333333333334,683.3333333333334,2312.5,1700.0,988.888888888889,336.7876570272854,1696.5277777777776,968.3979348311242,-410.0,256.66666666666663,550.2999999999997,51.17075991189432,4.197262420000229e-05,5.456965561181496e-06,-0.4999999999999997,-0.8660254037844388
surat,Mango,2008,7,650.6666666666666,3,361.9,11.674193548387096,3.525357408849062e-05,2008-07-01,925.0,940.0,1350.0,933.3333333333334,1600.0,1893.75,1074.4444444444443,238.6613903824038,1467.7777777777776,955.8165018376621,-289.33333333333337,-282.66666666666674,719.5999999999998,-9.529240088105723,3.5125837233799704e-05,6.388603355831694e-06,-0.4999999999999997,-0.8660254037844388
valsad,Mango,2008,7,1331.25,4,439.6,14.180645161290322,3.644872026757997e-05,2008-07-01,2575.0,650.6666666666666,940.0,1350.0,3300.0,933.3333333333334,980.2222222222223,351.3974219429485,1309.5555555555554,1006.7679124950446,680.5833333333334,-18.75,862.0999999999998,68.17075991189432,3.525357408849062e-05,-5.523903932422323e-06,-0.4999999999999997,-0.8660254037844388
girsomnath,Mango,2008,7,1725.0,1,238.2,7.683870967741935,4.197262420000229e-05,2008-07-01,1812.5,1331.25,650.6666666666666,940.0,683.3333333333334,1000.0,973.9722222222223,341.56112529797247,981.4305555555557,303.48430499719166,393.75,785.0,1224.1,-133.2292400881057,3.644872026757997e-05,6.846786966202587e-06,-0.4999999999999997,-0.8660254037844388
anand,Mango,2008,8,800.0,2,245.6,7.922580645161291,4.775732386583196e-05,2008-08-01,2225.0,1725.0,1331.25,650.6666666666666,933.3333333333334,1240.0,1235.638888888889,543.5109393597404,1155.0416666666667,385.66884092587856,-925.0,149.33333333333337,1039.6999999999998,-61.58201086956521,4.197262420000229e-05,1.250374977734134e-05,-0.8660254037844384,-0.5000000000000004
vadodara,Mango,2008,8,925.0,4,316.3,10.203225806451613,5.358631850437028e-05,2008-08-01,1250.0,800.0,1725.0,1331.25,1350.0,1625.0,1285.4166666666667,464.20014092343536,1132.8194444444443,404.38578395947343,125.0,-406.25,923.3999999999997,9.117989130434808,4.775732386583196e-05,1.7137598236790315e-05,-0.8660254037844384,-0.5000000000000004
banaskantha,Mango,2008,8,2575.0,2,209.8,6.767741935483872,4.197262420000229e-05,2008-08-01,1168.75,925.0,800.0,1725.0,940.0,2312.5,1150.0,501.87149749712154,1061.986111111111,395.86782452068496,1650.0,850.0,800.0999999999998,-97.38201086956519,5.358631850437028e-05,0.0,-0.8660254037844384,-0.5000000000000004
bharuch,Mango,2008,8,1812.5,4,230.7,7.441935483870967,4.463436577894695e-05,2008-08-01,1225.0,2575.0,925.0,800.0,650.6666666666666,1600.0,1433.3333333333333,990.6857894071853,1334.486111111111,722.8208061643454,-762.5,1012.5,771.6999999999998,-76.48201086956522,4.197262420000229e-05,-3.12295808688501e-06,-0.8660254037844384,-0.5000000000000004
girsomnath,Mango,2008,8,2225.0,2,125.1,4.035483870967742,4.197262420000229e-05,2008-08-01,1700.0,1812.5,2575.0,925.0,1331.25,3300.0,1770.8333333333333,825.7887643540203,1528.125,655.4787134224885,412.5,1300.0,756.7999999999998,-182.0820108695652,4.463436577894695e-05,-1.1613694304367992e-05,-0.8660254037844384,-0.5000000000000004
amreli,Mango,2008,8,1250.0,2,122.2,3.941935483870968,5.940779699946841e-05,2008-08-01,516.8,2225.0,1812.5,2575.0,1725.0,683.3333333333334,2204.1666666666665,381.67667381350657,1677.0833333333333,701.7129339456899,-975.0,-1325.0,565.5999999999998,-184.98201086956522,4.197262420000229e-05,1.743517279946612e-05,-0.8660254037844384,-0.5000000000000004
navsari,Mango,2008,8,1168.75,4,407.0,13.129032258064516,5.759108547290248e-05,2008-08-01,1250.0,1250.0,2225.0,1812.5,800.0,933.3333333333334,1762.5,489.41929876130337,1597.9166666666667,721.7347446719382,-81.25,-643.75,477.9999999999998,99.8179891304348,5.940779699946841e-05,1.295671969395553e-05,-0.8660254037844384,-0.5000000000000004
dahod,Mango,2008,8,1225.0,6,302.8,9.76774193548387,5.726366090205783e-05,2008-08-01,2025.0,1168.75,1250.0,2225.0,925.0,1350.0,1547.9166666666667,587.7769737182105,1659.375,652.5879969398774,56.25,-1000.0,654.2999999999997,-4.3820108695651925,5.759108547290248e-05,1.529103670205554e-05,-0.8660254037844384,-0.5000000000000004
ahmadabad,Mango,2008,8,1700.0,3,235.9,7.609677419354837,3.8641801018280085e-05,2008-08-01,1225.0,1225.0,1168.75,1250.0,2575.0,940.0,1214.5833333333333,41.61455074052528,1709.375,593.9243165168451,475.0,450.0,831.9999999999998,-71.2820108695652,5.726366090205783e-05,-2.0765995981188326e-05,-0.8660254037844384,-0.5000000000000004
surat,Mango,2008,8,516.8,5,226.9,7.319354838709677,5.087481985193712e-05,2008-08-01,975.0,1700.0,1225.0,1168.75,1812.5,650.6666666666666,1364.5833333333333,291.83774744425494,1563.5416666666667,421.166843918972,-1183.2,-651.95,945.6999999999998,-80.2820108695652,3.8641801018280085e-05,-6.716265620965362e-06,-0.8660254037844384,-0.5000000000000004
valsad,Mango,2008,8,1250.0,5,500.1,16.13225806451613,5.544994305413371e-05,2008-08-01,735.5,516.8,1700.0,1225.0,2225.0,1331.25,1147.2666666666667,595.4178476778601,1347.5916666666667,572.8505917049113,733.2,25.0,765.5999999999999,192.91798913043482,5.087481985193712e-05,-1.8137178479241199e-06,-0.8660254037844384,-0.5000000000000004
banaskantha,Mango,2008,9,2025.0,4,93.6,3.12,4.197262420000229e-05,2008-09-01,1277.4,1250.0,516.8,1700.0,1250.0,1725.0,1155.6000000000001,597.2219687854778,1185.0916666666665,380.0079609911696,775.0,325.0,962.8999999999999,-112.97303042328045,5.544994305413371e-05,3.330823181722206e-06,-1.0,-1.8369701987210297e-16
girsomnath,Mango,2008,9,1225.0,2,366.6,12.22,4.197262420000229e-05,2008-09-01,683.3333333333334,2025.0,1250.0,516.8,1168.75,800.0,1263.9333333333334,754.196534951823,1314.2583333333332,514.4237556885051,-800.0,708.2,820.5999999999998,160.02696957671958,4.197262420000229e-05,-8.90219565193483e-06,-1.0,-1.8369701987210297e-16
navsari,Mango,2008,9,975.0,2,419.6,13.986666666666666,6.332669937919396e-05,2008-09-01,875.0,1225.0,2025.0,1250.0,1225.0,925.0,1500.0,454.83513496651113,1323.6333333333332,511.747209730221,-250.0,-275.0,960.2999999999998,213.02696957671958,4.197262420000229e-05,7.876756325060249e-06,-1.0,-1.8369701987210297e-16
surat,Mango,2008,9,735.5,4,368.5,12.283333333333331,5.729372116549357e-05,2008-09-01,1150.0,975.0,1225.0,2025.0,1700.0,2575.0,1408.3333333333333,548.4827557301479,1281.9666666666665,531.1922501944721,-239.5,-1289.5,879.7999999999997,161.92696957671956,6.332669937919396e-05,1.5321096965491278e-05,-1.0,-1.8369701987210297e-16
valsad,Mango,2008,9,1277.4,5,380.5,12.683333333333334,6.483506224941672e-05,2008-09-01,1240.0,735.5,975.0,1225.0,516.8,1812.5,978.5,244.76876843257818,1121.2166666666665,525.2916539092033,541.9000000000001,52.40000000000009,1154.6999999999998,173.92696957671956,5.729372116549357e-05,2.286243804941443e-05,-1.0,-1.8369701987210297e-16
anand,Mango,2008,9,683.3333333333334,3,163.20000000000002,5.44,5.391908444790199e-05,2008-09-01,1391.6666666666667,1277.4,735.5,975.0,1250.0,2225.0,995.9666666666667,271.5577348066789,1247.9833333333333,434.12247311866565,-594.0666666666667,-291.66666666666663,1168.5999999999997,-43.373030423280426,6.483506224941672e-05,-9.40761493129197e-06,-1.0,-1.8369701987210297e-16
vadodara,Mango,2008,9,875.0,4,202.6,6.753333333333333,5.441582448065138e-05,2008-09-01,2250.0,683.3333333333334,1277.4,735.5,2025.0,1250.0,898.7444444444445,328.9610350673666,1153.538888888889,491.4506374744809,191.66666666666663,139.5,912.1999999999997,-3.9730304232804485,5.391908444790199e-05,-2.877896684842188e-06,-1.0,-1.8369701987210297e-16
kheda,Mango,2008,9,1150.0,1,88.2,2.94,5.566711285030625e-05,2008-09-01,1725.0,875.0,683.3333333333334,1277.4,1225.0,1168.75,945.2444444444445,303.1988004471546,961.8722222222223,247.1199802315234,275.0,-127.40000000000009,746.2999999999997,-118.37303042328044,5.441582448065138e-05,-9.167949399110471e-06,-1.0,-1.8369701987210297e-16
dahod,Mango,2008,9,1240.0,5,169.8,5.66,5.78069598903869e-05,2008-09-01,1321.75,1150.0,875.0,683.3333333333334,975.0,1225.0,902.7777777777778,234.5701348171773,949.3722222222223,232.61975689157433,90.0,556.6666666666666,453.9999999999997,-36.77303042328043,5.566711285030625e-05,3.887875442484908e-06,-1.0,-1.8369701987210297e-16
amreli,Mango,2008,9,1391.6666666666667,3,569.9,18.996666666666663,5.7696613376692e-05,2008-09-01,1230.0,1240.0,1150.0,875.0,735.5,1700.0,1088.3333333333333,190.15344680897874,993.5388888888889,261.7874374514683,151.66666666666674,516.6666666666667,460.59999999999974,363.32696957671953,5.78069598903869e-05,3.280788896040618e-06,-1.0,-1.8369701987210297e-16
bharuch,Mango,2008,9,2250.0,5,323.7,10.79,4.534181211698532e-05,2008-09-01,783.3333333333334,1391.6666666666667,1240.0,1150.0,1277.4,516.8,1260.5555555555557,122.1375969658626,1102.9,269.37923288759754,858.3333333333333,1100.0,827.8999999999996,117.12696957671955,5.7696613376692e-05,-1.032530073332093e-05,-1.0,-1.8369701987210297e-16
ahmadabad,Mango,2008,9,1725.0,4,131.1,4.37,4.037186397074391e-05,2008-09-01,1450.0,2250.0,1391.6666666666667,1240.0,683.3333333333334,1250.0,1627.2222222222224,544.6465044547886,1265.0,545.995522977168,-525.0,485.0,1063.3999999999996,-75.47303042328045,4.534181211698532e-05,-1.7435095919642988e-05,-1.0,-1.8369701987210297e-16
valsad,Mango,2008,10,1321.75,4,62.8,2.025806451612904,5.648419259794165e-05,2008-10-01,650.0,1725.0,2250.0,1391.6666666666667,875.0,2025.0,1788.888888888889,432.71858103203357,1438.6111111111113,486.4102254346716,-403.25,-69.91666666666674,1024.6999999999998,28.312610619469027,4.037186397074391e-05,-1.212420778750352e-06,-0.8660254037844386,0.5000000000000001
dahod,Mango,2008,10,1230.0,5,17.2,0.5548387096774193,4.661101336456257e-05,2008-10-01,1250.0,1321.75,1725.0,2250.0,1150.0,1225.0,1765.5833333333333,465.45383319222907,1513.0694444444446,411.26860112160216,-91.75,-1020.0,517.5999999999998,-17.28738938053097,5.648419259794165e-05,1.2692012475772483e-06,-0.8660254037844386,0.5000000000000001
surat,Mango,2008,10,783.3333333333334,3,27.0,0.8709677419354839,5.162992467661886e-05,2008-10-01,1650.0,1230.0,1321.75,1725.0,1240.0,975.0,1425.5833333333333,263.3292061912944,1526.402777777778,398.23398487944746,-446.66666666666663,-941.6666666666666,211.09999999999977,-7.487389380530971,4.661101336456257e-05,1.1258060705874951e-05,-0.8660254037844386,0.5000000000000001
ahmadabad,Mango,2008,10,1450.0,2,2.2,0.0709677419354838,3.932383510342132e-05,2008-10-01,850.0,783.3333333333334,1230.0,1321.75,1391.6666666666667,735.5,1111.6944444444446,288.04562154734185,1450.2916666666667,495.6449887380199,666.6666666666666,128.25,106.99999999999977,-32.28738938053097,5.162992467661886e-05,-1.7160357494520327e-05,-0.8660254037844386,0.5000000000000001
anand,Mango,2008,10,650.0,3,8.8,0.2838709677419355,4.998169139523933e-05,2008-10-01,2450.0,1450.0,783.3333333333334,1230.0,2250.0,1277.4,1154.4444444444446,339.6948521726444,1460.013888888889,494.83650615539153,-800.0,-580.0,46.39999999999977,-25.68738938053097,3.932383510342132e-05,3.3706780306767597e-06,-0.8660254037844386,0.5000000000000001
banaskantha,Mango,2008,10,1250.0,3,0.0,0.0,4.197262420000229e-05,2008-10-01,1266.6666666666667,650.0,1450.0,783.3333333333334,1725.0,683.3333333333334,961.1111111111112,428.6067004885768,1193.3472222222224,407.35577003355365,600.0,466.66666666666663,37.99999999999977,-34.48738938053097,4.998169139523933e-05,-9.657300476616569e-06,-0.8660254037844386,0.5000000000000001
navsari,Mango,2008,10,1650.0,5,41.4,1.335483870967742,5.691856269120343e-05,2008-10-01,1575.0,1250.0,650.0,1450.0,1321.75,875.0,1116.6666666666667,416.3331998932288,1114.1805555555557,320.2012839894901,400.0,200.0,10.999999999999773,6.912610619469028,4.197262420000229e-05,1.7594727587782112e-05,-0.8660254037844386,0.5000000000000001
vadodara,Mango,2008,10,850.0,4,24.200000000000003,0.7806451612903227,5.2925989031873454e-05,2008-10-01,1850.0,1650.0,1250.0,650.0,1230.0,1150.0,1183.3333333333333,503.32229568471894,1168.888888888889,384.37057736088553,-800.0,200.0,50.199999999999775,-10.287389380530968,5.691856269120343e-05,2.9442976366341272e-06,-0.8660254037844386,0.5000000000000001
bharuch,Mango,2008,10,2450.0,5,23.3,0.7516129032258064,4.388901323448925e-05,2008-10-01,958.3333333333334,850.0,1650.0,1250.0,783.3333333333334,1240.0,1250.0,400.00000000000347,1105.5555555555557,403.1358561558598,1600.0,1200.0,65.59999999999977,-11.18738938053097,5.2925989031873454e-05,1.9163890344869573e-06,-0.8660254037844386,0.5000000000000001
amreli,Mango,2008,10,1266.6666666666667,3,29.2,0.9419354838709676,5.007646959967691e-05,2008-10-01,1740.0,2450.0,850.0,1650.0,1450.0,1391.6666666666667,1650.0,800.0000000000033,1383.3333333333333,640.8327915038892,-1183.3333333333333,-383.33333333333326,88.89999999999978,-5.287389380530971,4.388901323448925e-05,-6.8420930915265256e-06,-0.8660254037844386,0.5000000000000001
girsomnath,Mango,2008,10,1575.0,2,10.5,0.3387096774193548,4.197262420000229e-05,2008-10-01,816.6666666666666,1266.6666666666667,2450.0,850.0,650.0,2250.0,1522.2222222222224,830.049083778475,1352.7777777777778,641.3888287377868,308.33333333333326,725.0,76.69999999999976,-23.98738938053097,5.007646959967691e-05,-1.0953364831871163e-05,-0.8660254037844386,0.5000000000000001
ahmadabad,Mango,2008,11,1850.0,2,6.2,0.2066666666666666,3.5746072079531186e-05,2008-11-01,963.5,1575.0,1266.6666666666667,2450.0,1250.0,1725.0,1763.888888888889,613.8637501137443,1506.9444444444443,542.1771099175243,275.0,-600.0,62.999999999999766,-3.5950566893424023,4.197262420000229e-05,-8.142941154958062e-06,-0.5000000000000004,0.8660254037844384
navsari,Mango,2008,11,958.3333333333334,3,15.6,0.52,5.23849551842868e-05,2008-11-01,1775.0,1850.0,1575.0,1266.6666666666667,1650.0,1321.75,1563.888888888889,291.8253536570147,1606.9444444444443,540.6379119631297,-891.6666666666666,-308.33333333333337,45.899999999999764,5.804943310657597,3.5746072079531186e-05,2.3084855846098944e-06,-0.5000000000000004,0.8660254037844384
vadodara,Mango,2008,11,1740.0,5,14.2,0.4733333333333334,5.079162948265543e-05,2008-11-01,1525.0,958.3333333333334,1850.0,1575.0,850.0,1230.0,1461.111111111111,456.6129327673214,1491.6666666666667,600.0925854492053,781.6666666666666,165.0,32.29999999999977,4.404943310657597,5.23849551842868e-05,8.819005282653138e-06,-0.5000000000000004,0.8660254037844384
anand,Mango,2008,11,816.6666666666666,3,12.0,0.4,4.516731916109315e-05,2008-11-01,1937.5,1740.0,958.3333333333334,1850.0,2450.0,783.3333333333334,1516.111111111111,486.17078998747076,1640.0,513.511873713204,-923.3333333333334,-1033.3333333333335,35.999999999999766,2.2049433106575975,5.079162948265543e-05,9.421247081561967e-06,-0.5000000000000004,0.8660254037844384
surat,Mango,2008,11,963.5,2,9.7,0.3233333333333333,4.823182168507812e-05,2008-11-01,2225.0,816.6666666666666,1740.0,958.3333333333334,1266.6666666666667,1450.0,1171.6666666666665,497.2619475130253,1367.7777777777776,423.2305211986423,146.83333333333337,5.166666666666629,41.79999999999977,-0.09505668934240319,4.516731916109315e-05,-4.153133499208682e-06,-0.5000000000000004,0.8660254037844384
amreli,Mango,2008,11,1775.0,2,1.7,0.0566666666666666,4.551386857984996e-05,2008-11-01,900.0,963.5,816.6666666666666,1740.0,1575.0,650.0,1173.388888888889,496.1613854083897,1317.25,454.64691733744843,811.5,35.0,35.899999999999764,-8.095056689342403,4.823182168507812e-05,-5.2777609028054686e-06,-0.5000000000000004,0.8660254037844384
girsomnath,Mango,2008,11,1525.0,2,0.7,0.0233333333333333,4.197262420000229e-05,2008-11-01,1377.5,1775.0,963.5,816.6666666666666,1850.0,1250.0,1185.0555555555554,516.1548629942325,1350.5833333333333,483.7256310255964,-250.0,708.3333333333334,23.399999999999764,-9.095056689342403,4.551386857984996e-05,-3.194694961090862e-06,-0.5000000000000004,0.8660254037844384
bharuch,Mango,2008,11,1937.5,4,10.0,0.3333333333333333,4.2098228752530944e-05,2008-11-01,1780.0,1525.0,1775.0,963.5,958.3333333333334,1650.0,1421.1666666666667,415.59485479651573,1296.4166666666667,432.053800019293,412.5,974.0,12.099999999999765,0.20494331065759752,4.197262420000229e-05,-6.133592932547174e-06,-0.5000000000000004,0.8660254037844384
banaskantha,Mango,2008,11,2225.0,3,0.7,0.0233333333333333,4.197262420000229e-05,2008-11-01,1435.0,1937.5,1525.0,1775.0,1740.0,850.0,1745.8333333333333,207.79096066320815,1459.611111111111,462.6543786392546,287.5,450.0,12.399999999999766,-9.095056689342403,4.2098228752530944e-05,-3.5412443798476693e-06,-0.5000000000000004,0.8660254037844384
dahod,Mango,2008,11,900.0,5,8.799999999999999,0.2933333333333333,4.451559824969999e-05,2008-11-01,2366.6666666666665,2225.0,1937.5,1525.0,816.6666666666666,2450.0,1895.8333333333333,351.8552022257732,1540.4444444444443,554.6608740349244,-1325.0,-625.0,11.399999999999766,-0.9950566893424035,4.197262420000229e-05,2.5429740496977013e-06,-0.5000000000000004,0.8660254037844384
valsad,Mango,2008,11,1377.5,4,14.4,0.48,5.065171380971825e-05,2008-11-01,1275.0,900.0,2225.0,1937.5,963.5,1266.6666666666667,1687.5,696.9800929725362,1554.3333333333333,533.5542771515076,477.5,-560.0,19.499999999999766,4.604943310657598,4.451559824969999e-05,8.553485057187305e-06,-0.5000000000000004,0.8660254037844384
vadodara,Mango,2008,12,1780.0,5,8.1,0.2612903225806451,4.882772714897682e-05,2008-12-01,1310.0,1377.5,900.0,2225.0,1775.0,1575.0,1500.8333333333333,671.0548288577749,1623.3333333333333,464.1165442716603,402.5,-445.0,23.899999999999764,4.400557578682578,5.065171380971825e-05,6.855102948974528e-06,-2.4492935982947064e-16,1.0
navsari,Mango,2008,12,1435.0,5,3.3,0.1064516129032258,5.192459640878868e-05,2008-12-01,2500.0,1780.0,1377.5,900.0,1525.0,1850.0,1352.5,440.53234841496413,1624.1666666666667,464.44770067970836,-345.0,535.0,31.299999999999763,-0.39944242131742147,4.882772714897682e-05,7.408998159088689e-06,-2.4492935982947064e-16,1.0
banaskantha,Mango,2008,12,2366.6666666666665,3,4.2,0.1354838709677419,4.197262420000229e-05,2008-12-01,1150.0,1435.0,1780.0,1377.5,1937.5,958.3333333333334,1530.8333333333333,217.69148658902043,1609.1666666666667,469.7144522650628,931.6666666666665,989.1666666666665,25.799999999999766,0.5005575786825789,5.192459640878868e-05,-8.679089609715958e-06,-2.4492935982947064e-16,1.0
girsomnath,Mango,2008,12,1275.0,2,4.5,0.1451612903225806,4.197262420000229e-05,2008-12-01,1850.0,2366.6666666666665,1435.0,1780.0,2225.0,1740.0,1860.5555555555554,471.0282290825028,1680.6944444444443,554.7007242815895,-1091.6666666666665,-505.0,15.599999999999765,0.8005575786825787,4.197262420000229e-05,-6.855102948974528e-06,-2.4492935982947064e-16,1.0
valsad,Mango,2008,12,1310.0,5,3.5,0.1129032258064516,4.987881459709111e-05,2008-12-01,400.0,1275.0,2366.6666666666665,1435.0,900.0,816.6666666666666,1692.222222222222,589.5392111484074,1522.361111111111,501.2718315186632,35.0,-125.0,11.999999999999766,-0.1994424213174213,4.197262420000229e-05,-2.0457818116975733e-06,-2.4492935982947064e-16,1.0
bharuch,Mango,2008,12,2500.0,6,9.4,0.3032258064516129,4.14941223927689e-05,2008-12-01,655.0,1310.0,1275.0,2366.6666666666665,1377.5,963.5,1650.5555555555554,620.4172729644117,1590.6944444444443,420.9784953159956,1190.0,133.33333333333348,12.199999999999765,5.700557578682579,4.987881459709111e-05,-4.785018072333915e-07,-2.4492935982947064e-16,1.0
dahod,Mango,2008,12,1150.0,5,3.0,0.0967741935483871,4.3737494044200296e-05,2008-12-01,1308.3333333333333,2500.0,1310.0,1275.0,1780.0,1775.0,1695.0,697.3700595809983,1777.7777777777776,539.9070564732706,-1350.0,-125.0,17.399999999999764,-0.6994424213174213,4.14941223927689e-05,1.764869844198005e-06,-2.4492935982947064e-16,1.0
ahmadabad,Mango,2008,12,1850.0,2,0.8,0.0258064516129032,3.776113612431969e-05,2008-12-01,2900.0,1150.0,2500.0,1310.0,1435.0,1525.0,1653.3333333333333,737.5861531599804,1672.7777777777776,597.5697696751662,700.0,540.0,15.899999999999766,-2.8994424213174215,4.3737494044200296e-05,-1.211767847277142e-05,-2.4492935982947064e-16,1.0
anand,Mango,2008,12,400.0,2,3.4,0.1096774193548387,4.9075478778903866e-05,2008-12-01,2416.6666666666665,1850.0,1150.0,2500.0,2366.6666666666665,1937.5,1833.3333333333333,675.154303350974,1741.9444444444443,588.4918735081962,-1450.0,-2100.0,13.199999999999767,-0.2994424213174214,3.776113612431969e-05,7.581356386134966e-06,-2.4492935982947064e-16,1.0
surat,Mango,2008,12,655.0,3,3.6,0.1161290322580645,4.54635634268303e-05,2008-12-01,2125.0,400.0,1850.0,1150.0,1275.0,2225.0,1133.3333333333333,725.1436639269044,1414.1666666666667,706.7560871097377,255.0,-495.0,7.199999999999766,-0.0994424213174212,4.9075478778903866e-05,1.7260693826300023e-06,-2.4492935982947064e-16,1.0
amreli,Mango,2008,12,1308.3333333333333,3,5.9,0.1903225806451613,4.486380532606009e-05,2008-12-01,2000.0,655.0,400.0,1850.0,1310.0,900.0,968.3333333333334,774.1177774301107,1310.8333333333333,773.3590153781533,653.3333333333333,-541.6666666666667,7.799999999999766,2.200557578682579,4.54635634268303e-05,7.102669201740403e-06,-2.4492935982947064e-16,1.0
junagadh,Mango,2009,1,2900.0,2,0.0,0.0,4.8777517975116965e-05,2009-01-01,1639.0,1308.3333333333333,655.0,400.0,2500.0,1377.5,787.7777777777777,468.4974010758382,1310.5555555555557,773.3596738809085,1591.6666666666667,2500.0,12.899999999999768,-1.0126696832579185,4.486380532606009e-05,-2.9796080378690097e-07,0.49999999999999994,0.8660254037844387
bharuch,Mango,2009,1,2416.6666666666665,3,0.0,0.0,3.874440197301296e-05,2009-01-01,1700.0,2900.0,1308.3333333333333,655.0,1150.0,1780.0,1621.111111111111,1154.7201841587892,1377.2222222222224,902.8083755498524,-483.3333333333335,1761.6666666666665,9.499999999999766,-1.0126696832579185,4.8777517975116965e-05,-6.7191614538173375e-06,0.49999999999999994,0.8660254037844387
girsomnath,Mango,2009,1,2125.0,1,0.0,0.0,4.197262420000229e-05,2009-01-01,3470.0,2416.6666666666665,2900.0,1308.3333333333333,1850.0,1435.0,2208.3333333333335,816.0286623506462,1588.3333333333333,983.5367021339089,-291.6666666666665,816.6666666666667,5.899999999999767,-1.0126696832579185,3.874440197301296e-05,-2.8911811260577997e-06,0.49999999999999994,0.8660254037844387
amreli,Mango,2009,1,2000.0,3,0.0,0.0,4.057763657800795e-05,2009-01-01,3775.0,2125.0,2416.6666666666665,2900.0,400.0,2366.6666666666665,2480.555555555555,391.43018865769807,1634.1666666666667,1004.3564827512419,-125.0,-900.0,0.0,-1.0126696832579185,4.197262420000229e-05,-8.199881397109013e-06,0.49999999999999994,0.8660254037844387
surat,Mango,2009,1,1639.0,3,0.0,0.0,4.080431599573151e-05,2009-01-01,1750.0,2000.0,2125.0,2416.6666666666665,655.0,1275.0,2180.555555555555,213.8167266436364,1900.8333333333333,803.4500261027107,-361.0,-777.6666666666665,0.0,-1.0126696832579185,4.057763657800795e-05,2.0599140227185505e-06,0.49999999999999994,0.8660254037844387
vadodara,Mango,2009,1,1700.0,2,0.0,0.0,4.693248816264612e-05,2009-01-01,1450.0,1639.0,2000.0,2125.0,1308.3333333333333,1310.0,1921.3333333333333,252.36943819198652,2064.8333333333335,562.6259365195023,61.0,-425.0,0.0,-1.0126696832579185,4.080431599573151e-05,4.959863962643829e-06,0.49999999999999994,0.8660254037844387
ahmadabad,Mango,2009,1,3470.0,5,0.0,0.0,4.0747087302437816e-05,2009-01-01,3000.0,1700.0,1639.0,2000.0,2900.0,2500.0,1779.6666666666667,193.23646998777983,2130.111111111111,472.8601703894541,1770.0,1470.0,0.0,-1.0126696832579185,4.693248816264612e-05,1.694507244298635e-07,0.49999999999999994,0.8660254037844387
navsari,Mango,2009,1,3775.0,1,0.0,0.0,4.6444892309610943e-05,2009-01-01,1550.0,3470.0,1700.0,1639.0,2416.6666666666665,1150.0,2269.6666666666665,1039.9665058709058,2225.111111111111,673.2617673738876,305.0,2136.0,0.0,-1.0126696832579185,4.0747087302437816e-05,5.640576313879432e-06,0.49999999999999994,0.8660254037844387
banaskantha,Mango,2009,1,1750.0,1,0.0,0.0,4.197262420000229e-05,2009-01-01,2583.333333333333,3775.0,3470.0,1700.0,2125.0,1850.0,2981.6666666666665,1120.3831189969549,2451.5,929.9846772931284,-2025.0,50.0,0.0,-1.0126696832579185,4.6444892309610943e-05,-4.959863962643829e-06,0.49999999999999994,0.8660254037844387
mahesana,Mango,2009,1,1450.0,2,0.0,0.0,5.3106669456743136e-05,2009-01-01,1200.0,1750.0,3775.0,3470.0,2000.0,400.0,2998.3333333333335,1091.7913414812124,2389.0,968.1342882059306,-300.0,-2020.0,0.0,-1.0126696832579185,4.197262420000229e-05,1.235958215430532e-05,0.49999999999999994,0.8660254037844387
rajkot,Mango,2009,1,3000.0,2,0.0,0.0,4.306446361443535e-05,2009-01-01,1375.0,1450.0,1750.0,3775.0,1639.0,655.0,2325.0,1264.663986994177,2297.3333333333335,1035.9925997161708,1550.0,-775.0,0.0,-1.0126696832579185,5.3106669456743136e-05,-3.3804286951755953e-06,0.49999999999999994,0.8660254037844387
dahod,Mango,2009,1,1550.0,3,0.1,0.0032258064516129,4.06693275399387e-05,2009-01-01,1763.5,3000.0,1450.0,1750.0,1700.0,1308.3333333333333,2066.6666666666665,822.0908303425724,2524.1666666666665,1011.7332487699863,-1450.0,-200.0,0.0,-0.9126696832579185,4.306446361443535e-05,-1.303296660063591e-06,0.49999999999999994,0.8660254037844387
bharuch,Mango,2009,2,2583.333333333333,3,0.0,0.0,3.3896769927133206e-05,2009-02-01,2012.5,1550.0,3000.0,1450.0,3470.0,2900.0,2000.0,867.4675786448773,2499.1666666666665,1037.6917493488472,1033.333333333333,1133.333333333333,0.09999999999976641,-0.3375549656799657,4.06693275399387e-05,-1.920989952960993e-05,0.8660254037844386,0.5000000000000001
dahod,Mango,2009,2,1200.0,3,0.0,0.0,3.2542902937863247e-05,2009-02-01,1175.0,2583.333333333333,1550.0,3000.0,3775.0,2416.6666666666665,2377.777777777778,746.5352066813884,2351.388888888889,929.2532346320231,-1383.333333333333,-1800.0,0.09999999999976641,-0.3375549656799657,3.3896769927133206e-05,-1.0521560676572102e-05,0.8660254037844386,0.5000000000000001
vadodara,Mango,2009,2,1375.0,4,0.0,0.0,4.182403444034756e-05,2009-02-01,2125.0,1200.0,2583.333333333333,1550.0,1750.0,2125.0,1777.7777777777776,719.2460043787663,1922.2222222222224,708.7286478591777,175.0,-175.0,0.09999999999976641,-0.3375549656799657,3.2542902937863247e-05,1.154706900408858e-06,0.8660254037844386,0.5000000000000001
surat,Mango,2009,2,1763.5,2,0.0,0.0,3.607889458846537e-05,2009-02-01,1475.0,1375.0,1200.0,2583.333333333333,1450.0,2000.0,1719.4444444444443,753.2491349210196,1859.7222222222224,742.6756557405334,388.5,-819.833333333333,0.0,-0.3375549656799657,4.182403444034756e-05,2.182124661332161e-06,0.8660254037844386,0.5000000000000001
rajkot,Mango,2009,2,2012.5,4,0.0,0.0,3.415335337813939e-05,2009-02-01,2801.0,1763.5,1375.0,1200.0,3000.0,1639.0,1446.1666666666667,288.4121761183767,1911.9722222222224,718.7268869069565,249.0,812.5,0.0,-0.3375549656799657,3.607889458846537e-05,1.6104504402761428e-06,0.8660254037844386,0.5000000000000001
amreli,Mango,2009,2,1175.0,2,0.0,0.0,3.2781212069922336e-05,2009-02-01,3220.0,2012.5,1763.5,1375.0,1550.0,1700.0,1717.0,321.2837530906371,1747.388888888889,499.3229490093649,-837.5,-200.0,0.0,-0.3375549656799657,3.415335337813939e-05,-9.042822370425222e-06,0.8660254037844386,0.5000000000000001
banaskantha,Mango,2009,2,2125.0,2,0.0,0.0,4.197262420000229e-05,2009-02-01,4350.0,1175.0,2012.5,1763.5,2583.333333333333,3470.0,1650.3333333333333,430.06578954078475,1684.888888888889,549.8811150973835,950.0,361.5,0.0,-0.3375549656799657,3.2781212069922336e-05,5.893729611536924e-06,0.8660254037844386,0.5000000000000001
mahesana,Mango,2009,2,1475.0,2,0.0,0.0,4.2842499625211e-05,2009-02-01,2190.0,2125.0,1175.0,2012.5,1200.0,3775.0,1770.8333333333333,519.0636601933708,1608.5,415.530985607573,-650.0,-537.5,0.0,-0.3375549656799657,4.197262420000229e-05,8.689146247071613e-06,0.8660254037844386,0.5000000000000001
junagadh,Mango,2009,2,2801.0,2,0.0,0.0,3.5361446102987e-05,2009-02-01,1375.0,1475.0,2125.0,1175.0,1375.0,1750.0,1591.6666666666667,485.6267428111206,1654.3333333333333,374.6133562310184,1326.0,1626.0,0.0,-0.3375549656799657,4.2842499625211e-05,2.580234033064662e-06,0.8660254037844386,0.5000000000000001
navsari,Mango,2009,2,3220.0,1,0.0,0.0,4.13779834566212e-05,2009-02-01,3500.0,2801.0,1475.0,2125.0,1763.5,1450.0,2133.6666666666665,663.0424822990913,1892.0,565.6112622641118,419.0,1095.0,0.0,-0.3375549656799657,3.5361446102987e-05,-5.946407433810906e-07,0.8660254037844386,0.5000000000000001
ahmadabad,Mango,2009,2,4350.0,3,0.0,0.0,3.3766832062874406e-05,2009-02-01,2458.333333333333,3220.0,2801.0,1475.0,2012.5,3000.0,2498.6666666666665,910.9392588605139,2134.75,773.7036738958932,1130.0,2875.0,0.0,-0.3375549656799657,4.13779834566212e-05,-9.075667562336597e-06,0.8660254037844386,0.5000000000000001
navsari,Mango,2009,3,2190.0,1,0.1,0.0032258064516129,4.069181816407962e-05,2009-03-01,4040.0,4350.0,3220.0,2801.0,1175.0,1550.0,3457.0,801.2346722402953,2524.3333333333335,1181.0862232143218,-2160.0,-611.0,0.0,-1.8086255656108596,3.3766832062874406e-05,5.33037206109262e-06,1.0,6.123233995736766e-17
amreli,Mango,2009,3,1375.0,1,0.0,0.0,2.783630928743344e-05,2009-03-01,2200.0,2190.0,4350.0,3220.0,2125.0,2583.333333333333,3253.3333333333335,1080.385733584698,2693.5,1009.3757972133096,-815.0,-1845.0,0.09999999999976641,-1.9086255656108597,4.069181816407962e-05,-1.3541674169187762e-05,1.0,6.123233995736766e-17
bharuch,Mango,2009,3,3500.0,2,0.0,0.0,2.993439348975648e-05,2009-03-01,1750.0,1375.0,2190.0,4350.0,1475.0,1200.0,2638.3333333333335,1537.3380673532233,2568.5,1132.757476249883,2125.0,-850.0,0.09999999999976641,-1.9086255656108597,2.783630928743344e-05,-3.8324385731179265e-06,1.0,6.123233995736766e-17
valsad,Mango,2009,3,2458.333333333333,3,0.1,0.0032258064516129,3.480548751364965e-05,2009-03-01,1848.3333333333333,3500.0,1375.0,2190.0,2801.0,1375.0,2355.0,1072.065762908232,2906.0,1039.6355130525337,-1041.666666666667,268.33333333333303,0.09999999999976641,-1.8086255656108596,2.993439348975648e-05,-5.8863306504299665e-06,1.0,6.123233995736766e-17
ahmadabad,Mango,2009,3,4040.0,5,0.2,0.0064516129032258,2.6851341813599344e-05,2009-03-01,2212.5,2458.333333333333,3500.0,1375.0,3220.0,1763.5,2444.4444444444443,1062.5680806075138,2848.8888888888887,1055.8428264065058,1581.666666666667,2665.0,0.09999999999976641,-1.7086255656108598,3.480548751364965e-05,-9.849674738340945e-07,1.0,6.123233995736766e-17
rajkot,Mango,2009,3,2200.0,2,0.0,0.0,2.6022374054252544e-05,2009-03-01,1712.5,4040.0,2458.333333333333,3500.0,4350.0,2012.5,3332.7777777777774,803.9837155159481,2985.555555555555,1161.2903104672796,-1840.0,-1300.0,0.29999999999976645,-1.9086255656108597,2.6851341813599344e-05,-3.912019435503936e-06,1.0,6.123233995736766e-17
mahesana,Mango,2009,3,1750.0,1,1.2999999999999998,0.0419354838709677,3.4192965270495324e-05,2009-03-01,3325.0,2200.0,4040.0,2458.333333333333,2190.0,1175.0,2899.444444444444,996.159755892232,2627.222222222222,972.4143302263875,-450.0,-708.333333333333,0.29999999999976645,-0.6086255656108599,2.6022374054252544e-05,-6.125222431543277e-07,1.0,6.123233995736766e-17
surat,Mango,2009,3,1848.3333333333333,3,0.2,0.0064516129032258,3.432149056666121e-05,2009-03-01,2050.0,1750.0,2200.0,4040.0,1375.0,2125.0,2663.3333333333335,1213.2738080636805,2553.8888888888887,1027.0381723224368,98.33333333333326,-2191.666666666667,1.4999999999997662,-1.7086255656108598,3.4192965270495324e-05,7.470148753061868e-06,1.0,6.123233995736766e-17
dahod,Mango,2009,3,2212.5,4,1.8,0.0580645161290322,2.713514452712712e-05,2009-03-01,1869.0,1848.3333333333333,1750.0,2200.0,3500.0,1475.0,1932.7777777777776,236.58644962921448,2632.777777777778,932.1722937232093,364.16666666666674,12.5,1.4999999999997662,-0.10862556561085968,3.432149056666121e-05,1.1127704728745761e-06,1.0,6.123233995736766e-17
vadodara,Mango,2009,3,1712.5,4,1.2,0.0387096774193548,3.614609821617392e-05,2009-03-01,1875.0,2212.5,1848.3333333333333,1750.0,2458.333333333333,2801.0,1936.9444444444443,243.6503832528649,2418.1944444444443,835.8240140169526,-500.0,-37.5,3.2999999999997662,-0.7086255656108598,2.713514452712712e-05,1.953132945678595e-06,1.0,6.123233995736766e-17
girsomnath,Mango,2009,4,3325.0,1,0.0,0.0,4.197262420000229e-05,2009-04-01,1550.0,1712.5,2212.5,1848.3333333333333,4040.0,3220.0,1924.4444444444443,258.5433733939715,2293.8888888888887,882.8013597297773,1612.5,1476.6666666666667,3.1999999999997666,-0.978716960352423,3.614609821617392e-05,7.651133633341079e-06,0.8660254037844387,-0.4999999999999998
junagadh,Mango,2009,4,2050.0,1,0.7,0.0233333333333333,3.305573107524502e-05,2009-04-01,3000.0,3325.0,1712.5,2212.5,2200.0,4350.0,2416.6666666666665,825.41025153153,2174.722222222222,604.2802575209886,-1275.0,-162.5,2.9999999999997664,-0.278716960352423,4.197262420000229e-05,5.920586548117901e-06,0.8660254037844387,-0.4999999999999998
surat,Mango,2009,4,1869.0,3,0.2,0.0066666666666666,3.4199002088517296e-05,2009-04-01,4250.0,2050.0,3325.0,1712.5,1750.0,2190.0,2362.5,850.4594346587085,2149.722222222222,606.1253690145014,-181.0,156.5,1.8999999999997663,-0.7787169603524229,3.305573107524502e-05,-1.947096127656623e-06,0.8660254037844387,-0.4999999999999998
valsad,Mango,2009,4,1875.0,2,0.2,0.0066666666666666,3.361804272503706e-05,2009-04-01,1475.0,1869.0,2050.0,3325.0,1848.3333333333333,1375.0,2414.6666666666665,793.5492003230447,2169.555555555555,592.2173180951858,6.0,-1450.0,0.8999999999997663,-0.7787169603524229,3.4199002088517296e-05,-8.354581474965232e-06,0.8660254037844387,-0.4999999999999998
mahesana,Mango,2009,4,1550.0,2,0.0,0.0,3.343228588495515e-05,2009-04-01,1666.6666666666667,1875.0,1869.0,2050.0,2212.5,3500.0,1931.3333333333333,102.81212639247478,2174.0,589.4179332188686,-325.0,-500.0,1.0999999999997665,-0.978716960352423,3.361804272503706e-05,3.7655480971012764e-07,0.8660254037844387,-0.4999999999999998
bharuch,Mango,2009,4,3000.0,2,0.0,0.0,2.750165119303067e-05,2009-04-01,2583.333333333333,1550.0,1875.0,1869.0,1712.5,2458.333333333333,1764.6666666666667,185.9309907824453,2063.5833333333335,640.5950684064537,1450.0,1131.0,0.39999999999976643,-0.978716960352423,3.343228588495515e-05,-6.6973508954866245e-06,0.8660254037844387,-0.4999999999999998
ahmadabad,Mango,2009,4,4250.0,8,1.5,0.05,2.3134792960604133e-05,2009-04-01,1675.0,3000.0,1550.0,1875.0,3325.0,4040.0,2141.6666666666665,760.893115577571,2278.1666666666665,711.2173835520821,1250.0,2375.0,0.19999999999976642,0.521283039647577,2.750165119303067e-05,-1.0483249764432926e-05,0.8660254037844387,-0.4999999999999998
amreli,Mango,2009,4,1475.0,4,0.4,0.0133333333333333,2.557813733582555e-05,2009-04-01,2147.5,4250.0,3000.0,1550.0,2050.0,2200.0,2933.3333333333335,1351.2340039139578,2432.3333333333335,1017.7242586607974,-2775.0,-75.0,1.4999999999997664,-0.5787169603524229,2.3134792960604133e-05,-7.854148549129597e-06,0.8660254037844387,-0.4999999999999998
dahod,Mango,2009,4,1666.6666666666667,3,0.7,0.0233333333333333,2.59568868367084e-05,2009-04-01,2050.0,1475.0,4250.0,3000.0,1869.0,1750.0,2908.3333333333335,1389.7691654851699,2336.5,1085.7271756753642,191.66666666666674,-1333.3333333333333,1.8999999999997663,-0.278716960352423,2.557813733582555e-05,-1.5447643563222722e-06,0.8660254037844387,-0.4999999999999998
banaskantha,Mango,2009,4,2583.333333333333,3,0.0,0.0,4.197262420000229e-05,2009-04-01,4250.0,1666.6666666666667,1475.0,4250.0,1875.0,1848.3333333333333,2463.888888888889,1549.783437678863,2302.777777777778,1106.1026005588117,916.6666666666663,-1666.666666666667,2.5999999999997665,-0.978716960352423,2.59568868367084e-05,1.8837831239398158e-05,0.8660254037844387,-0.4999999999999998
vadodara,Mango,2009,4,1675.0,4,0.0,0.0,3.279210323128424e-05,2009-04-01,1575.0,2583.333333333333,1666.6666666666667,1475.0,1550.0,2212.5,1908.3333333333333,592.3704734182709,2420.8333333333335,1088.9820680086737,-908.333333333333,200.0,1.0999999999997665,-0.978716960352423,4.197262420000229e-05,7.213965895458688e-06,0.8660254037844387,-0.4999999999999998
navsari,Mango,2009,4,2147.5,2,0.0,0.0,3.895945998805775e-05,2009-04-01,1925.0,1675.0,2583.333333333333,1666.6666666666667,3000.0,1712.5,1975.0,526.8485972691332,2441.6666666666665,1070.0207682304338,472.5,480.83333333333326,0.6999999999997664,-0.978716960352423,3.279210323128424e-05,1.3002573151349354e-05,0.8660254037844387,-0.4999999999999998
rajkot,Mango,2009,4,2050.0,2,0.0,0.0,2.3638440152131447e-05,2009-04-01,2175.0,2147.5,1675.0,2583.333333333333,4250.0,3325.0,2135.277777777778,454.2899934492917,2299.5833333333335,1037.1493718093104,-97.5,-533.333333333333,0.0,-0.978716960352423,3.895945998805775e-05,-1.8334184047870844e-05,0.8660254037844387,-0.4999999999999998
ahmadabad,Mango,2009,5,4250.0,2,0.0,0.0,2.0974650475139565e-05,2009-05-01,1283.5,2050.0,2147.5,1675.0,1475.0,2050.0,1957.5,249.46192094187265,1932.9166666666667,407.40498210557854,2200.0,2575.0,0.0,-7.417019969278034,2.3638440152131447e-05,-1.1817452756144674e-05,0.49999999999999994,-0.8660254037844387
mahesana,Mango,2009,5,1575.0,2,0.0,0.0,2.966968383357862e-05,2009-05-01,2000.0,4250.0,2050.0,2147.5,1666.6666666666667,1869.0,2815.8333333333335,1242.9811275048967,2395.4166666666665,970.1179409970973,-2675.0,-572.5,0.0,-7.417019969278034,2.0974650475139565e-05,-9.289776154479133e-06,0.49999999999999994,-0.8660254037844387
rajkot,Mango,2009,5,1925.0,2,0.1,0.0032258064516129,1.9934773664138863e-05,2009-05-01,1675.0,1575.0,4250.0,2050.0,2583.333333333333,1875.0,2625.0,1427.1912976192123,2380.138888888889,984.505010520893,350.0,-125.0,0.0,-7.317019969278034,2.966968383357862e-05,-3.7036664879925844e-06,0.49999999999999994,-0.8660254037844387
dahod,Mango,2009,5,2175.0,4,0.0,0.0,2.463154923521652e-05,2009-05-01,4125.0,1925.0,1575.0,4250.0,1675.0,1550.0,2583.3333333333335,1453.9457807405831,2270.4166666666665,993.9698394149943,250.0,-2075.0,0.09999999999976641,-7.417019969278034,1.9934773664138863e-05,3.656898760076955e-06,0.49999999999999994,-0.8660254037844387
surat,Mango,2009,5,1283.5,2,0.0,0.0,3.37757353885223e-05,2009-05-01,2800.0,2175.0,1925.0,1575.0,2147.5,3000.0,1891.6666666666667,301.3856886671002,2353.75,954.2323485399157,-891.5,-291.5,0.09999999999976641,-7.417019969278034,2.463154923521652e-05,4.106051554943682e-06,0.49999999999999994,-0.8660254037844387
banaskantha,Mango,2009,5,2000.0,2,0.8999999999999999,0.0290322580645161,4.197262420000229e-05,2009-05-01,2225.0,1283.5,2175.0,1925.0,2050.0,4250.0,1794.5,459.85405293419853,2209.75,1051.78675357698,716.5,75.0,0.09999999999976641,-6.517019969278033,3.37757353885223e-05,2.2037850535863428e-05,0.49999999999999994,-0.8660254037844387
vadodara,Mango,2009,5,1675.0,4,0.0,0.0,2.884019494387979e-05,2009-05-01,2750.0,2000.0,1283.5,2175.0,4250.0,1475.0,1819.5,472.36453084456787,2201.4166666666665,1053.5022741630269,-325.0,-500.0,0.8999999999997663,-7.417019969278034,4.197262420000229e-05,4.20864570866327e-06,0.49999999999999994,-0.8660254037844387
valsad,Mango,2009,5,4125.0,2,0.0,0.0,3.4288716963919245e-05,2009-05-01,1750.0,1675.0,2000.0,1283.5,1575.0,1666.6666666666667,1652.8333333333333,358.7639660463988,1772.25,323.92958339738277,2450.0,2841.5,0.8999999999997663,-7.417019969278034,2.884019494387979e-05,5.129815753969431e-07,0.49999999999999994,-0.8660254037844387
navsari,Mango,2009,5,2800.0,1,0.0,0.0,3.847078926032401e-05,2009-05-01,2000.0,4125.0,1675.0,2000.0,1925.0,2583.333333333333,2600.0,1330.6483382171305,2197.25,993.7229870542408,-1325.0,800.0,0.8999999999997663,-7.417019969278034,3.4288716963919245e-05,-3.501834939678281e-06,0.49999999999999994,-0.8660254037844387
girsomnath,Mango,2009,5,2225.0,1,0.0,0.0,4.197262420000229e-05,2009-05-01,1575.0,2800.0,4125.0,1675.0,2175.0,1675.0,2866.6666666666665,1226.3597895125822,2343.0833333333335,1009.8524851019924,-575.0,550.0,0.0,-7.417019969278034,3.847078926032401e-05,1.3132429256122501e-05,0.49999999999999994,-0.8660254037844387
bharuch,Mango,2009,5,2750.0,2,0.0,0.0,2.544049863620854e-05,2009-05-01,2200.0,2225.0,2800.0,4125.0,1283.5,2147.5,3050.0,974.35876349526,2351.4166666666665,1008.3932971151037,525.0,-1375.0,0.0,-7.417019969278034,4.197262420000229e-05,-8.848218327710705e-06,0.49999999999999994,-0.8660254037844387
amreli,Mango,2009,5,1750.0,2,1.2999999999999998,0.0419354838709677,2.19879881888386e-05,2009-05-01,2500.0,2750.0,2225.0,2800.0,2000.0,2050.0,2591.6666666666665,318.52524756028896,2595.8333333333335,865.3636037335234,-1000.0,-1050.0,0.0,-6.117019969278034,2.544049863620854e-05,-1.648280107148541e-05,0.49999999999999994,-0.8660254037844387
banaskantha,Mango,2009,6,2000.0,2,6.4,0.2133333333333333,4.197262420000229e-05,2009-06-01,2400.0,1750.0,2750.0,2225.0,1675.0,4250.0,2241.6666666666665,500.2082899486395,2554.1666666666665,904.9056120207623,250.0,-225.0,1.2999999999997662,-119.43309782608695,2.19879881888386e-05,0.0,1.2246467991473532e-16,-1.0
mahesana,Mango,2009,6,1575.0,2,10.3,0.3433333333333334,2.709391466023369e-05,2009-06-01,2600.0,2000.0,1750.0,2750.0,4125.0,1575.0,2166.6666666666665,520.4164998665415,2608.3333333333335,849.8038989476752,-425.0,-1175.0,7.699999999999767,-115.53309782608696,4.197262420000229e-05,1.6534160240251516e-06,1.2246467991473532e-16,-1.0
dahod,Mango,2009,6,2200.0,5,10.8,0.36,2.67184354991466e-05,2009-06-01,2625.0,1575.0,2000.0,1750.0,2800.0,1925.0,1775.0,213.6000936329554,2183.3333333333335,508.83854675787813,625.0,450.0,17.999999999999766,-115.03309782608696,2.709391466023369e-05,4.730447310307999e-06,1.2246467991473532e-16,-1.0
valsad,Mango,2009,6,2500.0,1,59.4,1.98,3.598584206970428e-05,2009-06-01,1416.6666666666667,2200.0,1575.0,2000.0,2225.0,2175.0,1925.0,319.17863337010493,2083.3333333333335,413.42068969352397,300.0,500.0,27.499999999999766,-66.43309782608696,2.67184354991466e-05,-5.9867821302980135e-06,1.2246467991473532e-16,-1.0
navsari,Mango,2009,6,2400.0,1,48.1,1.6033333333333333,4.009159849666184e-05,2009-06-01,1650.0,2500.0,2200.0,1575.0,2750.0,1283.5,2091.6666666666665,471.91983782560123,2129.1666666666665,446.2108993140678,-100.0,825.0,80.49999999999977,-77.73309782608695,3.598584206970428e-05,1.2997683836428152e-05,1.2246467991473532e-16,-1.0
junagadh,Mango,2009,6,2600.0,2,103.6,3.453333333333333,3.1748113947756966e-05,2009-06-01,4025.0,2400.0,2500.0,2200.0,1750.0,2000.0,2366.6666666666665,152.75252316522534,2070.8333333333335,364.148550274018,200.0,400.0,118.29999999999977,-22.23309782608696,4.009159849666184e-05,5.029678448610367e-06,1.2246467991473532e-16,-1.0
girsomnath,Mango,2009,6,2625.0,2,95.9,3.1966666666666663,4.197262420000229e-05,2009-06-01,1365.0,2600.0,2400.0,2500.0,2000.0,1675.0,2500.0,100.00000000004924,2212.5,379.39095930188256,25.0,125.0,211.09999999999977,-29.93309782608695,3.1748113947756966e-05,5.9867821302980135e-06,1.2246467991473532e-16,-1.0
vadodara,Mango,2009,6,1416.6666666666667,3,12.7,0.4233333333333333,2.838701641105084e-05,2009-06-01,1491.6666666666667,2625.0,2600.0,2400.0,1575.0,4125.0,2541.6666666666665,123.32207155794669,2316.6666666666665,394.86284538643235,-1208.3333333333333,-983.3333333333333,247.59999999999977,-113.13309782608695,4.197262420000229e-05,-1.1704582085611003e-05,1.2246467991473532e-16,-1.0
rajkot,Mango,2009,6,1650.0,1,62.3,2.0766666666666667,2.0806955811958745e-05,2009-06-01,1450.0,1416.6666666666667,2625.0,2600.0,2200.0,2800.0,2213.888888888889,690.5278442638736,2290.277777777778,455.0462939412125,233.33333333333326,-950.0,212.19999999999976,-63.53309782608696,2.838701641105084e-05,-1.094115813579822e-05,1.2246467991473532e-16,-1.0
ahmadabad,Mango,2009,6,4025.0,8,17.1,0.5700000000000001,2.0082294557862617e-05,2009-06-01,3587.5,1650.0,1416.6666666666667,2625.0,2500.0,2225.0,1897.2222222222224,640.9808745052298,2198.611111111111,526.6354596942841,2375.0,1400.0,170.89999999999978,-108.73309782608695,2.0806955811958745e-05,-2.1890329642139674e-05,1.2246467991473532e-16,-1.0
surat,Mango,2009,6,1365.0,3,30.8,1.0266666666666666,3.553539052948434e-05,2009-06-01,3166.6666666666665,4025.0,1650.0,1416.6666666666667,2400.0,2750.0,2363.888888888889,1443.2874639875845,2452.777777777778,921.3014144655914,-2660.0,-51.66666666666674,92.09999999999977,-95.03309782608696,2.0082294557862617e-05,7.148374118433498e-06,1.2246467991473532e-16,-1.0
amreli,Mango,2009,6,1491.6666666666667,3,63.400000000000006,2.1133333333333337,2.47017214645933e-05,2009-06-01,1716.6666666666667,1365.0,4025.0,1650.0,2600.0,1750.0,2346.6666666666665,1460.4479906293625,2280.277777777778,1024.2967325420398,126.66666666666674,-158.33333333333326,110.19999999999978,-62.43309782608695,3.553539052948434e-05,3.8947656526345555e-06,1.2246467991473532e-16,-1.0
mahesana,Mango,2009,7,1450.0,1,320.6,10.341935483870968,3.262209922555524e-05,2009-07-01,2425.0,1491.6666666666667,1365.0,4025.0,2625.0,2000.0,2293.888888888889,1500.5233654863157,2095.5555555555557,1054.5966404621608,-41.66666666666674,-2575.0,111.29999999999978,-50.82924008810568,2.47017214645933e-05,1.2539804667692625e-05,-0.4999999999999997,-0.8660254037844388
navsari,Mango,2009,7,3587.5,2,771.6,24.89032258064516,2.5293797028026616e-05,2009-07-01,2166.6666666666665,1450.0,1491.6666666666667,1365.0,1416.6666666666667,1575.0,1435.5555555555557,64.5568942298076,1899.7222222222224,1045.6765043988767,2137.5,2222.5,414.79999999999984,400.1707599118943,3.262209922555524e-05,-1.0241593501457723e-05,-0.4999999999999997,-0.8660254037844388
bharuch,Mango,2009,7,3166.6666666666665,3,584.2,18.845161290322583,2.589554921027284e-05,2009-07-01,1850.0,3587.5,1450.0,1491.6666666666667,1650.0,2200.0,2176.388888888889,1222.2356375526415,2261.527777777778,1208.0586373584267,-420.8333333333335,1674.9999999999998,1155.6,212.77075991189434,2.5293797028026616e-05,1.1938277456795386e-06,-0.4999999999999997,-0.8660254037844388
vadodara,Mango,2009,7,1716.6666666666667,6,418.6,13.503225806451614,3.199881281536331e-05,2009-07-01,3940.0,3166.6666666666665,3587.5,1450.0,4025.0,2500.0,2734.722222222222,1132.3244079391848,2514.3055555555557,1213.1742588793297,-1449.9999999999998,266.66666666666674,1676.3999999999996,47.17075991189432,2.589554921027284e-05,-6.232864101919335e-07,-0.4999999999999997,-0.8660254037844388
rajkot,Mango,2009,7,2425.0,2,615.2,19.845161290322583,2.688118537998464e-05,2009-07-01,3000.0,1716.6666666666667,3166.6666666666665,3587.5,1365.0,2400.0,2823.6111111111113,981.4630283031227,2129.5833333333335,982.3361822716306,708.3333333333333,-1162.5,1774.3999999999999,243.77075991189434,3.199881281536331e-05,1.587388351958024e-06,-0.4999999999999997,-0.8660254037844388
dahod,Mango,2009,7,2166.6666666666665,3,405.4,13.077419354838709,3.495314152626566e-05,2009-07-01,2231.25,2425.0,1716.6666666666667,3166.6666666666665,1491.6666666666667,2600.0,2436.111111111111,725.0638541484474,2306.25,909.982257153037,-258.3333333333335,-1000.0,1618.0,33.97075991189428,2.688118537998464e-05,9.057592315992818e-06,-0.4999999999999997,-0.8660254037844388
banaskantha,Mango,2009,7,1850.0,1,293.6,9.470967741935484,4.197262420000229e-05,2009-07-01,2775.0,2166.6666666666665,2425.0,1716.6666666666667,1450.0,2625.0,2102.7777777777774,358.4625090164623,2418.75,827.0838581022701,-316.6666666666665,133.33333333333326,1439.1999999999998,-77.82924008810568,3.495314152626566e-05,9.973811384638982e-06,-0.4999999999999997,-0.8660254037844388
ahmadabad,Mango,2009,7,3940.0,5,452.9,14.609677419354838,2.111029201948397e-05,2009-07-01,837.5,1850.0,2166.6666666666665,2425.0,3587.5,1416.6666666666667,2147.222222222222,287.99273396185185,2485.4166666666665,745.4759385788404,2090.0,1515.0,1314.1999999999998,81.47075991189428,4.197262420000229e-05,-5.770893360500672e-06,-0.4999999999999997,-0.8660254037844388
valsad,Mango,2009,7,3000.0,2,810.1,26.13225806451613,2.640528522047927e-05,2009-07-01,2840.0,3940.0,1850.0,2166.6666666666665,3166.6666666666665,1650.0,2652.222222222222,1126.4315994094613,2544.1666666666665,855.4750142464729,-940.0,833.3333333333335,1151.8999999999996,438.6707599118943,2.111029201948397e-05,-8.547856305786388e-06,-0.4999999999999997,-0.8660254037844388
surat,Mango,2009,7,2231.25,4,612.3000000000001,19.75161290322581,2.5388151828486505e-05,2009-07-01,3000.0,3000.0,3940.0,1850.0,1716.6666666666667,4025.0,2930.0,1046.7568963231197,2516.388888888889,833.6468854554863,-768.75,381.25,1556.6,240.87075991189437,2.640528522047927e-05,-1.6584472371515786e-05,-0.4999999999999997,-0.8660254037844388
girsomnath,Mango,2009,7,2775.0,2,407.1,13.13225806451613,4.197262420000229e-05,2009-07-01,1500.0,2231.25,3000.0,3940.0,2425.0,1365.0,3057.0833333333335,855.804020108193,2602.152777777778,757.9513880935679,543.75,-1165.0,1875.3,35.67075991189432,2.5388151828486505e-05,2.0862332180518323e-05,-0.4999999999999997,-0.8660254037844388
amreli,Mango,2009,7,837.5,2,281.2,9.070967741935483,2.719487253404777e-05,2009-07-01,1660.0,2775.0,2231.25,3000.0,2166.6666666666665,1491.6666666666667,2668.75,395.23529384407175,2660.4861111111113,755.0533653264147,-1937.5,-2162.5,1829.5,-90.22924008810571,4.197262420000229e-05,7.895873135685015e-07,-0.4999999999999997,-0.8660254037844388
junagadh,Mango,2009,7,2840.0,2,388.2,12.52258064516129,3.338988603508273e-05,2009-07-01,1930.0,837.5,2775.0,2231.25,1850.0,1450.0,1947.9166666666667,999.3422315870276,2438.9583333333335,1061.6497823748987,2002.5,608.75,1300.6,16.770759911894288,2.719487253404777e-05,8.001734206596223e-06,-0.4999999999999997,-0.8660254037844388
bharuch,Mango,2009,8,3000.0,3,136.0,4.387096774193548,4.292241076173933e-05,2009-08-01,1475.0,2840.0,837.5,2775.0,3940.0,3587.5,2150.8333333333335,1137.844270246742,2603.9583333333335,1028.2133827259156,160.0,225.0,1076.4999999999998,-171.1820108695652,3.338988603508273e-05,9.49786561737042e-07,-0.8660254037844384,-0.5000000000000004
mahesana,Mango,2009,8,1500.0,1,140.8,4.541935483870968,5.131055869306459e-05,2009-08-01,1420.0,3000.0,2840.0,837.5,3000.0,3166.6666666666665,2225.8333333333335,1204.9904909721658,2447.2916666666665,837.9366088294925,-1500.0,662.5,805.3999999999997,-166.3820108695652,4.292241076173933e-05,2.411568615901682e-05,-0.8660254037844384,-0.5000000000000004
vadodara,Mango,2009,8,1660.0,5,130.1,4.196774193548387,5.164488658619444e-05,2009-08-01,1500.0,1500.0,3000.0,2840.0,2231.25,1716.6666666666667,2446.6666666666665,823.7313477908574,2197.2916666666665,863.4308081234242,160.0,-1180.0,664.9999999999998,-177.0820108695652,5.131055869306459e-05,1.8255000551111715e-05,-0.8660254037844384,-0.5000000000000004
navsari,Mango,2009,8,1930.0,2,161.0,5.193548387096774,5.712530811812018e-05,2009-08-01,2400.0,1660.0,1500.0,3000.0,2775.0,2425.0,2053.3333333333335,823.7313477908566,2102.0833333333335,890.0230568174452,270.0,-1070.0,406.89999999999975,-146.1820108695652,5.164488658619444e-05,1.420289735638085e-05,-0.8660254037844384,-0.5000000000000004
amreli,Mango,2009,8,1475.0,3,59.7,1.925806451612904,5.0614572604118e-05,2009-08-01,3216.6666666666665,1930.0,1660.0,1500.0,837.5,2166.6666666666665,1696.6666666666667,217.3323108360557,1961.25,826.8611582363767,-455.0,-25.0,431.89999999999975,-247.48201086956522,5.712530811812018e-05,-6.959860889465942e-07,-0.8660254037844384,-0.5000000000000004
surat,Mango,2009,8,1420.0,2,176.7,5.699999999999999,5.2202379055427216e-05,2009-08-01,1675.0,1475.0,1930.0,1660.0,2840.0,1850.0,1688.3333333333333,228.81943390660663,2067.5,681.8192575749107,-55.0,-240.0,350.7999999999998,-130.48201086956522,5.0614572604118e-05,5.574924692327738e-07,-0.8660254037844384,-0.5000000000000004
rajkot,Mango,2009,8,1500.0,2,76.7,2.4741935483870967,4.688094000042289e-05,2009-08-01,2880.0,1420.0,1475.0,1930.0,3000.0,3940.0,1608.3333333333333,279.92558534964184,1830.8333333333333,601.8007699119938,80.0,-430.0,397.39999999999975,-230.48201086956522,5.2202379055427216e-05,-1.0244368117697294e-05,-0.8660254037844384,-0.5000000000000004
dahod,Mango,2009,8,2400.0,4,129.1,4.164516129032258,6.354133368569017e-05,2009-08-01,1675.0,1500.0,1420.0,1475.0,1500.0,3000.0,1465.0,40.9267638594327,1580.8333333333333,188.8495874146087,900.0,925.0,313.0999999999998,-178.0820108695652,4.688094000042289e-05,1.2926761081572173e-05,-0.8660254037844384,-0.5000000000000004
junagadh,Mango,2009,8,3216.6666666666665,3,101.1,3.261290322580645,6.192850997106828e-05,2009-08-01,4125.0,2400.0,1500.0,1420.0,1660.0,2231.25,1773.3333333333333,544.1813423238068,1730.8333333333333,376.2501384274407,816.6666666666665,1796.6666666666665,382.4999999999998,-206.0820108695652,6.354133368569017e-05,9.726130915641068e-06,-0.8660254037844384,-0.5000000000000004
banaskantha,Mango,2009,8,1675.0,2,80.2,2.5870967741935487,4.197262420000229e-05,2009-08-01,1825.0,3216.6666666666665,2400.0,1500.0,1930.0,2775.0,2372.222222222222,858.670376113456,1990.2777777777776,708.0445816681544,-1541.6666666666665,175.0,306.89999999999975,-226.98201086956522,6.192850997106828e-05,-4.908315800420598e-06,-0.8660254037844384,-0.5000000000000004
ahmadabad,Mango,2009,8,2880.0,5,124.5,4.016129032258065,3.6569448274530135e-05,2009-08-01,1587.5,1675.0,3216.6666666666665,2400.0,1475.0,837.5,2430.555555555555,771.287403799173,1947.7777777777776,719.9395550759557,1205.0,480.0,310.3999999999998,-182.6820108695652,4.197262420000229e-05,-2.6971885411160036e-05,-0.8660254037844384,-0.5000000000000004
girsomnath,Mango,2009,8,1675.0,2,111.2,3.5870967741935487,4.197262420000229e-05,2009-08-01,1988.3333333333333,2880.0,1675.0,3216.6666666666665,1420.0,2840.0,2590.555555555555,810.566217278146,2181.9444444444443,762.6375407220136,-1205.0,-1541.6666666666665,305.7999999999998,-195.98201086956522,3.6569448274530135e-05,-1.9955885771065993e-05,-0.8660254037844384,-0.5000000000000004
valsad,Mango,2009,8,4125.0,2,166.7,5.377419354838709,5.6345287950148856e-05,2009-08-01,1266.6666666666667,1675.0,2880.0,1675.0,1500.0,3000.0,2076.6666666666665,695.7070743735051,2224.4444444444443,717.4504757718038,2450.0,2450.0,315.89999999999975,-140.48201086956522,4.197262420000229e-05,1.4372663750146565e-05,-0.8660254037844384,-0.5000000000000004
junagadh,Mango,2009,9,1825.0,2,19.1,0.6366666666666666,6.511142320329837e-05,2009-09-01,1500.0,4125.0,1675.0,2880.0,2400.0,1500.0,2893.3333333333335,1225.054420559897,2661.9444444444443,950.0031676360463,-2300.0,-1055.0,402.39999999999975,-187.47303042328045,5.6345287950148856e-05,2.8541974928768233e-05,-1.0,-1.8369701987210297e-16
mahesana,Mango,2009,9,1587.5,2,5.3,0.1766666666666666,5.371426936723636e-05,2009-09-01,3077.5,1825.0,4125.0,1675.0,3216.6666666666665,1660.0,2541.6666666666665,1373.2564703409714,2566.111111111111,1008.8891948115069,-237.5,-87.5,296.9999999999998,-201.27303042328043,6.511142320329837e-05,1.1741645167234071e-05,-1.0,-1.8369701987210297e-16
surat,Mango,2009,9,1988.3333333333333,3,51.7,1.7233333333333332,6.298032338207884e-05,2009-09-01,1625.0,1587.5,1825.0,4125.0,1675.0,1930.0,2512.5,1401.5058865377662,2294.5833333333335,1017.9764445539342,400.83333333333326,-2136.666666666667,191.09999999999977,-154.87303042328045,5.371426936723636e-05,6.635035431929987e-06,-1.0,-1.8369701987210297e-16
vadodara,Mango,2009,9,1266.6666666666667,3,41.6,1.3866666666666667,6.077232074678274e-05,2009-09-01,1825.0,1988.3333333333333,1587.5,1825.0,2880.0,1475.0,1800.2777777777776,201.55701794154575,2346.8055555555557,987.4130646214826,-721.6666666666665,-558.3333333333333,76.09999999999977,-164.97303042328045,6.298032338207884e-05,-4.33910245651563e-06,-1.0,-1.8369701987210297e-16
dahod,Mango,2009,9,1500.0,2,47.9,1.596666666666667,6.242962616913065e-05,2009-09-01,3528.5714285714284,1266.6666666666667,1988.3333333333333,1587.5,1675.0,1420.0,1614.1666666666667,361.57160809137673,2077.9166666666665,1031.8448621011041,233.33333333333326,-87.5,98.59999999999977,-158.67303042328044,6.077232074678274e-05,8.715356801894285e-06,-1.0,-1.8369701987210297e-16
navsari,Mango,2009,9,3077.5,2,77.1,2.57,7.131564396885184e-05,2009-09-01,1950.0,1500.0,1266.6666666666667,1988.3333333333333,4125.0,1500.0,1585.0,368.2654537754671,2048.75,1047.8607506619283,1577.5,1089.1666666666667,141.19999999999976,-129.47303042328045,6.242962616913065e-05,8.335320586772997e-06,-1.0,-1.8369701987210297e-16
amreli,Mango,2009,9,1625.0,1,15.1,0.5033333333333333,5.434414708176858e-05,2009-09-01,2875.0,3077.5,1500.0,1266.6666666666667,1825.0,2400.0,1948.0555555555557,985.0607473277643,1874.1666666666667,641.0455868691761,-1452.5,358.33333333333326,166.59999999999977,-191.47303042328045,7.131564396885184e-05,-6.428173665014159e-06,-1.0,-1.8369701987210297e-16
girsomnath,Mango,2009,9,1825.0,2,12.2,0.4066666666666667,4.197262420000229e-05,2009-09-01,2833.333333333333,1625.0,3077.5,1500.0,1587.5,3216.6666666666665,2067.5,876.9157599222448,1840.8333333333333,649.2606906662733,200.0,325.0,140.09999999999977,-194.37303042328045,5.434414708176858e-05,-2.0457001969128356e-05,-1.0,-1.8369701987210297e-16
ahmadabad,Mango,2009,9,3528.5714285714284,7,16.1,0.5366666666666667,3.9649148696792685e-05,2009-09-01,3208.333333333333,1825.0,1625.0,3077.5,1988.3333333333333,1675.0,2175.8333333333335,787.2433444198444,1880.4166666666667,637.8666157155792,1703.5714285714284,451.07142857142844,104.39999999999976,-190.47303042328045,4.197262420000229e-05,-3.1666495272059155e-05,-1.0,-1.8369701987210297e-16
rajkot,Mango,2009,9,1950.0,2,8.9,0.2966666666666667,5.460247191860624e-05,2009-09-01,2000.0,3528.5714285714284,1825.0,1625.0,1266.6666666666667,2880.0,2326.190476190476,1046.083154432,2137.123015873016,932.0674129192608,-1578.5714285714284,325.0,43.39999999999977,-197.67303042328044,3.9649148696792685e-05,2.583248368376618e-07,-1.0,-1.8369701987210297e-16
valsad,Mango,2009,9,2875.0,3,100.8,3.36,7.212931123391334e-05,2009-09-01,1338.3333333333333,1950.0,3528.5714285714284,1825.0,1500.0,1675.0,2434.5238095238096,949.5321977467811,2251.0119047619046,841.8129250910459,925.0,1050.0,37.19999999999977,-105.77303042328045,5.460247191860624e-05,3.0156687033911052e-05,-1.0,-1.8369701987210297e-16
bharuch,Mango,2009,9,2833.333333333333,3,30.3,1.01,4.843833264978068e-05,2009-09-01,3325.0,2875.0,1950.0,3528.5714285714284,3077.5,4125.0,2784.523809523809,793.1654269809255,2480.178571428571,781.4708055314431,-41.66666666666697,-695.2380952380954,125.79999999999977,-176.27303042328043,7.212931123391334e-05,8.789183952987994e-06,-1.0,-1.8369701987210297e-16
valsad,Mango,2009,10,3208.333333333333,3,57.3,1.848387096774193,6.51986935421478e-05,2009-10-01,1600.0,2833.333333333333,2875.0,1950.0,1625.0,1825.0,2552.777777777778,522.436421791996,2439.4841269841268,749.862956741211,375.0,1258.333333333333,139.99999999999977,22.812610619469027,4.843833264978068e-05,1.0596221623541565e-05,-0.8660254037844386,0.5000000000000001
rajkot,Mango,2009,10,2000.0,2,0.3,0.0096774193548387,4.670886018352256e-05,2009-10-01,3728.571428571429,3208.333333333333,2833.333333333333,2875.0,1825.0,1587.5,2972.222222222222,205.5367859298719,2703.373015873016,681.3799093580607,-1208.333333333333,-875.0,188.39999999999975,-34.18738938053097,6.51986935421478e-05,-2.542045105039078e-05,-0.8660254037844386,0.5000000000000001
surat,Mango,2009,10,1338.3333333333333,3,25.4,0.8193548387096774,5.790289986526348e-05,2009-10-01,1562.5,2000.0,3208.333333333333,2833.333333333333,3528.5714285714284,1988.3333333333333,2680.555555555555,618.4845577281278,2732.5396825396824,638.667860810574,-661.6666666666667,-1494.9999999999998,87.89999999999976,-9.087389380530972,4.670886018352256e-05,9.464567215482804e-06,-0.8660254037844386,0.5000000000000001
girsomnath,Mango,2009,10,3325.0,2,0.2,0.0064516129032258,4.197262420000229e-05,2009-10-01,1750.0,1338.3333333333333,2000.0,3208.333333333333,1950.0,1266.6666666666667,2182.222222222222,948.2239733858821,2367.5,714.1574289562044,1986.6666666666667,116.66666666666697,82.99999999999977,-34.28738938053097,5.790289986526348e-05,-2.3226069342145515e-05,-0.8660254037844386,0.5000000000000001
mahesana,Mango,2009,10,1600.0,1,1.3,0.0419354838709677,4.454137302630716e-05,2009-10-01,2055.0,3325.0,1338.3333333333333,2000.0,2875.0,1500.0,2221.111111111111,1011.6218185190108,2596.6666666666665,771.6864648288213,-1725.0,-400.0,25.89999999999977,-33.18738938053097,4.197262420000229e-05,-2.1674871572154004e-06,-0.8660254037844386,0.5000000000000001
ahmadabad,Mango,2009,10,3728.571428571429,7,1.9,0.0612903225806451,3.395838409913904e-05,2009-10-01,1162.5,1600.0,3325.0,1338.3333333333333,2833.333333333333,3077.5,2087.777777777778,1079.4241434586718,2384.1666666666665,851.1683147298205,2128.571428571429,2390.2380952380954,26.89999999999977,-32.58738938053097,4.454137302630716e-05,-2.3944515766124443e-05,-0.8660254037844386,0.5000000000000001
banaskantha,Mango,2009,10,1562.5,2,0.1,0.0032258064516129,4.197262420000229e-05,2009-10-01,3000.0,3728.571428571429,1600.0,3325.0,3208.333333333333,1625.0,2884.5238095238096,1130.5832731006492,2533.373015873016,1009.4093086084407,-2166.071428571429,-1762.5,3.3999999999997725,-34.38738938053097,3.395838409913904e-05,0.0,-0.8660254037844386,0.5000000000000001
dahod,Mango,2009,10,1750.0,2,25.2,0.8129032258064516,4.919324977131915e-05,2009-10-01,1650.0,1562.5,3728.571428571429,1600.0,2000.0,1825.0,2297.0238095238096,1239.8983836188706,2259.0674603174607,1012.9262083171931,187.5,150.0,3.2999999999997724,-9.287389380530971,4.197262420000229e-05,4.651876745011986e-06,-0.8660254037844386,0.5000000000000001
navsari,Mango,2009,10,2055.0,2,44.8,1.4451612903225806,6.519227266749693e-05,2009-10-01,3041.6666666666665,1750.0,1562.5,3728.571428571429,1338.3333333333333,3528.5714285714284,2347.0238095238096,1200.1226730097706,2217.4007936507937,1030.7002067498863,305.0,-1673.571428571429,27.199999999999772,10.312610619469027,4.919324977131915e-05,3.1233888568357894e-05,-0.8660254037844386,0.5000000000000001
amreli,Mango,2009,10,1162.5,2,2.0,0.064516129032258,4.47959301904447e-05,2009-10-01,3700.0,2055.0,1750.0,1562.5,3325.0,1950.0,1789.1666666666667,248.57510602097156,2336.845238095238,946.5439395092927,-892.5,-400.0,70.09999999999977,-32.48738938053097,6.519227266749693e-05,2.823305990442406e-06,-0.8660254037844386,0.5000000000000001
bharuch,Mango,2009,10,3000.0,3,11.7,0.3774193548387096,4.587722697942857e-05,2009-10-01,2820.0,1162.5,2055.0,1750.0,1600.0,2875.0,1655.8333333333333,453.640367839257,1976.4285714285716,905.8656644562808,1837.5,1250.0,71.99999999999977,-22.78738938053097,4.47959301904447e-05,-3.316022791890581e-06,-0.8660254037844386,0.5000000000000001
banaskantha,Mango,2009,11,1650.0,3,0.0,0.0,4.197262420000229e-05,2009-11-01,2250.0,3000.0,1162.5,2055.0,3728.571428571429,2833.333333333333,2072.5,918.8749914977585,2209.761904761905,967.7082559880772,-1350.0,-405.0,58.49999999999977,-9.795056689342402,4.587722697942857e-05,-2.3219648467494643e-05,-0.5000000000000004,0.8660254037844384
valsad,Mango,2009,11,3041.6666666666665,3,56.1,1.87,5.90722645550494e-05,2009-11-01,1400.0,1650.0,3000.0,1162.5,1562.5,3208.333333333333,1937.5,951.8895681747988,1863.3333333333333,627.4983399712459,1391.6666666666665,1879.1666666666665,13.699999999999772,46.3049433106576,4.197262420000229e-05,1.4276334364604706e-05,-0.5000000000000004,0.8660254037844384
junagadh,Mango,2009,11,3700.0,1,1.5,0.05,4.638334845529571e-05,2009-11-01,1650.0,3041.6666666666665,1650.0,3000.0,1750.0,2000.0,2563.8888888888887,791.725144039087,2109.861111111111,761.8508925028638,658.3333333333335,700.0,67.79999999999977,-8.295056689342402,5.90722645550494e-05,5.061214758671442e-07,-0.5000000000000004,0.8660254037844384
ahmadabad,Mango,2009,11,2820.0,5,1.5,0.05,3.217276102460755e-05,2009-11-01,1512.5,3700.0,3041.6666666666665,1650.0,2055.0,1338.3333333333333,2797.222222222222,1046.6326073722462,2434.861111111111,966.1651596599536,-880.0,1170.0,57.599999999999774,-8.295056689342402,4.638334845529571e-05,-9.79986317539474e-06,-0.5000000000000004,0.8660254037844384
rajkot,Mango,2009,11,2250.0,2,0.0,0.0,4.18986572011976e-05,2009-11-01,3470.0,2820.0,3700.0,3041.6666666666665,1162.5,3325.0,3187.222222222222,457.70057331712997,2562.361111111111,956.438767376534,-570.0,-791.6666666666665,59.09999999999978,-9.795056689342402,3.217276102460755e-05,-1.7173607353851802e-05,-0.5000000000000004,0.8660254037844384
dahod,Mango,2009,11,1400.0,3,42.9,1.43,4.4907895449051526e-05,2009-11-01,1116.6666666666667,2250.0,2820.0,3700.0,3000.0,1600.0,2923.3333333333335,730.5021104236084,2743.611111111111,709.1860879962398,-850.0,-2300.0,2.9999999999997726,33.104943310657596,4.18986572011976e-05,-1.4754530062441857e-06,-0.5000000000000004,0.8660254037844384
mahesana,Mango,2009,11,1650.0,2,0.0,0.0,4.339886579320559e-05,2009-11-01,1217.3333333333333,1400.0,2250.0,2820.0,1650.0,3728.571428571429,2156.6666666666665,714.5861273026088,2476.9444444444443,874.9415324381328,250.0,-1170.0,44.39999999999977,-9.795056689342402,4.4907895449051526e-05,1.1226104768598037e-05,-0.5000000000000004,0.8660254037844384
amreli,Mango,2009,11,1512.5,2,0.5,0.0166666666666666,4.021181909279149e-05,2009-11-01,2750.0,1650.0,1400.0,2250.0,3041.6666666666665,1562.5,1766.6666666666667,436.8447474027098,2476.9444444444443,874.9415324381328,-137.5,-737.5,42.89999999999977,-9.295056689342402,4.339886579320559e-05,-1.686838108406112e-06,-0.5000000000000004,0.8660254037844384
navsari,Mango,2009,11,3470.0,2,56.3,1.8766666666666667,5.913676398901903e-05,2009-11-01,2225.0,1512.5,1650.0,1400.0,3700.0,1750.0,1520.8333333333333,125.20816001098149,2222.0833333333335,899.9033512920538,1957.5,2070.0,43.39999999999977,46.504943310657595,4.021181909279149e-05,1.4228868539967506e-05,-0.5000000000000004,0.8660254037844384
vadodara,Mango,2009,11,1116.6666666666667,3,32.6,1.086666666666667,5.432493636165676e-05,2009-11-01,1300.0,3470.0,1512.5,1650.0,2820.0,2055.0,2210.8333333333335,1092.6353844413702,2183.75,826.241111903785,-2353.333333333333,-533.3333333333333,56.79999999999977,22.8049433106576,5.913676398901903e-05,1.0926070568451172e-05,-0.5000000000000004,0.8660254037844384
surat,Mango,2009,11,1217.3333333333333,3,45.3,1.5100000000000002,5.232647137782837e-05,2009-11-01,1475.0,1116.6666666666667,3470.0,1512.5,2250.0,1162.5,2033.0555555555557,1260.0706366149739,1899.861111111111,855.9985099718791,100.66666666666652,-295.16666666666674,89.39999999999978,35.504943310657595,5.432493636165676e-05,1.2114652285036883e-05,-0.5000000000000004,0.8660254037844384
bharuch,Mango,2009,11,2750.0,2,38.6,1.2866666666666666,4.330030944847125e-05,2009-11-01,1233.3333333333333,1217.3333333333333,1116.6666666666667,3470.0,1400.0,3000.0,1934.6666666666667,1330.5900111521141,1727.75,875.120650412148,1532.6666666666667,-720.0,134.19999999999976,28.8049433106576,5.232647137782837e-05,-1.583645454054778e-05,-0.5000000000000004,0.8660254037844384
girsomnath,Mango,2009,11,2225.0,2,1.1,0.0366666666666666,4.197262420000229e-05,2009-11-01,2800.0,2750.0,1217.3333333333333,1116.6666666666667,1650.0,1650.0,1694.6666666666667,915.3304200002214,1952.75,944.7757155948607,-525.0,1108.3333333333333,116.49999999999977,-8.695056689342403,4.330030944847125e-05,-1.235231216165447e-05,-0.5000000000000004,0.8660254037844384
amreli,Mango,2009,12,1300.0,2,0.3,0.0096774193548387,3.7253775395269847e-05,2009-12-01,1300.0,2225.0,2750.0,1217.3333333333333,1512.5,3041.6666666666665,2064.111111111111,778.8971072636683,2048.5833333333335,937.0553982793373,-925.0,82.66666666666674,84.99999999999977,-3.3994424213174215,4.197262420000229e-05,-1.5072695982558526e-05,-2.4492935982947064e-16,1.0
vadodara,Mango,2009,12,1475.0,4,1.6,0.0516129032258064,5.202655872086434e-05,2009-12-01,1650.0,1300.0,2225.0,2750.0,3470.0,3700.0,2091.6666666666665,734.1378163079056,2013.1666666666667,964.9694007814172,175.0,-1275.0,39.99999999999977,-2.099442421317421,3.7253775395269847e-05,8.726249272393089e-06,-2.4492935982947064e-16,1.0
dahod,Mango,2009,12,1233.3333333333333,3,2.3,0.0741935483870967,4.470269784177266e-05,2009-12-01,1527.3333333333333,1475.0,1300.0,2225.0,1116.6666666666667,2820.0,1666.6666666666667,491.3840995935229,1680.6666666666667,657.2293697366603,-241.66666666666674,-991.6666666666667,2.9999999999997726,-1.3994424213174215,5.202655872086434e-05,2.7300736417703713e-06,-2.4492935982947064e-16,1.0
navsari,Mango,2009,12,2800.0,1,0.7,0.0225806451612903,5.461171577768569e-05,2009-12-01,2708.333333333333,1233.3333333333333,1475.0,1300.0,1217.3333333333333,2250.0,1336.111111111111,124.81467743701126,1700.1111111111113,638.6696822011878,1566.6666666666667,1500.0,4.199999999999772,-2.999442421317421,4.470269784177266e-05,1.735794038241584e-05,-2.4492935982947064e-16,1.0
rajkot,Mango,2009,12,1300.0,2,0.0,0.0,3.867427728744304e-05,2009-12-01,1787.5,2800.0,1233.3333333333333,1475.0,2750.0,1400.0,1836.111111111111,843.452450963919,1963.8888888888887,720.9304687282568,-1500.0,-175.0,4.599999999999772,-3.6994424213174213,5.461171577768569e-05,-1.3352281433421303e-05,-2.4492935982947064e-16,1.0
mahesana,Mango,2009,12,1650.0,1,0.5,0.0161290322580645,4.722752671163021e-05,2009-12-01,800.0,1300.0,2800.0,1233.3333333333333,2225.0,1650.0,1777.7777777777776,885.8977451234537,1722.222222222222,643.5937872314852,350.0,416.66666666666674,2.9999999999997717,-3.1994424213174213,3.867427728744304e-05,2.5248288698575475e-06,-2.4492935982947064e-16,1.0
surat,Mango,2009,12,1527.3333333333333,3,0.7,0.0225806451612903,4.884821146632625e-05,2009-12-01,2500.0,1650.0,1300.0,2800.0,1300.0,1512.5,1916.6666666666667,784.7504911329072,1626.3888888888887,594.70853427603,-122.66666666666674,-1272.6666666666667,1.1999999999997721,-2.999442421317421,4.722752671163021e-05,-5.763504311359436e-06,-2.4492935982947064e-16,1.0
valsad,Mango,2009,12,2708.333333333333,3,0.0,0.0,5.4430208708141344e-05,2009-12-01,2000.0,1527.3333333333333,1650.0,1300.0,1475.0,3470.0,1492.4444444444443,177.58920554450546,1664.2777777777776,576.7252539281784,1180.9999999999998,1408.333333333333,1.1999999999997721,-3.6994424213174213,4.884821146632625e-05,1.5755931420698308e-05,-2.4492935982947064e-16,1.0
banaskantha,Mango,2009,12,1787.5,2,0.0,0.0,4.197262420000229e-05,2009-12-01,1625.0,2708.333333333333,1527.3333333333333,1650.0,1233.3333333333333,1116.6666666666667,1961.8888888888887,649.3429442592451,1869.8333333333333,701.9640304175159,-920.833333333333,137.5,1.1999999999997721,-3.6994424213174213,5.4430208708141344e-05,-5.254902511627919e-06,-2.4492935982947064e-16,1.0
gandhinagar,Mango,2009,12,800.0,1,0.0,0.0,4.669893811161861e-05,2009-12-01,3900.0,1787.5,2708.333333333333,1527.3333333333333,2800.0,1217.3333333333333,2007.722222222222,620.5349469372185,1962.1944444444441,634.701595823379,-987.5,-727.3333333333333,0.6999999999997721,-3.6994424213174213,4.197262420000229e-05,-2.1492733547076397e-06,-2.4492935982947064e-16,1.0
bharuch,Mango,2009,12,2500.0,1,0.8,0.0258064516129032,4.120357800576351e-05,2009-12-01,1479.1666666666667,800.0,1787.5,2708.333333333333,1300.0,2750.0,1765.2777777777776,954.3607274758075,1628.8611111111106,631.876837653483,1700.0,-208.33333333333303,0.0,-2.8994424213174215,4.669893811161861e-05,-1.3226630702377835e-05,-2.4492935982947064e-16,1.0
junagadh,Mango,2009,12,2000.0,2,0.0,0.0,4.872238991857789e-05,2009-12-01,2083.333333333333,2500.0,800.0,1787.5,1650.0,2225.0,1695.8333333333333,853.6990589975705,1828.8611111111106,693.8407631651752,-500.0,212.5,0.7999999999997722,-3.6994424213174213,4.120357800576351e-05,6.749765718575602e-06,-2.4492935982947064e-16,1.0
girsomnath,Mango,2009,12,1625.0,2,0.0,0.0,4.197262420000229e-05,2009-12-01,1126.0,2000.0,2500.0,800.0,1527.3333333333333,1300.0,1766.6666666666667,873.6894948054131,1887.1944444444441,690.5006268938095,-375.0,825.0,0.7999999999997722,-3.6994424213174213,4.872238991857789e-05,-4.726313911616321e-06,-2.4492935982947064e-16,1.0
ahmadabad,Mango,2009,12,3900.0,7,0.4,0.0129032258064516,3.40859821208877e-05,2009-12-01,1250.0,1625.0,2000.0,2500.0,2708.333333333333,1475.0,2041.6666666666667,438.98557303553844,1903.472222222222,681.4120177711618,2275.0,1400.0,0.7999999999997722,-3.2994424213174214,4.197262420000229e-05,-7.117595884875812e-06,-2.4492935982947064e-16,1.0
navsari,Mango,2010,1,1479.1666666666667,6,0.0,0.0,5.02385953181268e-05,2010-01-01,3750.0,3900.0,1625.0,2000.0,1787.5,1233.3333333333333,2508.3333333333335,1219.7164971145319,2102.0833333333335,1041.4658139692679,-2420.833333333333,-520.8333333333333,0.3999999999997722,-1.0126696832579185,3.40859821208877e-05,1.5162053995489085e-06,0.49999999999999994,0.8660254037844387
bharuch,Mango,2010,1,2083.333333333333,3,0.0,0.0,3.850894891328732e-05,2010-01-01,1612.5,1479.1666666666667,3900.0,1625.0,800.0,2800.0,2334.722222222222,1357.5300112636519,2050.694444444445,1067.377421620482,604.1666666666663,458.33333333333303,0.3999999999997722,-1.0126696832579185,5.02385953181268e-05,-3.463675286714971e-06,0.49999999999999994,0.8660254037844387
surat,Mango,2010,1,1126.0,9,0.0,0.0,4.512733023880949e-05,2010-01-01,1850.0,2083.333333333333,1479.1666666666667,3900.0,2500.0,1300.0,2487.5,1260.0085427400038,2264.5833333333335,878.4999446657814,-957.333333333333,-2774.0,0.3999999999997722,-1.0126696832579185,3.850894891328732e-05,1.1041348117921789e-05,0.49999999999999994,0.8660254037844387
mahesana,Mango,2010,1,1250.0,1,1.4,0.0451612903225806,5.117839721839303e-05,2010-01-01,1012.5,1126.0,2083.333333333333,1479.1666666666667,2000.0,1650.0,1562.8333333333333,484.1196764345725,2035.5833333333333,978.2756016469903,124.0,-229.16666666666674,0.0,0.3873303167420814,4.512733023880949e-05,9.398019002662271e-07,0.49999999999999994,0.8660254037844387
ahmadabad,Mango,2010,1,3750.0,8,1.3,0.0419354838709677,3.604698647025337e-05,2010-01-01,3287.5,1250.0,1126.0,2083.333333333333,1625.0,1527.3333333333333,1486.4444444444443,520.6258342219129,1910.5833333333333,1030.2660592185791,2500.0,1666.666666666667,1.399999999999772,0.28733031674208154,5.117839721839303e-05,-2.4619624430339496e-06,0.49999999999999994,0.8660254037844387
valsad,Mango,2010,1,1612.5,2,0.0,0.0,4.919896318487507e-05,2010-01-01,733.3333333333334,3750.0,1250.0,1126.0,3900.0,2708.333333333333,2042.0,1480.4701955797716,2264.75,1253.517644914149,-2137.5,486.5,2.699999999999772,-1.0126696832579185,3.604698647025337e-05,4.071632946065584e-06,0.49999999999999994,0.8660254037844387
girsomnath,Mango,2010,1,1850.0,2,0.1,0.0032258064516129,4.197262420000229e-05,2010-01-01,1583.3333333333333,1612.5,3750.0,1250.0,1479.1666666666667,1787.5,2204.1666666666665,1350.9448853796152,1883.5,973.2225393562944,237.5,600.0,2.699999999999772,-0.9126696832579185,4.919896318487507e-05,-9.205773018390737e-06,0.49999999999999994,0.8660254037844387
junagadh,Mango,2010,1,1012.5,2,0.5,0.0161290322580645,4.75824340117589e-05,2010-01-01,2268.75,1850.0,1612.5,3750.0,2083.333333333333,800.0,2404.1666666666665,1171.5596798001131,1945.3055555555554,953.9945283832544,-837.5,-2737.5,1.3999999999997723,-0.5126696832579185,4.197262420000229e-05,1.1535447541505527e-05,0.49999999999999994,0.8660254037844387
banaskantha,Mango,2010,1,3287.5,4,4.2,0.1354838709677419,4.197262420000229e-05,2010-01-01,2200.0,1012.5,1850.0,1612.5,1126.0,2500.0,1491.6666666666667,431.6272504526758,1766.8333333333333,1020.8318503390602,2275.0,1675.0,0.5999999999997722,3.1873303167420817,4.75824340117589e-05,-7.22633898487278e-06,0.49999999999999994,0.8660254037844387
dahod,Mango,2010,1,733.3333333333334,3,0.2,0.0064516129032258,4.174292873656e-05,2010-01-01,2535.0,3287.5,1012.5,1850.0,1250.0,2000.0,2050.0,1150.6112505968329,2127.0833333333335,1125.4836923148507,-2554.1666666666665,-1116.6666666666665,4.7999999999997724,-0.8126696832579186,4.197262420000229e-05,-2.2969546344228826e-07,0.49999999999999994,0.8660254037844387
amreli,Mango,2010,1,1583.3333333333333,3,0.0,0.0,3.563600789608061e-05,2010-01-01,1450.0,733.3333333333334,3287.5,1012.5,3750.0,1625.0,1677.7777777777776,1401.030953077585,2040.9722222222224,1221.6661455963733,849.9999999999999,570.8333333333333,4.899999999999773,-1.0126696832579185,4.174292873656e-05,-1.194642611567829e-05,0.49999999999999994,0.8660254037844387
vadodara,Mango,2010,1,2268.75,8,0.0,0.0,4.879170382088161e-05,2010-01-01,1095.2857142857142,1583.3333333333333,733.3333333333334,3287.5,1612.5,3900.0,1868.0555555555554,1300.6697882814665,1679.861111111111,890.9086211819363,685.4166666666667,-1018.75,4.399999999999773,-1.0126696832579185,3.563600789608061e-05,6.8190796208793174e-06,0.49999999999999994,0.8660254037844387
banaskantha,Mango,2010,2,2200.0,2,0.0,0.0,4.197262420000229e-05,2010-02-01,1532.5,2268.75,1583.3333333333333,733.3333333333334,1850.0,1479.1666666666667,1528.472222222222,769.177087024638,1789.2361111111113,920.7677358485321,-68.75,1466.6666666666665,0.19999999999977264,-0.3375549656799657,4.879170382088161e-05,2.2969546344228826e-07,0.8660254037844386,0.5000000000000001
vadodara,Mango,2010,2,2535.0,10,0.0,0.0,4.200202964882891e-05,2010-02-01,3687.5,2200.0,2268.75,1583.3333333333333,1012.5,2083.333333333333,2017.361111111111,377.44764476287924,1847.5694444444446,936.3422635397503,335.0,951.6666666666667,0.0,-0.3375549656799657,4.197262420000229e-05,6.366021752748304e-06,0.8660254037844386,0.5000000000000001
amreli,Mango,2010,2,1450.0,2,0.2,0.0071428571428571,2.99311631174642e-05,2010-02-01,2400.0,2535.0,2200.0,2268.75,3287.5,1126.0,2334.5833333333335,176.937194601201,2101.319444444445,868.6276059532512,-1085.0,-818.75,0.0,-0.13755496567996567,4.200202964882891e-05,-1.886054070341741e-05,0.8660254037844386,0.5000000000000001
surat,Mango,2010,2,1095.2857142857142,7,0.0,0.0,3.796817789894269e-05,2010-02-01,1425.0,1450.0,2535.0,2200.0,733.3333333333334,1250.0,2061.6666666666665,555.5702775827207,1795.0694444444446,667.387132398238,-354.7142857142858,-1104.7142857142858,0.19999999999977264,-0.3375549656799657,2.99311631174642e-05,-4.0044463010596035e-06,0.8660254037844386,0.5000000000000001
navsari,Mango,2010,2,1532.5,6,0.3,0.0107142857142857,4.255105488718754e-05,2010-02-01,1750.0,1095.2857142857142,1450.0,2535.0,1583.3333333333333,3750.0,1693.4285714285713,750.0915998484923,1855.3948412698412,559.9297635951117,437.2142857142858,-1002.5,0.19999999999977264,-0.03755496567996569,3.796817789894269e-05,5.490252383586283e-07,0.8660254037844386,0.5000000000000001
ahmadabad,Mango,2010,2,3687.5,8,0.0,0.0,3.1869253498065125e-05,2010-02-01,1125.0,1532.5,1095.2857142857142,1450.0,2268.75,1612.5,1359.2619047619048,232.3018173707312,1846.922619047619,565.2290940707284,2155.0,2237.5,0.4999999999997726,-0.3375549656799657,4.255105488718754e-05,1.9380903806009262e-06,0.8660254037844386,0.5000000000000001
bharuch,Mango,2010,2,2400.0,5,0.2,0.0071428571428571,3.2902871674824265e-05,2010-02-01,1033.3333333333333,3687.5,1532.5,1095.2857142857142,2200.0,1850.0,2105.095238095238,1387.729334482168,2083.3809523809523,945.6988040021828,-1287.5,1304.7142857142858,0.2999999999997726,-0.13755496567996567,3.1869253498065125e-05,-5.065306224118423e-06,0.8660254037844386,0.5000000000000001
valsad,Mango,2010,2,1425.0,2,0.0,0.0,4.03834867337172e-05,2010-02-01,1268.0,2400.0,3687.5,1532.5,2535.0,1012.5,2540.0,1084.299889329521,2116.714285714286,954.1186605277928,-975.0,-107.5,0.4999999999997726,-0.3375549656799657,3.2902871674824265e-05,-2.167568153470344e-06,0.8660254037844386,0.5000000000000001
girsomnath,Mango,2010,2,1750.0,2,0.1,0.0035714285714285,4.197262420000229e-05,2010-02-01,3275.0,1425.0,2400.0,3687.5,1450.0,3287.5,2504.1666666666665,1134.8412150311358,1931.7142857142856,964.3513681353351,325.0,-1937.5,0.19999999999977264,-0.23755496567996567,4.03834867337172e-05,1.0103370701937166e-05,0.8660254037844386,0.5000000000000001
junagadh,Mango,2010,2,1125.0,2,0.2,0.0071428571428571,3.610326880193965e-05,2010-02-01,2187.5,1750.0,1425.0,2400.0,1095.2857142857142,733.3333333333334,1858.3333333333333,496.44570028688906,1981.7142857142856,941.8958790326976,-625.0,-1275.0,0.29999999999977267,-0.13755496567996567,4.197262420000229e-05,3.200397127115382e-06,0.8660254037844386,0.5000000000000001
dahod,Mango,2010,2,1033.3333333333333,3,1.2,0.0428571428571428,3.2838305173093094e-05,2010-02-01,2140.0,1125.0,1750.0,1425.0,1532.5,1583.3333333333333,1433.3333333333333,312.5833222251895,1986.6666666666667,936.3648683428214,-91.66666666666674,-391.66666666666674,0.29999999999977267,0.8624450343200343,3.610326880193965e-05,-7.5451815606241026e-06,0.8660254037844386,0.5000000000000001
navsari,Mango,2010,3,1268.0,5,0.3,0.0096774193548387,4.053220231435229e-05,2010-03-01,860.2857142857143,1033.3333333333333,1125.0,1750.0,3687.5,2268.75,1302.7777777777776,390.00830950312314,1903.4722222222224,1004.484447181554,234.66666666666674,-482.0,1.4999999999997726,-1.6086255656108597,3.2838305173093094e-05,-1.440421885650004e-06,1.0,6.123233995736766e-17
banaskantha,Mango,2010,3,3275.0,4,0.0,0.0,4.197262420000229e-05,2010-03-01,2671.428571428572,1268.0,1033.3333333333333,1125.0,2400.0,2200.0,1142.111111111111,118.26539520800199,1500.2222222222224,508.00619710422694,2007.0,2150.0,1.6999999999997726,-1.9086255656108597,4.053220231435229e-05,5.869355398062644e-06,1.0,6.123233995736766e-17
bharuch,Mango,2010,3,2187.5,4,0.4,0.0129032258064516,3.0002266201736447e-05,2010-03-01,1358.3333333333333,3275.0,1268.0,1033.3333333333333,1425.0,2535.0,1858.7777777777776,1232.0840669971165,1646.0555555555554,837.016538179018,-1087.5,1154.1666666666667,1.4999999999997726,-1.5086255656108598,4.197262420000229e-05,-2.836038971356647e-06,1.0,6.123233995736766e-17
dahod,Mango,2010,3,2140.0,5,1.6,0.0516129032258064,2.691418997572456e-05,2010-03-01,1875.0,2187.5,3275.0,1268.0,1750.0,1450.0,2243.5,1004.6712148757971,1773.1388888888887,854.4447216803493,-47.5,872.0,0.6999999999997726,-0.30862556561085963,3.0002266201736447e-05,-1.3618012338627726e-05,1.0,6.123233995736766e-17
surat,Mango,2010,3,860.2857142857143,7,0.2,0.0064516129032258,3.575640627343055e-05,2010-03-01,875.0,2140.0,2187.5,3275.0,1125.0,1095.2857142857142,2534.1666666666665,642.0199244052677,1838.1388888888887,867.0733047100128,-1279.7142857142858,-2414.714285714286,1.9999999999997726,-1.7086255656108598,2.691418997572456e-05,-6.216217926571743e-06,1.0,6.123233995736766e-17
ahmadabad,Mango,2010,3,2671.428571428572,7,0.0,0.0,2.5084470714421704e-05,2010-03-01,2787.5,860.2857142857143,2140.0,2187.5,1033.3333333333333,1532.5,1729.2619047619048,752.9301277083348,1794.0198412698412,915.9728590698166,1811.1428571428578,483.928571428572,2.199999999999773,-1.9086255656108597,3.575640627343055e-05,-4.917795487314743e-06,1.0,6.123233995736766e-17
amreli,Mango,2010,3,1358.3333333333333,3,0.0,0.0,2.498554576857593e-05,2010-03-01,825.0,2671.428571428572,860.2857142857143,2140.0,1268.0,3687.5,1890.5714285714287,930.9782873024368,2067.035714285714,887.5818280759325,-1313.0952380952388,-781.6666666666667,1.7999999999997727,-1.9086255656108597,2.5084470714421704e-05,-1.92864420714863e-06,1.0,6.123233995736766e-17
valsad,Mango,2010,3,1875.0,2,0.7,0.0225806451612903,3.712537012720548e-05,2010-03-01,2953.5714285714284,1358.3333333333333,2671.428571428572,860.2857142857143,3275.0,2400.0,1630.015873015873,935.6378380661872,2082.09126984127,871.9459250662331,516.6666666666667,1014.7142857142857,0.19999999999977264,-1.2086255656108598,2.498554576857593e-05,1.3689638537749284e-06,1.0,6.123233995736766e-17
girsomnath,Mango,2010,3,875.0,2,0.0,0.0,4.197262420000229e-05,2010-03-01,7757.142857142857,1875.0,1358.3333333333333,2671.428571428572,2187.5,1425.0,1968.2539682539684,661.4960340194336,1848.7579365079364,647.2460691401587,-1000.0,-1796.428571428572,0.6999999999997726,-1.9086255656108597,3.712537012720548e-05,1.6888153485580587e-05,1.0,6.123233995736766e-17
vadodara,Mango,2010,3,2787.5,8,0.6,0.0193548387096774,3.710524785717964e-05,2010-03-01,1225.0,875.0,1875.0,1358.3333333333333,2140.0,1750.0,1369.4444444444443,500.09258402079314,1630.0079365079364,726.771811288835,1912.5,1429.1666666666667,0.6999999999997726,-1.3086255656108596,4.197262420000229e-05,1.2119702088603713e-05,1.0,6.123233995736766e-17
junagadh,Mango,2010,3,825.0,3,0.0,0.0,3.076888862645959e-05,2010-03-01,977.1428571428572,2787.5,875.0,1875.0,860.2857142857143,1125.0,1845.8333333333333,956.583547492502,1737.9246031746031,854.4947347966312,-1962.5,-1050.0,1.2999999999997724,-1.9086255656108597,3.710524785717964e-05,-6.356481500745889e-06,1.0,6.123233995736766e-17
vadodara,Mango,2010,4,2953.5714285714284,7,0.0,0.0,3.268255645306884e-05,2010-04-01,1650.0,825.0,2787.5,875.0,2671.428571428572,1033.3333333333333,1495.8333333333333,1118.8954747130476,1732.0436507936508,861.8329370779196,2128.5714285714284,2078.5714285714284,0.5999999999997726,-0.978716960352423,3.076888862645959e-05,-9.29006774693345e-06,0.8660254037844387,-0.4999999999999998
ahmadabad,Mango,2010,4,7757.142857142857,7,0.0,0.0,2.200529165647741e-05,2010-04-01,1575.0,2953.5714285714284,825.0,2787.5,1358.3333333333333,1268.0,2188.690476190476,1183.906126340431,1779.0674603174602,928.4609531860149,4803.571428571428,4969.642857142857,0.5999999999997726,-0.978716960352423,3.268255645306884e-05,-1.5099956200702235e-05,0.8660254037844387,-0.4999999999999998
valsad,Mango,2010,4,1225.0,4,1.1,0.0366666666666666,3.463003320752779e-05,2010-04-01,1350.0,7757.142857142857,2953.5714285714284,825.0,1875.0,3275.0,3845.2380952380954,3551.0495957241355,2845.5357142857138,2570.8535443367,-6532.142857142857,400.0,0.0,0.12128303964757714,2.200529165647741e-05,3.861144581068203e-06,0.8660254037844387,-0.4999999999999998
surat,Mango,2010,4,977.1428571428572,7,0.0,0.0,3.469702703330896e-05,2010-04-01,1975.0,1225.0,7757.142857142857,2953.5714285714284,875.0,2187.5,3978.571428571429,3384.5518649491314,2737.2023809523803,2632.8774940755457,-247.85714285714278,-1976.428571428571,1.0999999999997727,-0.978716960352423,3.463003320752779e-05,2.0144705802401173e-06,0.8660254037844387,-0.4999999999999998
bharuch,Mango,2010,4,1650.0,4,0.0,0.0,2.709957945814145e-05,2010-04-01,1295.0,977.1428571428572,1225.0,7757.142857142857,2787.5,2140.0,3319.761904761905,3844.882388088264,2754.2261904761904,2618.720773707319,672.8571428571428,-6107.142857142857,1.0999999999997727,-0.978716960352423,3.469702703330896e-05,5.0942878016640406e-06,0.8660254037844387,-0.4999999999999998
amreli,Mango,2010,4,1575.0,2,0.0,0.0,2.318176771718019e-05,2010-04-01,1325.0,1650.0,977.1428571428572,1225.0,825.0,860.2857142857143,1284.047619047619,340.2927411213223,2564.642857142857,2656.7291824684717,-75.0,350.0,1.0999999999997727,-0.978716960352423,2.709957945814145e-05,-1.1448265490347601e-05,0.8660254037844387,-0.4999999999999998
dahod,Mango,2010,4,1350.0,2,0.0,0.0,2.5193526634614617e-05,2010-04-01,1866.6666666666667,1575.0,1650.0,977.1428571428572,2953.5714285714284,2671.428571428572,1400.7142857142856,368.7354286294324,2689.642857142857,2574.89166603893,-225.0,372.8571428571428,0.0,-0.978716960352423,2.318176771718019e-05,-9.50350039869434e-06,0.8660254037844387,-0.4999999999999998
banaskantha,Mango,2010,4,1975.0,2,0.0,0.0,4.197262420000229e-05,2010-04-01,2083.333333333333,1350.0,1575.0,1650.0,7757.142857142857,1358.3333333333333,1525.0,156.1249499599666,2422.3809523809523,2624.757002034263,625.0,325.0,0.0,-0.978716960352423,2.5193526634614617e-05,1.4873044741860842e-05,0.8660254037844387,-0.4999999999999998
navsari,Mango,2010,4,1295.0,4,0.0,0.0,3.826546584113444e-05,2010-04-01,842.5,1975.0,1350.0,1575.0,1225.0,1875.0,1633.3333333333333,316.55699855371495,1458.6904761904761,350.71804381654715,-680.0,-280.0,0.0,-0.978716960352423,4.197262420000229e-05,1.508369812395425e-05,0.8660254037844387,-0.4999999999999998
girsomnath,Mango,2010,4,1325.0,2,0.0,0.0,4.197262420000229e-05,2010-04-01,4088.8888888888887,1295.0,1975.0,1350.0,977.1428571428572,875.0,1540.0,377.72344380512345,1470.357142857143,342.45653679239183,30.0,-25.0,0.0,-0.978716960352423,3.826546584113444e-05,1.6779097565387674e-05,0.8660254037844387,-0.4999999999999998
valsad,Mango,2010,5,1866.6666666666667,3,0.2,0.0064516129032258,3.4886273030808145e-05,2010-05-01,2933.333333333333,1325.0,1295.0,1975.0,1650.0,2787.5,1531.6666666666667,384.23083339749746,1528.3333333333333,262.32930958371526,541.6666666666667,-108.33333333333326,0.0,-7.2170199692780335,4.197262420000229e-05,-7.0863511691941466e-06,0.49999999999999994,-0.8660254037844387
bharuch,Mango,2010,5,2083.333333333333,3,0.0,0.0,2.527979290667924e-05,2010-05-01,2050.0,1866.6666666666667,1325.0,1295.0,1575.0,825.0,1495.5555555555557,321.74149964310527,1564.4444444444446,295.27137549242264,216.6666666666663,788.333333333333,0.19999999999977264,-7.417019969278034,3.4886273030808145e-05,-1.2985672934455201e-05,0.49999999999999994,-0.8660254037844387
surat,Mango,2010,5,842.5,4,0.0,0.0,3.461726377054027e-05,2010-05-01,452.5,2083.333333333333,1866.6666666666667,1325.0,1350.0,2953.5714285714284,1758.3333333333333,390.6013881752716,1649.1666666666667,363.8661994622653,-1240.833333333333,-482.5,0.19999999999977264,-7.417019969278034,2.527979290667924e-05,-7.3553604294620195e-06,0.49999999999999994,-0.8660254037844387
ahmadabad,Mango,2010,5,4088.8888888888887,9,0.0,0.0,2.007171407263436e-05,2010-05-01,1650.0,842.5,2083.333333333333,1866.6666666666667,1975.0,7757.142857142857,1597.5,662.7630505022996,1564.5833333333333,485.8554168794592,3246.3888888888887,2222.2222222222217,0.19999999999977264,-7.417019969278034,3.461726377054027e-05,-1.4814558958173784e-05,0.49999999999999994,-0.8660254037844387
banaskantha,Mango,2010,5,2933.333333333333,3,0.0,0.0,4.197262420000229e-05,2010-05-01,1500.0,4088.8888888888887,842.5,2083.333333333333,1295.0,1225.0,2338.2407407407404,1638.137217768614,1916.898148148148,1152.3193789621384,-1155.5555555555557,850.0,0.0,-7.417019969278034,2.007171407263436e-05,1.6692831293323053e-05,0.49999999999999994,-0.8660254037844387
dahod,Mango,2010,5,2050.0,4,1.2000000000000002,0.0387096774193548,2.365879913098545e-05,2010-05-01,2175.0,2933.333333333333,4088.8888888888887,842.5,1325.0,977.1428571428572,2621.574074074074,1645.4955427699388,2189.953703703704,1169.4637160812017,-883.333333333333,1207.5,0.0,-6.2170199692780335,4.197262420000229e-05,-1.095846463955482e-05,0.49999999999999994,-0.8660254037844387
junagadh,Mango,2010,5,452.5,2,0.0,0.0,2.8326945544426223e-05,2010-05-01,3850.0,2050.0,2933.333333333333,4088.8888888888887,1866.6666666666667,1650.0,3024.0740740740744,1022.4687705897405,2310.787037037037,1097.4575052470352,-1597.5,-3636.3888888888887,1.1999999999997728,-7.417019969278034,2.365879913098545e-05,8.255231471791863e-06,0.49999999999999994,-0.8660254037844387
mahesana,Mango,2010,5,1650.0,1,0.0,0.0,2.8376871003312983e-05,2010-05-01,1552.5,452.5,2050.0,2933.333333333333,2083.333333333333,1575.0,1811.9444444444443,1257.4324405679208,2075.0925925925926,1337.5157166108631,1197.5,-1283.333333333333,1.1999999999997728,-7.417019969278034,2.8326945544426223e-05,-1.3595753196689308e-05,0.49999999999999994,-0.8660254037844387
amreli,Mango,2010,5,1500.0,3,0.1,0.0032258064516129,2.18613851993142e-05,2010-05-01,1775.0,1650.0,452.5,2050.0,842.5,1350.0,1384.1666666666667,831.2653507354516,2002.8703703703704,1348.634937043987,-150.0,-550.0,1.1999999999997728,-7.317019969278034,2.8376871003312983e-05,-1.7974139316712505e-06,0.49999999999999994,-0.8660254037844387
girsomnath,Mango,2010,5,2175.0,2,0.1,0.0032258064516129,4.197262420000229e-05,2010-05-01,2125.0,1500.0,1650.0,452.5,4088.8888888888887,1975.0,1200.8333333333333,652.4010142031749,2112.453703703704,1259.2417669672882,675.0,1722.5,0.09999999999977263,-7.317019969278034,2.18613851993142e-05,1.3645678655576068e-05,0.49999999999999994,-0.8660254037844387
vadodara,Mango,2010,5,3850.0,5,0.2,0.0064516129032258,2.792508438587649e-05,2010-05-01,941.1666666666666,2175.0,1500.0,1650.0,2933.333333333333,1295.0,1775.0,354.4361719689521,1793.472222222222,826.5071110581146,1675.0,2200.0,0.19999999999977264,-7.2170199692780335,4.197262420000229e-05,-4.517866174364944e-07,0.49999999999999994,-0.8660254037844387
navsari,Mango,2010,5,1552.5,6,0.0,0.0,3.865214334913404e-05,2010-05-01,4012.5,3850.0,2175.0,1500.0,2050.0,1325.0,2508.3333333333335,1209.9414586389487,1946.25,1114.0508852830742,-2297.5,52.5,0.39999999999977265,-7.417019969278034,2.792508438587649e-05,1.6790758149819837e-05,0.49999999999999994,-0.8660254037844387
dahod,Mango,2010,6,1775.0,4,40.4,1.346666666666667,2.6502802298065905e-05,2010-06-01,1687.5,1552.5,3850.0,2175.0,452.5,1866.6666666666667,2525.8333333333335,1188.2506399465337,1863.3333333333333,1123.2605070359537,222.5,-400.0,0.29999999999977267,-85.43309782608696,3.865214334913404e-05,-1.5469821901936386e-05,1.2246467991473532e-16,-1.0
bharuch,Mango,2010,6,2125.0,4,92.5,3.083333333333333,2.6605223969344187e-05,2010-06-01,1844.1666666666667,1775.0,1552.5,3850.0,1650.0,2083.333333333333,2392.5,1267.1251911314887,2083.75,898.2674295553642,350.0,-1725.0,40.599999999999774,-33.333097826086956,2.6502802298065905e-05,-1.319860416532302e-06,1.2246467991473532e-16,-1.0
surat,Mango,2010,6,941.1666666666666,6,41.0,1.3666666666666667,3.721925912037471e-05,2010-06-01,600.0,2125.0,1775.0,1552.5,1500.0,842.5,1817.5,288.60656610687965,2162.9166666666665,872.9696682397779,-1183.8333333333335,-611.3333333333334,132.89999999999978,-84.83309782608696,2.6605223969344187e-05,-1.4328842287593272e-06,1.2246467991473532e-16,-1.0
ahmadabad,Mango,2010,6,4012.5,8,14.6,0.4866666666666666,2.002290102615415e-05,2010-06-01,3625.0,941.1666666666666,2125.0,1775.0,2175.0,4088.8888888888887,1613.7222222222224,608.1720410225084,2069.777777777778,980.9735621461115,3071.3333333333335,2237.5,173.89999999999978,-111.23309782608696,3.721925912037471e-05,-6.479901271911757e-06,1.2246467991473532e-16,-1.0
amreli,Mango,2010,6,1687.5,2,36.1,1.2033333333333334,2.427704758007053e-05,2010-06-01,2062.0,4012.5,941.1666666666666,2125.0,3850.0,2933.333333333333,2359.555555555555,1549.043040910292,2376.027777777778,1265.8522180582393,-2325.0,-437.5,148.09999999999977,-89.73309782608695,2.002290102615415e-05,-2.328176389273656e-06,1.2246467991473532e-16,-1.0
navsari,Mango,2010,6,1844.1666666666667,6,82.4,2.746666666666667,4.296114465266676e-05,2010-06-01,1791.6666666666667,1687.5,4012.5,941.1666666666666,1552.5,2050.0,2213.722222222222,1601.8596946928565,2015.611111111111,1052.044156586314,156.66666666666674,903.0000000000001,91.69999999999978,-43.43309782608695,2.427704758007053e-05,5.741885532292051e-06,1.2246467991473532e-16,-1.0
junagadh,Mango,2010,6,600.0,1,35.2,1.1733333333333331,3.418328475116321e-05,2010-06-01,2755.555555555556,1844.1666666666667,1687.5,4012.5,1775.0,452.5,2514.722222222222,1299.4767465464042,2064.222222222222,1032.93054873913,-1244.1666666666667,-3412.5,133.0999999999998,-90.63309782608695,4.296114465266676e-05,1.416038372500906e-05,1.2246467991473532e-16,-1.0
banaskantha,Mango,2010,6,3625.0,2,25.9,0.8633333333333333,4.197262420000229e-05,2010-06-01,1486.0,600.0,1844.1666666666667,1687.5,2125.0,1650.0,1377.2222222222224,677.6369958526087,1868.388888888889,1197.0731513277003,3025.0,1937.5,153.6999999999998,-99.93309782608696,3.418328475116321e-05,1.769557661993176e-05,1.2246467991473532e-16,-1.0
valsad,Mango,2010,6,2062.0,1,136.5,4.55,4.154152981684408e-05,2010-06-01,375.0,3625.0,600.0,1844.1666666666667,941.1666666666666,1500.0,2023.0555555555557,1520.413488471453,2118.3888888888887,1400.6965396888427,-1563.0,217.83333333333326,143.49999999999977,10.666902173913044,4.197262420000229e-05,-1.4196148358226838e-06,1.2246467991473532e-16,-1.0
girsomnath,Mango,2010,6,1791.6666666666667,3,30.6,1.02,4.197262420000229e-05,2010-06-01,1138.142857142857,2062.0,3625.0,600.0,4012.5,2175.0,2095.6666666666665,1512.780993182206,2305.194444444445,1282.0065237165734,-270.33333333333326,1191.6666666666667,197.59999999999977,-95.23309782608695,4.154152981684408e-05,7.789339448839083e-06,1.2246467991473532e-16,-1.0
vadodara,Mango,2010,6,2755.555555555556,9,91.9,3.063333333333333,2.857175117260125e-05,2010-06-01,1125.0,1791.6666666666667,2062.0,3625.0,1687.5,3850.0,2492.888888888889,989.7104140624751,1935.0555555555557,974.115534253548,963.8888888888894,-869.4444444444439,192.99999999999974,-33.93309782608695,4.197262420000229e-05,-1.340087302740104e-05,1.2246467991473532e-16,-1.0
navsari,Mango,2010,7,1486.0,5,555.2,17.90967741935484,4.0964948131684685e-05,2010-07-01,1500.0,2755.555555555556,1791.6666666666667,2062.0,1844.1666666666667,1552.5,2203.0740740740744,497.18896640288233,2113.0648148148152,1016.4957539499883,-1269.555555555556,-576.0,258.9999999999998,183.77075991189434,2.857175117260125e-05,-5.76581685159393e-07,-0.4999999999999997,-0.8660254037844388
junagadh,Mango,2010,7,375.0,2,418.4,13.496774193548386,4.124804689202467e-05,2010-07-01,1658.3333333333333,1486.0,2755.555555555556,1791.6666666666667,600.0,1775.0,2011.0740740740741,662.6066215934088,2053.3703703703704,1045.5468996374889,-1111.0,-1416.6666666666667,677.6999999999998,46.97075991189428,4.0964948131684685e-05,-7.245773079776223e-07,-0.4999999999999997,-0.8660254037844388
surat,Mango,2010,7,1138.142857142857,7,404.2,13.038709677419355,3.994792621732789e-05,2010-07-01,2636.111111111112,375.0,1486.0,2755.555555555556,3625.0,2125.0,1538.851851851852,1191.1574946054507,2015.8703703703704,1110.1392492272753,763.1428571428571,-1617.412698412699,1065.4999999999998,32.77075991189429,4.124804689202467e-05,1.1376175044726636e-05,-0.4999999999999997,-0.8660254037844388
valsad,Mango,2010,7,1125.0,2,545.4,17.593548387096774,3.763611595694014e-05,2010-07-01,2375.0,1138.142857142857,375.0,1486.0,2062.0,941.1666666666666,999.7142857142857,568.2887488247598,1601.3941798941798,813.9299860638048,-13.14285714285711,-361.0,1377.7999999999997,173.97075991189428,3.994792621732789e-05,-3.3288321747445456e-06,-0.4999999999999997,-0.8660254037844388
dahod,Mango,2010,7,1500.0,6,306.5,9.887096774193548,4.044463141748633e-05,2010-07-01,2962.5,1125.0,1138.142857142857,375.0,1791.6666666666667,4012.5,879.3809523809523,436.856146250685,1445.2275132275133,797.6058722858244,375.0,1125.0,1367.9999999999998,-64.9292400881057,3.763611595694014e-05,-8.034154745383375e-07,-0.4999999999999997,-0.8660254037844388
amreli,Mango,2010,7,1658.3333333333333,3,341.3,11.00967741935484,3.546243885789722e-05,2010-07-01,2475.0,1500.0,1125.0,1138.142857142857,2755.555555555556,1687.5,1254.3809523809523,212.81381789825784,1396.6164021164022,780.983653485144,158.33333333333326,520.1904761904761,1256.1,-30.12924008810569,4.044463141748633e-05,-4.485487359430666e-06,-0.4999999999999997,-0.8660254037844388
vadodara,Mango,2010,7,2636.111111111112,9,269.6,8.696774193548388,3.9113908936791e-05,2010-07-01,3644.444444444444,1658.3333333333333,1500.0,1125.0,1486.0,1844.1666666666667,1427.777777777778,273.903538035104,1213.7460317460318,462.7759782517503,977.777777777779,1511.1111111111122,1193.1999999999998,-101.82924008810568,3.546243885789722e-05,1.4777929798508638e-06,-0.4999999999999997,-0.8660254037844388
bharuch,Mango,2010,7,2375.0,2,305.4,9.851612903225806,3.379164544200569e-05,2010-07-01,901.875,2636.111111111112,1658.3333333333333,1500.0,375.0,600.0,1931.4814814814818,615.341000848399,1405.431216931217,748.2444740436977,-261.1111111111122,875.0,917.3999999999999,-66.02924008810572,3.9113908936791e-05,-6.65298597548064e-06,-0.4999999999999997,-0.8660254037844388
banaskantha,Mango,2010,7,2962.5,4,469.4,15.141935483870968,4.197262420000229e-05,2010-07-01,2597.5,2375.0,2636.111111111112,1658.3333333333333,1138.142857142857,3625.0,2223.1481481481483,506.26730524708927,1738.7645502645503,634.1856873650041,587.5,1304.1666666666667,916.3,97.97075991189428,3.379164544200569e-05,6.5101853421050705e-06,-0.4999999999999997,-0.8660254037844388
girsomnath,Mango,2010,7,2475.0,3,382.0,12.32258064516129,4.197262420000229e-05,2010-07-01,1459.0,2962.5,2375.0,2636.111111111112,1125.0,2062.0,2657.8703703703704,294.35380330929627,2042.8240740740741,720.1425274025025,-487.5,-161.11111111111222,1044.3999999999999,10.5707599118943,4.197262420000229e-05,2.8587152632112884e-06,-0.4999999999999997,-0.8660254037844388
ahmadabad,Mango,2010,7,3644.444444444444,9,339.6,10.95483870967742,2.255873841629846e-05,2010-07-01,2800.0,2475.0,2962.5,2375.0,1500.0,1791.6666666666667,2604.1666666666665,314.3279868757265,2267.8240740740744,571.6032363218948,1169.444444444444,1269.444444444444,1156.7999999999997,-31.829240088105678,4.197262420000229e-05,-1.1232907025707231e-05,-0.4999999999999997,-0.8660254037844388
surat,Mango,2010,8,901.875,8,490.5,15.82258064516129,4.4296270033294855e-05,2010-08-01,875.0,3644.444444444444,2475.0,2962.5,1658.3333333333333,2755.555555555556,3027.3148148148152,587.410246186701,2625.2314814814818,659.2026706622413,-2742.569444444444,-2060.625,1191.0,183.3179891304348,2.255873841629846e-05,2.323645833292564e-06,-0.8660254037844384,-0.5000000000000004
vadodara,Mango,2010,8,2597.5,10,384.6,12.406451612903227,4.649708943417135e-05,2010-08-01,1791.6666666666667,901.875,3644.444444444444,2475.0,2636.111111111112,1486.0,2340.439814814815,1376.2273147913795,2499.1550925925926,906.9106685227047,1695.625,122.5,1212.1,77.41798913043482,4.4296270033294855e-05,4.52446523416906e-06,-0.8660254037844384,-0.5000000000000004
navsari,Mango,2010,8,1459.0,5,483.3,15.59032258064516,5.055585899482145e-05,2010-08-01,925.0,2597.5,901.875,3644.444444444444,2375.0,375.0,2381.273148148148,1384.0113178715012,2492.7199074074074,905.8809086801439,-1138.5,-2185.444444444444,1214.6999999999998,176.1179891304348,4.649708943417135e-05,2.7997120578522986e-05,-0.8660254037844384,-0.5000000000000004
banaskantha,Mango,2010,8,2800.0,4,347.1,11.196774193548386,4.197262420000229e-05,2010-08-01,1650.0,1459.0,2597.5,901.875,2962.5,1138.142857142857,1652.7916666666667,864.2641047205057,2340.053240740741,1001.7961177065441,1341.0,1898.125,1358.4,39.91798913043482,5.055585899482145e-05,-2.323645833292564e-06,-0.8660254037844384,-0.5000000000000004
valsad,Mango,2010,8,875.0,1,463.7,14.958064516129031,5.007406491287919e-05,2010-08-01,5114.285714285715,2800.0,1459.0,2597.5,2475.0,1125.0,2285.5,722.8957393704919,2312.9699074074074,983.6348223638275,-1925.0,-1722.5,1215.0,156.51798913043478,4.197262420000229e-05,3.576975478707841e-06,-0.8660254037844384,-0.5000000000000004
girsomnath,Mango,2010,8,1791.6666666666667,3,424.6,13.696774193548386,4.197262420000229e-05,2010-08-01,1716.6666666666667,875.0,2800.0,1459.0,3644.444444444444,1500.0,1711.3333333333333,986.9956095815919,2046.3032407407409,1136.0039045593662,916.6666666666667,332.66666666666674,1294.1,117.41798913043482,5.007406491287919e-05,-8.583234794819155e-06,-0.8660254037844384,-0.5000000000000004
junagadh,Mango,2010,8,925.0,2,438.6,14.148387096774194,4.357350351256098e-05,2010-08-01,2175.0,1791.6666666666667,875.0,2800.0,901.875,1658.3333333333333,1822.2222222222224,962.8636879026477,1737.5069444444443,823.5505956665235,-866.6666666666667,-1875.0,1235.3999999999999,131.41798913043482,4.197262420000229e-05,1.6008793125586908e-06,-0.8660254037844384,-0.5000000000000004
dahod,Mango,2010,8,1650.0,4,325.0,10.483870967741936,4.247451560070082e-05,2010-08-01,1025.0,925.0,1791.6666666666667,875.0,2597.5,2636.111111111112,1197.2222222222224,515.410659715288,1741.3611111111113,818.8987212963159,725.0,775.0,1326.8999999999999,17.817989130434796,4.357350351256098e-05,-7.5995493121783716e-06,-0.8660254037844384,-0.5000000000000004
ahmadabad,Mango,2010,8,5114.285714285715,7,442.6,14.27741935483871,3.2205732438232136e-05,2010-08-01,1937.5,1650.0,925.0,1791.6666666666667,1459.0,2375.0,1455.5555555555557,464.9024190722842,1583.4444444444443,704.0912714403715,3464.2857142857147,3322.6190476190477,1188.1999999999998,135.41798913043482,4.247451560070082e-05,-9.766891761770155e-06,-0.8660254037844384,-0.5000000000000004
amreli,Mango,2010,8,1716.6666666666667,3,519.9,16.770967741935483,4.6659133641343775e-05,2010-08-01,2916.6666666666665,5114.285714285715,1650.0,925.0,2800.0,2962.5,2563.095238095238,2238.936328785112,2192.65873015873,1593.940022092652,-3397.6190476190477,791.6666666666667,1206.2,212.71798913043477,3.2205732438232136e-05,3.085630128782793e-06,-0.8660254037844384,-0.5000000000000004
bharuch,Mango,2010,8,2175.0,2,491.8,15.86451612903226,3.946071843689181e-05,2010-08-01,609.1666666666666,1716.6666666666667,5114.285714285715,1650.0,875.0,2475.0,2826.984126984127,1981.1417224836284,2012.1031746031747,1572.5983050192312,458.33333333333326,525.0,1287.4999999999998,184.6179891304348,4.6659133641343775e-05,-3.0137971638090095e-06,-0.8660254037844384,-0.5000000000000004
dahod,Mango,2010,9,1025.0,4,220.3,7.343333333333334,6.454886181873558e-05,2010-09-01,1385.0,2175.0,1716.6666666666667,5114.285714285715,1791.6666666666667,3644.444444444444,3001.984126984127,1843.6053964714717,2228.7698412698414,1470.8631631876485,-1150.0,-4089.2857142857147,1454.2999999999997,13.726969576719569,3.946071843689181e-05,3.234312938050344e-05,-1.0,-1.8369701987210297e-16
amreli,Mango,2010,9,1937.5,2,106.8,3.5600000000000005,6.523154476996823e-05,2010-09-01,2327.777777777778,1025.0,2175.0,1716.6666666666667,925.0,901.875,1638.888888888889,578.9318068970148,2100.9920634920636,1547.7229665965133,912.5,220.83333333333326,1232.0,-99.77303042328045,6.454886181873558e-05,1.8572411128624456e-05,-1.0,-1.8369701987210297e-16
banaskantha,Mango,2010,9,2916.6666666666665,3,115.6,3.8533333333333335,4.197262420000229e-05,2010-09-01,4233.333333333333,1937.5,1025.0,2175.0,1650.0,2597.5,1712.5,607.1192222290495,2269.7420634920636,1445.6932491424404,979.1666666666665,741.6666666666665,818.8999999999997,-90.97303042328045,6.523154476996823e-05,2.5119057631104805e-06,-1.0,-1.8369701987210297e-16
surat,Mango,2010,9,609.1666666666666,6,189.9,6.33,6.524109645529565e-05,2010-09-01,1051.6666666666667,2916.6666666666665,1937.5,1025.0,5114.285714285715,1459.0,1959.722222222222,946.0291035770637,2480.853174603175,1429.487227127542,-2307.5,-415.83333333333337,442.69999999999976,-16.673030423280437,4.197262420000229e-05,6.922346365600724e-07,-1.0,-1.8369701987210297e-16
navsari,Mango,2010,9,1385.0,5,185.1,6.17,7.25637781046042e-05,2010-09-01,2062.5,609.1666666666666,2916.6666666666665,1937.5,1716.6666666666667,2800.0,1821.111111111111,1158.1445689518212,1730.0,824.9520188067511,775.8333333333334,-552.5,412.2999999999998,-21.47303042328045,6.524109645529565e-05,7.3322333346359725e-06,-1.0,-1.8369701987210297e-16
vadodara,Mango,2010,9,2327.777777777778,9,240.4,8.013333333333334,6.332378037220784e-05,2010-09-01,2250.0,1385.0,609.1666666666666,2916.6666666666665,2175.0,875.0,1636.9444444444443,1174.200180895413,1674.7222222222224,837.0475007540009,942.7777777777778,-588.8888888888887,490.5999999999998,33.82696957671956,7.25637781046042e-05,2.135115617220555e-05,-1.0,-1.8369701987210297e-16
ahmadabad,Mango,2010,9,4233.333333333333,6,260.8,8.693333333333333,4.559610648436607e-05,2010-09-01,4150.0,2327.777777777778,1385.0,609.1666666666666,1025.0,1791.6666666666667,1440.648148148148,860.6558981979298,1700.1851851851852,857.3862748375647,1905.5555555555552,3624.1666666666665,615.3999999999999,54.22696957671957,6.332378037220784e-05,-1.9644989970929577e-05,-1.0,-1.8369701987210297e-16
girsomnath,Mango,2010,9,1051.6666666666667,3,141.1,4.703333333333333,4.197262420000229e-05,2010-09-01,1730.0,4233.333333333333,2327.777777777778,1385.0,1937.5,925.0,2648.703703703704,1451.0326605190585,2234.9074074074074,1258.6463759088485,-3181.666666666666,-333.33333333333326,686.2999999999997,-65.47303042328045,4.559610648436607e-05,-3.059115390460191e-05,-1.0,-1.8369701987210297e-16
valsad,Mango,2010,9,2062.5,2,223.6,7.453333333333333,7.502869513841185e-05,2010-09-01,1700.0,1051.6666666666667,4233.333333333333,2327.777777777778,2916.6666666666665,1650.0,2537.5925925925926,1601.1768755610008,2087.2685185185182,1349.2055094340683,1010.8333333333333,-265.2777777777778,642.2999999999997,17.02696957671955,4.197262420000229e-05,1.170491476620401e-05,-1.0,-1.8369701987210297e-16
bharuch,Mango,2010,9,2250.0,4,184.2,6.14,5.293538192554928e-05,2010-09-01,2625.0,2062.5,1051.6666666666667,4233.333333333333,609.1666666666666,5114.285714285715,2449.1666666666665,1625.6949368740095,1944.9074074074076,1287.8578810609113,187.5,-1983.333333333333,625.4999999999998,-22.373030423280454,7.502869513841185e-05,7.339275441183207e-06,-1.0,-1.8369701987210297e-16
ahmadabad,Mango,2010,10,4150.0,10,3.6,0.1161290322580645,4.3520674184389214e-05,2010-10-01,2800.0,2250.0,2062.5,1051.6666666666667,1385.0,1716.6666666666667,1788.0555555555554,644.5855329273742,2218.3796296296296,1109.3282142513806,1900.0,3098.333333333333,548.8999999999997,-30.88738938053097,5.293538192554928e-05,1.5480499843869224e-06,-0.8660254037844386,0.5000000000000001
navsari,Mango,2010,10,1730.0,5,52.0,1.6774193548387095,6.849562786748511e-05,2010-10-01,2309.375,4150.0,2250.0,2062.5,2327.777777777778,2175.0,2820.8333333333335,1154.9034952468319,2679.212962962963,1258.211183875924,-2420.0,-332.5,411.39999999999975,17.51261061946903,4.3520674184389214e-05,-6.533067270926744e-06,-0.8660254037844386,0.5000000000000001
amreli,Mango,2010,10,1700.0,3,11.7,0.3774193548387096,6.098730307867071e-05,2010-10-01,2320.0,1730.0,4150.0,2250.0,4233.333333333333,1025.0,2709.9999999999995,1273.8916751435402,2579.5833333333335,1314.0334164108788,-30.0,-550.0,239.79999999999976,-22.78738938053097,6.849562786748511e-05,8.051921153121433e-06,-0.8660254037844386,0.5000000000000001
bharuch,Mango,2010,10,2625.0,4,26.4,0.8516129032258064,4.9994216918089335e-05,2010-10-01,1100.0,1700.0,1730.0,4150.0,1051.6666666666667,1937.5,2526.6666666666665,1405.9279260806177,2157.3611111111113,1058.5430785159738,925.0,-1525.0,67.29999999999977,-8.087389380530972,6.098730307867071e-05,6.473542733700122e-06,-0.8660254037844386,0.5000000000000001
junagadh,Mango,2010,10,2800.0,1,36.1,1.164516129032258,5.992691644643398e-05,2010-10-01,1024.0,2625.0,1700.0,1730.0,2062.5,2916.6666666666665,2018.333333333333,525.6028285058436,2419.5833333333335,915.0005692165814,175.0,1070.0,90.09999999999977,1.6126106194690308,4.9994216918089335e-05,-8.568711421051128e-06,-0.8660254037844386,0.5000000000000001
vadodara,Mango,2010,10,2309.375,8,25.6,0.8258064516129031,5.77284632958622e-05,2010-10-01,2650.0,2800.0,2625.0,1700.0,2250.0,609.1666666666666,2374.9999999999995,591.079520876855,2542.5,906.9385315444491,-490.625,609.375,74.19999999999978,-8.88738938053097,5.992691644643398e-05,-3.258839782808514e-06,-0.8660254037844386,0.5000000000000001
girsomnath,Mango,2010,10,2320.0,3,23.4,0.7548387096774193,4.197262420000229e-05,2010-10-01,1616.6666666666667,2309.375,2800.0,2625.0,4150.0,1385.0,2578.1249999999995,248.6486916816854,2552.3958333333335,903.4258077474698,10.625,-305.0,88.09999999999977,-11.087389380530972,5.77284632958622e-05,-8.021592718087044e-06,-0.8660254037844386,0.5000000000000001
valsad,Mango,2010,10,1100.0,2,58.7,1.8935483870967744,6.882201958325297e-05,2010-10-01,1166.6666666666667,2320.0,2309.375,2800.0,1730.0,2327.777777777778,2476.458333333333,280.24566046300595,2247.3958333333335,452.63886278596067,-1220.0,-1700.0,85.09999999999978,24.212610619469032,4.197262420000229e-05,8.895103136818993e-06,-0.8660254037844386,0.5000000000000001
surat,Mango,2010,10,1024.0,8,41.9,1.3516129032258064,6.204188375169377e-05,2010-10-01,1197.5,1100.0,2320.0,2309.375,1700.0,4233.333333333333,1909.7916666666663,701.3202764845333,2142.3958333333335,633.5737448033714,-76.0,-1285.375,107.69999999999978,7.412610619469028,6.882201958325297e-05,4.313420455831573e-06,-0.8660254037844386,0.5000000000000001
banaskantha,Mango,2010,10,2650.0,4,0.8999999999999999,0.0290322580645161,4.197262420000229e-05,2010-10-01,1552.5,1024.0,1100.0,2320.0,2625.0,1051.6666666666667,1481.333333333333,727.3000297905529,2029.7291666666667,772.7885804695663,1626.0,330.0,123.99999999999977,-33.58738938053097,6.204188375169377e-05,0.0,-0.8660254037844386,0.5000000000000001
dahod,Mango,2010,10,1616.6666666666667,6,15.9,0.5129032258064516,5.131400747894405e-05,2010-10-01,2175.0,2650.0,1024.0,1100.0,2800.0,2062.5,1591.333333333333,917.6193836952989,2033.8958333333333,776.6975377224826,-1033.3333333333333,516.6666666666667,101.49999999999977,-18.587389380530972,4.197262420000229e-05,-1.7508012104308925e-05,-0.8660254037844386,0.5000000000000001
valsad,Mango,2010,11,1166.6666666666667,3,67.1,2.2366666666666664,6.495968277813266e-05,2010-11-01,1620.0,1616.6666666666667,2650.0,1024.0,2309.375,2250.0,1763.5555555555554,822.8920094758895,1836.6736111111113,688.488239438342,-450.0,142.66666666666674,58.699999999999775,57.30494331065759,5.131400747894405e-05,2.917799026438885e-06,-0.5000000000000004,0.8660254037844384
junagadh,Mango,2010,11,1197.5,2,86.9,2.896666666666667,5.393811690968888e-05,2010-11-01,2037.5,1166.6666666666667,1616.6666666666667,2650.0,2320.0,4150.0,1811.1111111111106,760.5431782127392,1646.2222222222224,689.6249114689219,30.833333333333258,-1452.5,83.89999999999978,77.1049433106576,6.495968277813266e-05,1.1965492709686586e-05,-0.5000000000000004,0.8660254037844384
navsari,Mango,2010,11,1552.5,4,43.7,1.4566666666666668,6.379782523187231e-05,2010-11-01,2035.0,1197.5,1166.6666666666667,1616.6666666666667,1100.0,1730.0,1326.9444444444441,251.37998756494719,1459.138888888889,618.9162608648787,355.0,-64.16666666666674,169.89999999999978,33.9049433106576,5.393811690968888e-05,1.2483817752928262e-05,-0.5000000000000004,0.8660254037844384
vadodara,Mango,2010,11,2175.0,6,60.3,2.01,5.7056095244644776e-05,2010-11-01,996.0,1552.5,1197.5,1166.6666666666667,1024.0,1700.0,1305.5555555555554,214.4151174534978,1534.5555555555557,593.4469148464253,622.5,1008.3333333333333,197.69999999999976,50.504943310657595,6.379782523187231e-05,-7.90358753348788e-06,-0.5000000000000004,0.8660254037844384
dahod,Mango,2010,11,1620.0,5,47.8,1.5933333333333335,4.867357659335861e-05,2010-11-01,2025.0,2175.0,1552.5,1197.5,2650.0,2625.0,1641.6666666666663,494.81267499260844,1726.388888888889,581.3085494207269,-555.0,422.5,190.8999999999998,38.004943310657595,5.7056095244644776e-05,-5.264540316330268e-06,-0.5000000000000004,0.8660254037844384
bharuch,Mango,2010,11,2037.5,4,71.7,2.39,4.918047444569151e-05,2010-11-01,3916.6666666666665,1620.0,2175.0,1552.5,1616.6666666666667,2800.0,1782.4999999999998,341.58637267901736,1554.7222222222224,366.3448082319691,417.5,485.0,151.79999999999978,61.9049433106576,4.867357659335861e-05,-1.4617350786180803e-05,-0.5000000000000004,0.8660254037844384
girsomnath,Mango,2010,11,2035.0,3,57.7,1.923333333333333,4.197262420000229e-05,2010-11-01,1462.5,2037.5,1620.0,2175.0,1166.6666666666667,2309.375,1944.1666666666663,289.03214930755223,1624.861111111111,417.31596631418336,-2.5,-140.0,179.79999999999978,47.9049433106576,4.918047444569151e-05,-1.5083471044642485e-05,-0.5000000000000004,0.8660254037844384
surat,Mango,2010,11,996.0,9,60.3,2.01,5.789841075540873e-05,2010-11-01,1933.3333333333333,2035.0,2037.5,1620.0,1197.5,2320.0,1897.4999999999998,240.32530037432483,1769.5833333333333,375.06471663789824,-1039.0,-624.0,177.1999999999998,50.504943310657595,4.197262420000229e-05,9.224834162050122e-06,-0.5000000000000004,0.8660254037844384
banaskantha,Mango,2010,11,2025.0,2,75.5,2.5166666666666666,4.197262420000229e-05,2010-11-01,821.25,996.0,2035.0,2037.5,1552.5,1100.0,1689.4999999999998,600.5899183303094,1736.0,439.94374640401486,1029.0,-12.5,189.69999999999982,65.7049433106576,5.789841075540873e-05,-7.207850245689217e-06,-0.5000000000000004,0.8660254037844384
ahmadabad,Mango,2010,11,3916.6666666666665,6,49.3,1.643333333333333,3.901224088512793e-05,2010-11-01,2020.0,2025.0,996.0,2035.0,2175.0,1024.0,1685.333333333333,597.0011166935461,1814.75,442.8073791164735,1891.6666666666665,1881.6666666666665,193.49999999999977,39.504943310657595,4.197262420000229e-05,-2.9603833148743607e-06,-0.5000000000000004,0.8660254037844384
amreli,Mango,2010,11,1462.5,2,94.5,3.15,5.479695735442432e-05,2010-11-01,1062.5,3916.6666666666665,2025.0,996.0,1620.0,2650.0,2312.555555555555,1481.4147267367787,2105.027777777778,976.0223723339014,-2454.1666666666665,466.5,185.0999999999998,84.7049433106576,3.901224088512793e-05,-3.10145340098441e-06,-0.5000000000000004,0.8660254037844384
amreli,Mango,2010,12,1933.3333333333333,3,0.0,0.0,5.10358314980951e-05,2010-12-01,1900.0,1462.5,3916.6666666666665,2025.0,2037.5,1616.6666666666667,2468.055555555555,1285.6738217471566,2078.777777777778,993.6351424422834,470.83333333333326,-91.66666666666674,219.29999999999978,-3.6994424213174213,5.479695735442432e-05,9.063207298092806e-06,-2.4492935982947064e-16,1.0
surat,Mango,2010,12,821.25,8,0.0,0.0,5.523053477087051e-05,2010-12-01,1350.0,1933.3333333333333,1462.5,3916.6666666666665,2035.0,1166.6666666666667,2437.4999999999995,1302.448282189274,2061.4166666666665,995.4090379224906,-1112.0833333333333,-3095.4166666666665,143.79999999999978,-3.6994424213174213,5.10358314980951e-05,1.6218293885742578e-05,-2.4492935982947064e-16,1.0
girsomnath,Mango,2010,12,2020.0,3,0.0,0.0,4.197262420000229e-05,2010-12-01,1496.0,821.25,1933.3333333333333,1462.5,996.0,1197.5,1405.6944444444441,558.2136584014505,1859.125,1117.6743509900866,1198.75,557.5,94.49999999999979,-3.6994424213174213,5.523053477087051e-05,-1.282433315442203e-05,-2.4492935982947064e-16,1.0
valsad,Mango,2010,12,1062.5,2,0.0,0.0,5.9755115712641766e-05,2010-12-01,3665.0,2020.0,821.25,1933.3333333333333,2025.0,1552.5,1591.5277777777774,668.4861023099046,2029.7916666666667,1034.6123049373512,-957.5,-870.8333333333333,0.0,-3.6994424213174213,4.197262420000229e-05,8.719284214546669e-06,-2.4492935982947064e-16,1.0
mahesana,Mango,2010,12,1900.0,1,0.2,0.0064516129032258,5.172990015755922e-05,2010-12-01,1350.0,1062.5,2020.0,821.25,3916.6666666666665,2175.0,1301.2499999999998,634.0359315527825,1869.375,1107.550655663709,837.5,1078.75,0.0,-3.499442421317421,5.9755115712641766e-05,-3.5006346133112864e-06,-2.4492935982947064e-16,1.0
junagadh,Mango,2010,12,1350.0,2,0.0,0.0,5.741639185417117e-05,2010-12-01,1766.6666666666667,1900.0,1062.5,2020.0,1462.5,1620.0,1660.833333333333,521.6340511635917,1533.263888888889,503.001575038032,-550.0,-670.0,0.19999999999978685,-3.6994424213174213,5.172990015755922e-05,1.5443767654168877e-05,-2.4492935982947064e-16,1.0
navsari,Mango,2010,12,1496.0,5,0.0,0.0,6.048540514431428e-05,2010-12-01,2775.0,1350.0,1900.0,1062.5,1933.3333333333333,2037.5,1437.4999999999998,425.5511132637367,1514.513888888889,508.2364946466762,146.0,433.5,0.19999999999978685,-3.6994424213174213,5.741639185417117e-05,7.302894316725119e-07,-2.4492935982947064e-16,1.0
ahmadabad,Mango,2010,12,3665.0,10,1.5,0.0483870967741935,3.744680341643629e-05,2010-12-01,2334.375,1496.0,1350.0,1900.0,821.25,2035.0,1581.9999999999998,284.90700237096087,1441.625,465.74198194923343,2169.0,1765.0,0.19999999999978685,-2.1994424213174213,6.048540514431428e-05,-1.428309674112293e-05,-2.4492935982947064e-16,1.0
dahod,Mango,2010,12,1350.0,4,0.0,0.0,4.785066124675208e-05,2010-12-01,3555.0,3665.0,1496.0,1350.0,2020.0,996.0,2170.333333333333,1296.4761213895706,1915.5833333333333,926.8538405092074,-2315.0,0.0,1.4999999999997868,-3.6994424213174213,3.744680341643629e-05,-9.565730607419088e-06,-2.4492935982947064e-16,1.0
bharuch,Mango,2010,12,1766.6666666666667,3,0.0,0.0,4.865878820250668e-05,2010-12-01,2225.0,1350.0,3665.0,1496.0,1062.5,2025.0,2170.333333333333,1296.4761213895706,1803.9166666666667,951.7830854068942,416.66666666666674,270.66666666666674,1.4999999999997868,-3.6994424213174213,4.785066124675208e-05,-1.1826616941807596e-05,-2.4492935982947064e-16,1.0
banaskantha,Mango,2010,12,2775.0,4,0.2,0.0064516129032258,4.197262420000229e-05,2010-12-01,1750.0,1766.6666666666667,1350.0,3665.0,1900.0,3916.6666666666665,2260.555555555555,1233.997944052557,1921.2777777777776,883.0064908951483,1008.3333333333333,-890.0,1.4999999999997868,-3.499442421317421,4.865878820250668e-05,4.525820783566e-06,-2.4492935982947064e-16,1.0
vadodara,Mango,2010,12,2334.375,8,0.0,0.0,5.616463070318166e-05,2010-12-01,875.0,2775.0,1766.6666666666667,1350.0,1350.0,1462.5,1963.8888888888887,732.6859516216432,2067.1111111111113,948.6081421785332,-440.625,984.375,0.19999999999978685,-3.6994424213174213,4.197262420000229e-05,8.313969456429583e-06,-2.4492935982947064e-16,1.0
girsomnath,Mango,2011,1,3555.0,1,0.0,0.0,4.197262420000229e-05,2011-01-01,2500.0,2334.375,2775.0,1766.6666666666667,1496.0,1933.3333333333333,2292.0138888888887,505.49962965240195,2231.1736111111113,882.6063283508159,1220.625,1788.3333333333333,0.19999999999978685,-1.0126696832579185,5.616463070318166e-05,-6.6861640025043904e-06,0.49999999999999994,0.8660254037844387
amreli,Mango,2011,1,2225.0,1,0.0,0.0,4.877076351271092e-05,2011-01-01,2500.0,3555.0,2334.375,2775.0,3665.0,821.25,2888.125,618.1256319511562,2574.340277777778,938.1285153967254,-1330.0,-550.0,0.19999999999978685,-1.0126696832579185,4.197262420000229e-05,6.798139312708632e-06,0.49999999999999994,0.8660254037844387
banaskantha,Mango,2011,1,1750.0,1,0.0,0.0,4.197262420000229e-05,2011-01-01,4592.857142857143,2225.0,3555.0,2334.375,1350.0,2020.0,2704.7916666666665,738.3301295547597,2334.340277777778,772.9586737985828,-475.0,-584.375,0.0,-1.0126696832579185,4.877076351271092e-05,-1.4192006503179372e-05,0.49999999999999994,0.8660254037844387
valsad,Mango,2011,1,875.0,1,0.0,0.0,5.114854888984005e-05,2011-01-01,2207.5,1750.0,2225.0,3555.0,1766.6666666666667,1062.5,2509.9999999999995,935.6414911706372,2401.006944444445,683.1085811367666,-875.0,-2680.0,0.0,-1.0126696832579185,4.197262420000229e-05,9.175924689837761e-06,0.49999999999999994,0.8660254037844387
bharuch,Mango,2011,1,2500.0,3,0.0,0.0,4.389709445141732e-05,2011-01-01,4472.916666666667,875.0,1750.0,2225.0,2775.0,1900.0,1616.6666666666663,684.805325135064,2252.3958333333335,908.5135882881268,1625.0,275.0,0.0,-1.0126696832579185,5.114854888984005e-05,-4.8736690612936036e-06,0.49999999999999994,0.8660254037844387
dahod,Mango,2011,1,2500.0,1,0.0,0.0,4.432611598738436e-05,2011-01-01,1008.3333333333334,2500.0,875.0,1750.0,2334.375,1350.0,1708.333333333333,813.300887330969,2206.5625,883.4674008912277,0.0,750.0,0.0,-1.0126696832579185,4.389709445141732e-05,2.3534917873820673e-06,0.49999999999999994,0.8660254037844387
vadodara,Mango,2011,1,4592.857142857143,7,0.0,0.0,5.137492885392063e-05,2011-01-01,1162.5,2500.0,2500.0,875.0,3555.0,1496.0,1958.333333333333,938.194187433147,2234.1666666666665,890.816572963631,2092.857142857143,3717.857142857143,0.0,-1.0126696832579185,4.432611598738436e-05,2.263799640805789e-07,0.49999999999999994,0.8660254037844387
navsari,Mango,2011,1,2207.5,2,0.0,0.0,5.176290860036976e-05,2011-01-01,2427.777777777778,4592.857142857143,2500.0,2500.0,2225.0,3665.0,3197.6190476190473,1208.31163480401,2407.1428571428573,1233.4558221947489,-2385.357142857143,-292.5,0.0,-1.0126696832579185,5.137492885392063e-05,7.865814148952438e-06,0.49999999999999994,0.8660254037844387
ahmadabad,Mango,2011,1,4472.916666666667,12,0.0,0.0,4.203450763616721e-05,2011-01-01,2500.0,2207.5,4592.857142857143,2500.0,1750.0,1350.0,3100.1190476190473,1300.9955143009947,2404.226190476191,1233.9932361941012,2265.416666666667,1972.916666666667,0.0,-1.0126696832579185,5.176290860036976e-05,-2.2916083512171485e-06,0.49999999999999994,0.8660254037844387
surat,Mango,2011,1,1008.3333333333334,3,0.0,0.0,4.64711929237491e-05,2011-01-01,1007.8571428571428,4472.916666666667,2207.5,4592.857142857143,875.0,1766.6666666666667,3757.7579365079364,1343.9014776897175,2858.0456349206347,1430.34627862661,-3464.5833333333335,-3584.5238095238096,0.0,-1.0126696832579185,4.203450763616721e-05,-4.903735930171529e-06,0.49999999999999994,0.8660254037844387
dahod,Mango,2011,2,1162.5,4,0.0,0.0,3.780892649336218e-05,2011-02-01,2812.5,1008.3333333333334,4472.916666666667,2207.5,2500.0,2775.0,2562.9166666666665,1759.4246711954236,2880.2678571428573,1393.9479925311134,154.16666666666663,-1045.0,0.0,-0.3375549656799657,4.64711929237491e-05,-1.3953982107007576e-05,0.8660254037844386,0.5000000000000001
ahmadabad,Mango,2011,2,2427.777777777778,9,0.0,0.0,4.083951836030256e-05,2011-02-01,2250.0,1162.5,1008.3333333333334,4472.916666666667,2500.0,2334.375,2214.5833333333335,1957.2924982258328,2657.351190476191,1563.5489602566388,1265.2777777777778,-2045.1388888888891,0.0,-0.3375549656799657,3.780892649336218e-05,-1.1949892758646527e-06,0.8660254037844386,0.5000000000000001
banaskantha,Mango,2011,2,2500.0,2,0.5,0.0178571428571428,4.197262420000229e-05,2011-02-01,4577.272727272727,2427.777777777778,1162.5,1008.3333333333334,4592.857142857143,3555.0,1532.8703703703702,778.8364983436943,2645.314153439154,1565.2796535257216,72.22222222222217,1491.6666666666665,0.0,0.16244503432003432,4.083951836030256e-05,-4.498568723746811e-06,0.8660254037844386,0.5000000000000001
surat,Mango,2011,2,1007.8571428571428,7,0.0,0.0,3.983533799004624e-05,2011-02-01,2000.0,2500.0,2427.777777777778,1162.5,2207.5,2225.0,2030.0925925925924,752.2244960029147,2296.5046296296296,1244.8844101253123,-1492.1428571428573,-154.64285714285722,0.49999999999978684,-0.3375549656799657,4.197262420000229e-05,2.026411496684062e-06,0.8660254037844386,0.5000000000000001
navsari,Mango,2011,2,2812.5,2,0.0,0.0,4.4736159811330334e-05,2011-02-01,3255.0,1007.8571428571428,2500.0,2427.777777777778,4472.916666666667,1750.0,1978.5449735449731,841.4155696383159,2096.5641534391534,1353.6261913703595,1804.6428571428573,384.7222222222222,0.49999999999978684,-0.3375549656799657,3.983533799004624e-05,3.8966414510277765e-06,0.8660254037844386,0.5000000000000001
valsad,Mango,2011,2,2250.0,1,0.6,0.0214285714285714,4.258135525004563e-05,2011-02-01,1850.0,2812.5,1007.8571428571428,2500.0,1008.3333333333334,875.0,2106.7857142857138,964.4413234233275,1819.8280423280423,844.6934293493463,-562.5,-250.0,0.49999999999978684,0.2624450343200343,4.4736159811330334e-05,6.087310500433414e-07,0.8660254037844386,0.5000000000000001
vadodara,Mango,2011,2,4577.272727272727,11,0.1,0.0035714285714285,4.639844618453837e-05,2011-02-01,5118.75,2250.0,2812.5,1007.8571428571428,1162.5,2500.0,2023.4523809523805,923.4050185218297,2026.7724867724867,753.2732810676605,2327.272727272727,3569.4155844155844,0.5999999999997868,-0.23755496567996567,4.258135525004563e-05,6.563108194492128e-06,0.8660254037844386,0.5000000000000001
bharuch,Mango,2011,2,2000.0,1,0.0,0.0,3.828178466053001e-05,2011-02-01,2500.0,4577.272727272727,2250.0,2812.5,2427.777777777778,2500.0,3213.2575757575755,1214.291794698537,2595.9012746512744,1153.4073228567445,-2577.272727272727,-812.5,0.6999999999997868,-0.3375549656799657,4.639844618453837e-05,-6.454375150800327e-06,0.8660254037844386,0.5000000000000001
girsomnath,Mango,2011,2,3255.0,1,0.0,0.0,4.197262420000229e-05,2011-02-01,2150.0,2000.0,4577.272727272727,2250.0,2500.0,4592.857142857143,2942.424242424242,1421.3276104785114,2524.6049783549784,1178.8194187265865,1255.0,1005.0,0.6999999999997868,-0.3375549656799657,3.828178466053001e-05,-6.087310500433414e-07,0.8660254037844386,0.5000000000000001
navsari,Mango,2011,3,1850.0,1,0.0,0.0,4.1426607264380606e-05,2011-03-01,915.5,3255.0,2000.0,4577.272727272727,1007.8571428571428,2207.5,3277.424242424242,1288.7826863642272,2650.4383116883114,1215.3965135585795,-1405.0,-2727.272727272727,0.09999999999978684,-1.9086255656108597,4.197262420000229e-05,-4.971838920157765e-06,1.0,6.123233995736766e-17
vadodara,Mango,2011,3,5118.75,8,0.0,0.0,3.998936301623797e-05,2011-03-01,3325.0,1850.0,3255.0,2000.0,2812.5,4472.916666666667,2368.3333333333335,771.5298654837314,2790.7954545454545,1020.8203813762043,3268.75,3118.75,0.0,-1.9086255656108597,4.1426607264380606e-05,1.7075783557079661e-06,1.0,6.123233995736766e-17
banaskantha,Mango,2011,3,2500.0,2,0.0,0.0,4.197262420000229e-05,2011-03-01,1137.5,5118.75,1850.0,3255.0,2250.0,1008.3333333333334,3407.9166666666665,1639.73146302477,3175.1704545454545,1395.9088573273248,-2618.75,-755.0,0.0,-1.9086255656108597,3.998936301623797e-05,0.0,1.0,6.123233995736766e-17
amreli,Mango,2011,3,2150.0,1,0.0,0.0,3.411318487462338e-05,2011-03-01,4004.545454545456,2500.0,5118.75,1850.0,4577.272727272727,1162.5,3156.25,1730.3698123522663,3216.8371212121215,1366.1848920175478,-350.0,300.0,0.0,-1.9086255656108597,4.197262420000229e-05,-7.313422389757227e-06,1.0,6.123233995736766e-17
surat,Mango,2011,3,915.5,4,0.0,0.0,3.506782078639231e-05,2011-03-01,2375.0,2150.0,2500.0,5118.75,2000.0,2427.777777777778,3256.25,1622.4378840189902,2812.2916666666665,1235.938514011384,-1234.5,-4203.25,0.0,-1.9086255656108597,3.411318487462338e-05,-4.921542229845662e-06,1.0,6.123233995736766e-17
girsomnath,Mango,2011,3,3325.0,2,0.0,0.0,4.197262420000229e-05,2011-03-01,3936.363636363637,915.5,2150.0,2500.0,3255.0,2500.0,1855.1666666666667,832.3791704105416,2631.5416666666665,1440.8121010099367,2409.5,825.0,0.0,-1.9086255656108597,3.506782078639231e-05,0.0,1.0,6.123233995736766e-17
dahod,Mango,2011,3,1137.5,4,0.0,0.0,2.921160664770396e-05,2011-03-01,1361.7142857142858,3325.0,915.5,2150.0,1850.0,1007.8571428571428,2130.1666666666665,1204.872434464887,2643.2083333333335,1447.1395960364944,-2187.5,-1012.5,0.0,-1.9086255656108597,4.197262420000229e-05,-4.901578226919419e-06,1.0,6.123233995736766e-17
ahmadabad,Mango,2011,3,4004.545454545456,11,0.0,0.0,2.9471120754200672e-05,2011-03-01,2162.5,1137.5,3325.0,915.5,5118.75,2812.5,1792.6666666666667,1331.6737901353097,2524.4583333333335,1550.7697315903054,2867.045454545456,3089.045454545456,0.0,-1.9086255656108597,2.921160664770396e-05,-5.59670003219164e-06,1.0,6.123233995736766e-17
bharuch,Mango,2011,3,2375.0,2,0.0,0.0,3.2777021276674095e-05,2011-03-01,2142.5,4004.545454545456,1137.5,3325.0,2500.0,2250.0,2822.3484848484854,1498.1593102439208,2338.757575757576,1206.4687155943957,-1629.5454545454559,-950.0,0.0,-1.9086255656108597,2.9471120754200672e-05,-9.195602923328196e-06,1.0,6.123233995736766e-17
ahmadabad,Mango,2011,4,3936.363636363637,11,1.3,0.0433333333333333,2.3823716092164785e-05,2011-04-01,2500.0,2375.0,4004.545454545456,1137.5,2150.0,4577.272727272727,2505.6818181818185,1437.9832101975087,2317.9242424242425,1204.2046367468183,1561.363636363637,2798.863636363637,0.0,0.3212830396475771,3.2777021276674095e-05,-5.387890555539175e-06,0.8660254037844387,-0.4999999999999998
surat,Mango,2011,4,1361.7142857142858,7,0.0,0.0,3.519544490098393e-05,2011-04-01,2466.6666666666665,3936.363636363637,2375.0,4004.545454545456,915.5,2000.0,3438.636363636364,921.7667414372551,2615.6515151515155,1364.5396573878038,-2574.649350649351,-2642.83116883117,1.2999999999997869,-0.978716960352423,2.3823716092164785e-05,5.724324146783259e-06,0.8660254037844387,-0.4999999999999998
amreli,Mango,2011,4,2162.5,2,0.2,0.0066666666666666,2.683073353077739e-05,2011-04-01,4450.0,1361.7142857142858,3936.363636363637,2375.0,3325.0,3255.0,2557.692640692641,1297.0108983436614,2690.020562770563,1261.6260343187485,800.7857142857142,-212.5,1.2999999999997869,-0.7787169603524229,3.519544490098393e-05,-5.946287745896704e-06,0.8660254037844387,-0.4999999999999998
navsari,Mango,2011,4,2142.5,2,0.0,0.0,4.180712171584046e-05,2011-04-01,1500.0,2162.5,1361.7142857142858,3936.363636363637,1137.5,1850.0,2486.8593073593074,1317.6158544518014,2496.270562770563,1233.5595596318663,-20.0,-1793.863636363637,1.4999999999997868,-0.978716960352423,2.683073353077739e-05,1.7983405623675673e-05,0.8660254037844387,-0.4999999999999998
banaskantha,Mango,2011,4,2500.0,2,0.0,0.0,4.197262420000229e-05,2011-04-01,4590.625,2142.5,2162.5,1361.7142857142858,4004.545454545456,5118.75,1888.9047619047622,456.66984643116484,2663.770562770563,1069.476938005396,357.5,1138.2857142857142,0.19999999999978685,-0.978716960352423,4.180712171584046e-05,6.777179299018361e-06,0.8660254037844387,-0.4999999999999998
bharuch,Mango,2011,4,2466.6666666666665,3,0.0,0.0,2.962933393063552e-05,2011-04-01,3250.0,2500.0,2142.5,2162.5,2375.0,2500.0,2268.3333333333335,200.87827989442778,2413.012987012987,845.0765551882622,-33.333333333333485,304.1666666666665,0.19999999999978685,-0.978716960352423,4.197262420000229e-05,2.798600399858129e-06,0.8660254037844387,-0.4999999999999998
girsomnath,Mango,2011,4,4450.0,1,0.2,0.0066666666666666,4.197262420000229e-05,2011-04-01,2021.428571428572,2466.6666666666665,2500.0,2142.5,3936.363636363637,2150.0,2369.722222222222,197.48476265649697,2428.290764790765,845.0804917686914,1983.3333333333335,2307.5,0.0,-0.7787169603524229,2.962933393063552e-05,1.655024841618329e-07,0.8660254037844387,-0.4999999999999998
dahod,Mango,2011,4,1500.0,3,0.3,0.01,2.689113736565216e-05,2011-04-01,2500.0,4450.0,2466.6666666666665,2500.0,1361.7142857142858,915.5,3138.8888888888887,1135.5778427906446,2513.8968253968255,1033.4272347796336,-2950.0,-1000.0,0.19999999999978685,-0.678716960352423,4.197262420000229e-05,-1.5081486834350133e-05,0.8660254037844387,-0.4999999999999998
vadodara,Mango,2011,4,4590.625,8,0.0,0.0,3.514009330191121e-05,2011-04-01,2900.0,1500.0,4450.0,2466.6666666666665,2162.5,3325.0,2805.555555555555,1503.914644938094,2536.944444444445,1003.706556644846,3090.625,2123.9583333333335,0.49999999999978684,-0.978716960352423,2.689113736565216e-05,5.510759371275692e-06,0.8660254037844387,-0.4999999999999998
mahesana,Mango,2011,4,3250.0,1,0.0,0.0,3.276906371870107e-05,2011-04-01,3000.0,4590.625,1500.0,4450.0,2142.5,1137.5,3513.5416666666665,1745.1952269612568,2941.631944444445,1275.2958563104826,-1340.625,-1200.0,0.49999999999978684,-0.978716960352423,3.514009330191121e-05,-9.203560481301222e-06,0.8660254037844387,-0.4999999999999998
ahmadabad,Mango,2011,5,2021.428571428572,7,0.0,0.0,2.2045195652924648e-05,2011-05-01,1200.0,3250.0,4590.625,1500.0,2500.0,4004.545454545456,3113.5416666666665,1549.824628855907,3126.215277777778,1215.2325338800244,-1228.571428571428,521.428571428572,0.2999999999997868,-7.417019969278034,3.276906371870107e-05,-4.845941712727511e-06,0.49999999999999994,-0.8660254037844387
amreli,Mango,2011,5,2500.0,2,0.2,0.0064516129032258,2.44455117514388e-05,2011-05-01,4742.5,2021.428571428572,3250.0,4590.625,2466.6666666666665,2375.0,3287.351190476191,1285.005410774038,3046.4533730158732,1278.607592711577,478.571428571428,-2090.625,0.0,-7.2170199692780335,2.2045195652924648e-05,-1.0694581550472413e-05,0.49999999999999994,-0.8660254037844387
dahod,Mango,2011,5,2900.0,2,1.9,0.0612903225806451,2.667877827758412e-05,2011-05-01,2375.0,2500.0,2021.428571428572,3250.0,4450.0,3936.363636363637,2590.476190476191,619.2627831202477,3052.008928571429,1275.6535861694151,400.0,-350.0,0.19999999999978685,-5.517019969278033,2.44455117514388e-05,-6.090285441116948e-06,0.49999999999999994,-0.8660254037844387
girsomnath,Mango,2011,5,3000.0,1,3.9,0.1258064516129032,4.197262420000229e-05,2011-05-01,2855.0,2900.0,2500.0,2021.428571428572,1500.0,1361.7142857142858,2473.8095238095243,439.87088396236703,2793.6755952380954,1077.4758810701246,100.0,978.571428571428,2.099999999999787,-3.5170199692780337,2.667877827758412e-05,1.9927428547077644e-05,0.49999999999999994,-0.8660254037844387
surat,Mango,2011,5,1200.0,4,1.2,0.0387096774193548,3.639061372342275e-05,2011-05-01,1875.0,3000.0,2900.0,2500.0,4590.625,2162.5,2800.0,264.57513110648483,3043.6755952380954,871.63577091867,-1800.0,-1300.0,5.999999999999787,-6.2170199692780335,4.197262420000229e-05,1.1945101971983952e-05,0.49999999999999994,-0.8660254037844387
vadodara,Mango,2011,5,4742.5,10,0.9,0.0290322580645161,3.176020402365877e-05,2011-05-01,2287.5,1200.0,3000.0,2900.0,3250.0,2142.5,2366.6666666666665,1011.599393699573,2478.5714285714284,760.1020339670313,3542.5,1842.5,6.999999999999786,-6.517019969278033,3.639061372342275e-05,5.081425746074647e-06,0.49999999999999994,-0.8660254037844387
banaskantha,Mango,2011,5,2375.0,2,0.0,0.0,4.197262420000229e-05,2011-05-01,5050.0,4742.5,1200.0,3000.0,2021.428571428572,2500.0,2980.8333333333335,1771.3277741099607,2727.321428571429,1187.2477981380614,-2367.5,-625.0,5.999999999999787,-7.417019969278034,3.176020402365877e-05,0.0,0.49999999999999994,-0.8660254037844387
navsari,Mango,2011,5,2855.0,2,2.3,0.0741935483870967,4.31242649273893e-05,2011-05-01,1750.0,2375.0,4742.5,1200.0,2500.0,2466.6666666666665,2772.5,1804.3922106903515,2786.25,1153.498753792132,480.0,1655.0,2.0999999999997865,-5.117019969278034,4.197262420000229e-05,6.733651203966549e-06,0.49999999999999994,-0.8660254037844387
bharuch,Mango,2011,5,1875.0,2,0.4,0.0129032258064516,2.8042720817775247e-05,2011-05-01,2250.0,2855.0,2375.0,4742.5,2900.0,4450.0,3324.1666666666665,1251.539884835218,2845.4166666666665,1144.9524189531494,-980.0,-2867.5,3.199999999999786,-7.017019969278033,4.31242649273893e-05,-3.717483205883521e-06,0.49999999999999994,-0.8660254037844387
girsomnath,Mango,2011,6,2287.5,2,174.20000000000002,5.806666666666668,4.197262420000229e-05,2011-06-01,960.0,1875.0,2855.0,2375.0,3000.0,1500.0,2368.3333333333335,490.03401242499876,2674.5833333333335,1209.810332931021,412.5,-87.5,2.699999999999786,48.36690217391306,2.8042720817775247e-05,0.0,1.2246467991473532e-16,-1.0
vadodara,Mango,2011,6,5050.0,8,20.7,0.69,2.5025648068451624e-05,2011-06-01,1775.0,2287.5,1875.0,2855.0,1200.0,4590.625,2339.1666666666665,492.0387010524107,2555.8333333333335,1206.4438099914428,2762.5,2195.0,176.8999999999998,-105.13309782608695,4.197262420000229e-05,-1.8098616858937677e-05,1.2246467991473532e-16,-1.0
banaskantha,Mango,2011,6,1750.0,1,4.5,0.15,4.197262420000229e-05,2011-06-01,4250.0,5050.0,2287.5,1875.0,4742.5,3250.0,3070.8333333333335,1726.3732456607838,3197.5,1355.7064579030375,-3300.0,-125.0,195.29999999999978,-121.33309782608696,2.5025648068451624e-05,1.3929903382227045e-05,1.2246467991473532e-16,-1.0
amreli,Mango,2011,6,2250.0,2,12.1,0.4033333333333333,1.7091242720608508e-05,2011-06-01,800.0,1750.0,5050.0,2287.5,2375.0,2021.428571428572,3029.1666666666665,1770.6078287789617,2698.75,1216.998099834179,500.0,-37.5,199.3999999999998,-113.73309782608696,4.197262420000229e-05,-2.4881381479393784e-05,1.2246467991473532e-16,-1.0
surat,Mango,2011,6,960.0,5,46.6,1.5533333333333337,3.43809073711853e-05,2011-06-01,3000.0,2250.0,1750.0,5050.0,2855.0,2500.0,3016.6666666666665,1778.5762095938844,2677.9166666666665,1224.6942645683732,-1290.0,-4090.0,37.2999999999998,-79.23309782608695,1.7091242720608508e-05,9.355259302733678e-06,1.2246467991473532e-16,-1.0
ahmadabad,Mango,2011,6,1775.0,9,2.2,0.0733333333333333,1.5734096315889965e-05,2011-06-01,2308.333333333333,960.0,2250.0,1750.0,1875.0,2900.0,1653.3333333333333,650.410127022434,2362.0833333333335,1401.4817307645037,815.0,25.0,63.199999999999804,-123.63309782608695,3.43809073711853e-05,-2.6238527884112326e-05,1.2246467991473532e-16,-1.0
mahesana,Mango,2011,6,4250.0,1,10.8,0.36,2.571126011624308e-05,2011-06-01,1643.3333333333333,1775.0,960.0,2250.0,2287.5,3000.0,1661.6666666666667,652.4249637570123,2345.4166666666665,1409.0071120000314,2475.0,2000.0,60.8999999999998,-115.03309782608696,1.5734096315889965e-05,8.620017395634574e-06,1.2246467991473532e-16,-1.0
dahod,Mango,2011,6,800.0,1,64.4,2.146666666666667,2.2175111903264707e-05,2011-06-01,2500.0,4250.0,1775.0,960.0,5050.0,1200.0,2328.3333333333335,1713.3762964781974,2672.5,1606.7786095165698,-3450.0,-160.0,59.599999999999795,-61.43309782608695,2.571126011624308e-05,-1.2205795467920594e-05,1.2246467991473532e-16,-1.0
bharuch,Mango,2011,6,3000.0,1,21.8,0.7266666666666667,2.332342784959731e-05,2011-06-01,1166.6666666666667,800.0,4250.0,1775.0,1750.0,4742.5,2275.0,1778.517641183244,1964.1666666666667,1245.1522664584718,2200.0,1225.0,77.3999999999998,-104.03309782608696,2.2175111903264707e-05,7.589331533707346e-06,1.2246467991473532e-16,-1.0
navsari,Mango,2011,6,2308.333333333333,3,94.2,3.14,3.4308014392554054e-05,2011-06-01,2116.6666666666665,3000.0,800.0,4250.0,2250.0,2375.0,2683.3333333333335,1746.6634860021968,2172.5,1305.2729599589513,-691.666666666667,-1941.666666666667,96.9999999999998,-31.633097826086953,2.332342784959731e-05,8.596754276310973e-06,1.2246467991473532e-16,-1.0
navsari,Mango,2011,7,1643.3333333333333,3,655.6999999999999,21.151612903225804,2.836742287265689e-05,2011-07-01,3000.0,2308.333333333333,3000.0,800.0,960.0,2855.0,2036.111111111111,1124.9794236801454,2182.222222222222,1306.1825917393653,-664.9999999999998,843.3333333333333,180.3999999999998,284.27075991189423,3.4308014392554054e-05,6.192310969392182e-06,-0.4999999999999997,-0.8660254037844388
amreli,Mango,2011,7,2500.0,2,212.6,6.858064516129032,2.5486468499396507e-05,2011-07-01,3620.8333333333335,1643.3333333333333,2308.333333333333,3000.0,1775.0,1875.0,2317.222222222222,678.3770119707633,2296.111111111111,1204.1025550022578,856.6666666666667,-500.0,771.6999999999997,-158.8292400881057,2.836742287265689e-05,2.1630406497991966e-06,-0.4999999999999997,-0.8660254037844388
dahod,Mango,2011,7,1166.6666666666667,3,501.2,16.16774193548387,2.659408396478785e-05,2011-07-01,1248.5,2500.0,1643.3333333333333,2308.333333333333,4250.0,2287.5,2150.555555555555,449.59961611952497,2416.9444444444443,1177.4314873517733,-1333.3333333333333,-1141.6666666666663,962.4999999999998,129.7707599118943,2.5486468499396507e-05,-7.713930427766203e-06,-0.4999999999999997,-0.8660254037844388
banaskantha,Mango,2011,7,2116.6666666666665,3,153.2,4.941935483870967,4.197262420000229e-05,2011-07-01,2762.5,1166.6666666666667,2500.0,1643.3333333333333,800.0,5050.0,1770.0,675.6313919422219,1903.0555555555554,842.6548104826988,949.9999999999998,473.33333333333326,1369.4999999999995,-218.2292400881057,2.659408396478785e-05,1.3605201327345402e-05,-0.4999999999999997,-0.8660254037844388
bharuch,Mango,2011,7,3000.0,1,292.9,9.448387096774193,2.902988172686292e-05,2011-07-01,4116.666666666667,2116.6666666666665,1166.6666666666667,2500.0,3000.0,1750.0,1927.7777777777776,686.4427898257154,2122.5,646.5753801547232,883.3333333333335,500.0,866.9999999999998,-78.52924008810572,4.197262420000229e-05,3.5434132274664115e-06,-0.4999999999999997,-0.8660254037844388
ahmadabad,Mango,2011,7,3620.8333333333335,12,237.8,7.670967741935484,2.536464201442824e-05,2011-07-01,3359.375,3000.0,2116.6666666666665,1166.6666666666667,2308.333333333333,2250.0,2094.4444444444443,916.8686646124171,2122.5,646.5753801547232,620.8333333333335,2454.166666666667,947.2999999999997,-133.6292400881057,2.902988172686292e-05,-1.2294419503596108e-06,-0.4999999999999997,-0.8660254037844388
surat,Mango,2011,7,1248.5,2,385.0,12.419354838709678,2.549592294972109e-05,2011-07-01,1775.0,3620.8333333333335,3000.0,2116.6666666666665,1643.3333333333333,960.0,2912.5,755.8912142483154,2341.25,895.9528989976116,-2372.3333333333335,-868.1666666666665,683.8999999999997,13.5707599118943,2.536464201442824e-05,-1.64767012502812e-05,-0.4999999999999997,-0.8660254037844388
girsomnath,Mango,2011,7,2762.5,2,205.7,6.635483870967741,4.197262420000229e-05,2011-07-01,2837.5,1248.5,3620.8333333333335,3000.0,2500.0,1775.0,2623.1111111111113,1230.254155464248,2275.4444444444443,968.9881989114376,1514.0,-237.5,915.6999999999998,-165.7292400881057,2.549592294972109e-05,1.2942742473139372e-05,-0.4999999999999997,-0.8660254037844388
vadodara,Mango,2011,7,4116.666666666667,9,411.8,13.283870967741937,2.9521974059316056e-05,2011-07-01,1856.6666666666667,2762.5,1248.5,3620.8333333333335,1166.6666666666667,4250.0,2543.944444444445,1201.1728681831235,2319.1944444444443,986.9148078547435,1354.166666666667,495.8333333333335,828.4999999999998,40.37075991189431,4.197262420000229e-05,4.157332044887816e-06,-0.4999999999999997,-0.8660254037844388
ahmadabad,Mango,2011,8,3359.375,8,319.6,10.30967741935484,3.502258074228614e-05,2011-08-01,1000.0,4116.666666666667,2762.5,1248.5,2116.6666666666665,800.0,2709.222222222222,1434.825389428331,2810.8611111111113,1031.7144599412438,-757.291666666667,2110.875,1002.4999999999998,12.417989130434819,2.9521974059316056e-05,9.52665779256505e-06,-0.8660254037844384,-0.5000000000000004
amreli,Mango,2011,8,1775.0,1,167.5,5.403225806451613,3.4708485535201787e-05,2011-08-01,3994.444444444444,3359.375,4116.666666666667,2762.5,3000.0,3000.0,3412.847222222222,678.6650861727259,3017.9791666666665,988.3064160717621,-1584.375,-987.5,937.0999999999998,-139.6820108695652,3.502258074228614e-05,-7.264138664800505e-06,-0.8660254037844384,-0.5000000000000004
girsomnath,Mango,2011,8,2837.5,2,180.2,5.812903225806451,4.197262420000229e-05,2011-08-01,1217.5,1775.0,3359.375,4116.666666666667,3620.8333333333335,2308.333333333333,3083.680555555555,1194.9293972731648,2813.8125,1111.604034889198,1062.5,-1279.166666666667,898.8999999999999,-126.98201086956522,3.4708485535201787e-05,1.2450650140686236e-05,-0.8660254037844384,-0.5000000000000004
navsari,Mango,2011,8,1856.6666666666667,3,368.8,11.896774193548389,4.005000430677057e-05,2011-08-01,2916.6666666666665,2837.5,1775.0,3359.375,1248.5,1643.3333333333333,2657.2916666666665,807.4139692303735,2683.256944444445,1041.6647834705204,-980.8333333333333,-1502.7083333333333,667.2999999999997,61.61798913043481,4.197262420000229e-05,5.027423564484428e-06,-0.8660254037844384,-0.5000000000000004
dahod,Mango,2011,8,1000.0,3,501.4,16.174193548387095,4.935207334465834e-05,2011-08-01,5000.0,1856.6666666666667,2837.5,1775.0,2762.5,2500.0,2156.3888888888887,591.271190208334,2784.618055555556,893.1301309691148,-856.6666666666667,-775.0,716.4999999999998,194.21798913043477,4.005000430677057e-05,1.4643587809456554e-05,-0.8660254037844384,-0.5000000000000004
vadodara,Mango,2011,8,3994.444444444444,9,412.5,13.306451612903226,4.447152161290756e-05,2011-08-01,2800.0,1000.0,1856.6666666666667,2837.5,4116.666666666667,1166.6666666666667,1898.0555555555554,919.4489341951515,2490.8680555555557,1153.6936486830357,2994.444444444444,1156.944444444444,1050.3999999999996,105.3179891304348,4.935207334465834e-05,2.4988974129052676e-06,-0.8660254037844384,-0.5000000000000004
surat,Mango,2011,8,1217.5,4,335.1,10.80967741935484,4.251865267790986e-05,2011-08-01,2690.0,3994.444444444444,1000.0,1856.6666666666667,3359.375,2116.6666666666665,2283.703703703703,1542.2207546155926,2470.4976851851848,1119.8282275828783,-2776.944444444444,-639.1666666666667,1282.6999999999998,27.91798913043482,4.447152161290756e-05,2.4686483711392935e-06,-0.8660254037844384,-0.5000000000000004
banaskantha,Mango,2011,8,2916.6666666666665,3,349.40000000000003,11.270967741935484,4.197262420000229e-05,2011-08-01,3000.0,1217.5,3994.444444444444,1000.0,1775.0,3000.0,2070.6481481481474,1669.6019599690576,2113.5185185185182,1121.1932805845681,1699.1666666666665,1916.6666666666665,1248.9999999999998,42.21798913043483,4.251865267790986e-05,-7.3794491446560495e-06,-0.8660254037844384,-0.5000000000000004
bharuch,Mango,2011,8,5000.0,1,355.7,11.474193548387095,3.671712121430655e-05,2011-08-01,541.0,2916.6666666666665,1217.5,3994.444444444444,2837.5,3620.8333333333335,2709.5370370370365,1400.0114729835648,2303.796296296296,1148.789817707091,2083.3333333333335,1005.5555555555561,1096.9999999999998,48.517989130434785,4.197262420000229e-05,-7.754400398601008e-06,-0.8660254037844384,-0.5000000000000004
navsari,Mango,2011,9,2800.0,2,174.2,5.806666666666667,6.722969004186407e-05,2011-09-01,2000.0,5000.0,2916.6666666666665,1217.5,1856.6666666666667,1248.5,3044.722222222222,1894.4986755027041,2664.212962962963,1600.2414788518204,-2200.0,1582.5,1040.1999999999998,-32.373030423280454,3.671712121430655e-05,2.4711037363954203e-05,-1.0,-1.8369701987210297e-16
girsomnath,Mango,2011,9,2690.0,2,161.5,5.383333333333334,4.197262420000229e-05,2011-09-01,4092.307692307693,2800.0,5000.0,2916.6666666666665,1000.0,2762.5,3572.222222222222,1237.8670424624927,2821.4351851851848,1550.6036301383904,-110.0,-226.66666666666652,879.2999999999997,-45.07303042328044,6.722969004186407e-05,0.0,-1.0,-1.8369701987210297e-16
mahesana,Mango,2011,9,3000.0,1,175.9,5.863333333333333,5.6259175034573984e-05,2011-09-01,4020.4545454545455,2690.0,2800.0,5000.0,3994.444444444444,4116.666666666667,3496.6666666666665,1303.086080553912,3103.1018518518517,1284.1721455006857,310.0,-2000.0,691.3999999999996,-30.673030423280437,4.197262420000229e-05,1.9542053820267433e-05,-1.0,-1.8369701987210297e-16
surat,Mango,2011,9,541.0,2,143.0,4.766666666666667,5.873802802398992e-05,2011-09-01,1500.0,3000.0,2690.0,2800.0,1217.5,3359.375,2830.0,157.16233645507222,2937.361111111111,1208.0404721727691,-2459.0,-2259.0,511.5999999999998,-63.57303042328044,5.6259175034573984e-05,-8.491662017874145e-06,-1.0,-1.8369701987210297e-16
banaskantha,Mango,2011,9,2000.0,3,251.3,8.376666666666667,4.197262420000229e-05,2011-09-01,2040.0,541.0,3000.0,2690.0,2916.6666666666665,1775.0,2077.0,1339.2150686129582,2824.611111111111,1414.5782318677445,1459.0,-690.0,480.39999999999975,44.72696957671957,5.873802802398992e-05,0.0,-1.0,-1.8369701987210297e-16
ahmadabad,Mango,2011,9,4092.307692307693,13,152.9,5.096666666666667,4.8115735450896725e-05,2011-09-01,3000.0,2000.0,541.0,3000.0,5000.0,2837.5,1847.0,1236.6191814782787,2671.8333333333335,1451.6625526156784,2092.307692307693,1092.3076923076928,570.1999999999998,-53.67303042328044,4.197262420000229e-05,-8.143439583677259e-06,-1.0,-1.8369701987210297e-16
vadodara,Mango,2011,9,4020.4545454545455,11,110.8,3.693333333333333,5.88828483019177e-05,2011-09-01,2087.5,4092.307692307693,2000.0,541.0,2800.0,1856.6666666666667,2211.1025641025644,1785.0405599842732,2520.551282051282,1182.9362329236978,-71.85314685314734,3479.4545454545455,547.1999999999998,-95.77303042328045,4.8115735450896725e-05,1.4482027792778022e-07,-1.0,-1.8369701987210297e-16
bharuch,Mango,2011,9,1500.0,1,125.0,4.166666666666667,5.099593602127667e-05,2011-09-01,5143.75,4020.4545454545455,4092.307692307693,2000.0,2690.0,1000.0,3370.9207459207464,1187.7956420929984,2723.960372960373,1335.6689200424141,-2520.4545454545455,-500.0,514.9999999999998,-81.57303042328044,5.88828483019177e-05,9.02331182127438e-06,-1.0,-1.8369701987210297e-16
dahod,Mango,2011,9,2040.0,5,127.4,4.246666666666667,6.458897256246078e-05,2011-09-01,2250.0,1500.0,4020.4545454545455,4092.307692307693,3000.0,3994.444444444444,3204.25407925408,1476.3645192393456,2525.6270396270397,1426.9524407502422,540.0,-2052.307692307693,388.69999999999976,-79.17303042328044,5.099593602127667e-05,1.6473237111564056e-05,-1.0,-1.8369701987210297e-16
valsad,Mango,2011,9,3000.0,1,181.5,6.05,7.084726043107804e-05,2011-09-01,1900.0,2040.0,1500.0,4020.4545454545455,541.0,1217.5,2520.151515151515,1327.0576050241214,2365.6270396270397,1416.9100364454537,960.0,-1020.4545454545455,363.19999999999976,-25.073030423280443,6.458897256246078e-05,1.1964412129160337e-05,-1.0,-1.8369701987210297e-16
amreli,Mango,2011,9,2087.5,2,148.20000000000002,4.94,6.223110657479621e-05,2011-09-01,953.0,3000.0,2040.0,1500.0,2000.0,2916.6666666666665,2180.0,759.7367965289114,2775.460372960373,1104.8579374151984,-912.5,587.5,433.89999999999975,-58.373030423280426,7.084726043107804e-05,1.123517055351954e-05,-1.0,-1.8369701987210297e-16
vadodara,Mango,2011,10,5143.75,8,1.9,0.0612903225806451,5.515041851872309e-05,2011-10-01,925.0,2087.5,3000.0,2040.0,4092.307692307693,5000.0,2375.8333333333335,541.0656922531197,2790.0437062937067,1093.0901108702888,3056.25,3103.75,457.0999999999998,-32.58738938053097,6.223110657479621e-05,-9.438554043737694e-06,-0.8660254037844386,0.5000000000000001
banaskantha,Mango,2011,10,2250.0,2,0.2,0.0064516129032258,4.197262420000229e-05,2011-10-01,3562.5,5143.75,2087.5,3000.0,4020.4545454545455,2800.0,3410.4166666666665,1568.9159938739087,2965.2840909090905,1388.0934136991498,-2893.75,-750.0,331.5999999999998,-34.28738938053097,5.515041851872309e-05,-2.8874636231075746e-05,-0.8660254037844386,0.5000000000000001
navsari,Mango,2011,10,1900.0,1,7.6,0.2451612903225806,6.23426004772927e-05,2011-10-01,5814.285714285715,2250.0,5143.75,2087.5,1500.0,2690.0,3160.4166666666665,1719.5376982879304,2670.2083333333335,1304.5953435516576,-350.0,-187.5,150.29999999999978,-26.88738938053097,4.197262420000229e-05,1.1149390249649664e-07,-0.8660254037844386,0.5000000000000001
surat,Mango,2011,10,953.0,4,2.1,0.0677419354838709,5.616191704600049e-05,2011-10-01,2500.0,1900.0,2250.0,5143.75,2040.0,3000.0,3097.9166666666665,1780.3652773611807,2736.875,1241.5322564275164,-947.0,-4190.75,9.699999999999772,-32.38738938053097,6.23426004772927e-05,1.0114985272774031e-06,-0.8660254037844386,0.5000000000000001
dahod,Mango,2011,10,925.0,4,0.0,0.0,5.172699148287587e-05,2011-10-01,2250.0,953.0,1900.0,2250.0,3000.0,541.0,1701.0,671.0089418182218,2555.7083333333335,1428.7518190422952,-28.0,-1325.0,9.899999999999771,-34.48738938053097,5.616191704600049e-05,9.754367282873577e-06,-0.8660254037844386,0.5000000000000001
girsomnath,Mango,2011,10,3562.5,2,0.7000000000000001,0.0225806451612903,4.197262420000229e-05,2011-10-01,1100.0,925.0,953.0,1900.0,2087.5,2000.0,1259.3333333333333,555.0102101163004,2209.875,1546.0187074385617,2637.5,1662.5,9.699999999999772,-33.78738938053097,5.172699148287587e-05,-2.0369976277290415e-05,-0.8660254037844386,0.5000000000000001
ahmadabad,Mango,2011,10,5814.285714285715,7,0.2,0.0064516129032258,4.15905270930363e-05,2011-10-01,2833.333333333333,3562.5,925.0,953.0,5143.75,4092.307692307693,1813.5,1514.743130038889,2455.7083333333335,1637.2467011469796,2251.7857142857147,4861.285714285715,2.799999999999773,-34.28738938053097,4.197262420000229e-05,-1.4571389952964193e-05,-0.8660254037844386,0.5000000000000001
bharuch,Mango,2011,10,2500.0,2,2.3,0.0741935483870967,4.649004635911042e-05,2011-10-01,1059.0,5814.285714285715,3562.5,925.0,2250.0,4020.4545454545455,3433.928571428571,2447.1772837625167,2567.464285714286,1864.5332642158326,-3314.2857142857147,1575.0,0.8999999999997728,-32.18738938053097,4.15905270930363e-05,-5.236945123765446e-06,-0.8660254037844386,0.5000000000000001
amreli,Mango,2011,10,2250.0,1,1.3,0.0419354838709677,5.833050529651519e-05,2011-10-01,2325.0,2500.0,5814.285714285715,3562.5,1900.0,1500.0,3958.928571428571,1692.3324608844719,2609.1309523809523,1858.804597439598,-250.0,-1312.5,3.199999999999773,-33.18738938053097,4.649004635911042e-05,1.6357881096512902e-05,-0.8660254037844386,0.5000000000000001
dahod,Mango,2011,11,1100.0,2,0.0,0.0,4.585597523605195e-05,2011-11-01,4591.666666666667,2250.0,2500.0,5814.285714285715,953.0,2040.0,3521.428571428571,1989.6030780442838,2667.464285714286,1837.4691466242143,-1150.0,-4714.285714285715,3.7999999999997724,-9.795056689342402,5.833050529651519e-05,4.265448143015651e-06,-0.5000000000000004,0.8660254037844384
banaskantha,Mango,2011,11,2833.333333333333,3,0.3,0.01,4.197262420000229e-05,2011-11-01,1500.0,1100.0,2250.0,2500.0,925.0,3000.0,1950.0,746.6592261534104,2691.964285714286,1810.8240844421964,1733.333333333333,333.33333333333303,3.599999999999773,-9.495056689342402,4.585597523605195e-05,-4.517422159108131e-06,-0.5000000000000004,0.8660254037844384
surat,Mango,2011,11,1059.0,3,0.0,0.0,4.835876108990592e-05,2011-11-01,2500.0,2833.333333333333,1100.0,2250.0,3562.5,2087.5,2061.111111111111,881.9695971916383,3010.019841269841,1592.8770025394924,-1774.333333333333,-1191.0,1.5999999999997732,-9.795056689342402,4.197262420000229e-05,-9.971744206609271e-06,-0.5000000000000004,0.8660254037844384
navsari,Mango,2011,11,2325.0,2,0.0,0.0,5.4666962508245145e-05,2011-11-01,2937.5,1059.0,2833.333333333333,1100.0,5814.285714285715,5143.75,1664.111111111111,1012.7836411118174,2592.769841269841,1740.284140382489,1266.0,1225.0,0.29999999999977306,-9.795056689342402,4.835876108990592e-05,8.810987272193196e-06,-0.5000000000000004,0.8660254037844384
vadodara,Mango,2011,11,4591.666666666667,9,0.0,0.0,5.113321035037873e-05,2011-11-01,4516.666666666667,2325.0,1059.0,2833.333333333333,2500.0,2250.0,2072.4444444444443,913.7302260109033,2011.222222222222,749.3056538976366,2266.666666666667,1758.333333333334,0.29999999999977306,-9.795056689342402,5.4666962508245145e-05,9.16058615037644e-06,-0.5000000000000004,0.8660254037844384
bharuch,Mango,2011,11,1500.0,1,0.0,0.0,4.280029914626819e-05,2011-11-01,2025.0,4591.666666666667,2325.0,1059.0,2250.0,1900.0,2658.5555555555557,1789.7982919664275,2359.8333333333335,1303.679898509515,-3091.666666666667,441.0,0.0,-9.795056689342402,5.113321035037873e-05,-5.55846194363773e-06,-0.5000000000000004,0.8660254037844384
mahesana,Mango,2011,11,2500.0,1,0.0,0.0,4.912720893102376e-05,2011-11-01,1725.0,1500.0,4591.666666666667,2325.0,1100.0,953.0,2805.555555555556,1600.8750500666636,2234.8333333333335,1351.3997475868418,1000.0,175.0,0.0,-9.795056689342402,4.280029914626819e-05,-5.539753577221385e-06,-0.5000000000000004,0.8660254037844384
girsomnath,Mango,2011,11,2937.5,2,0.0,0.0,4.197262420000229e-05,2011-11-01,3500.0,2500.0,1500.0,4591.666666666667,2833.333333333333,925.0,2863.888888888889,1577.6286118846394,2468.1666666666665,1231.8446646301552,437.5,-1654.166666666667,0.0,-9.795056689342402,4.912720893102376e-05,-9.16058615037644e-06,-0.5000000000000004,0.8660254037844384
ahmadabad,Mango,2011,11,4516.666666666667,15,0.0,0.0,3.681234060874164e-05,2011-11-01,2235.0,2937.5,2500.0,1500.0,1059.0,3562.5,2312.5,736.8641326594837,2485.527777777778,1238.7352439603999,1579.166666666667,3016.666666666667,0.0,-9.795056689342402,4.197262420000229e-05,-5.987958537526549e-06,-0.5000000000000004,0.8660254037844384
amreli,Mango,2011,11,2025.0,2,0.0,0.0,4.953527075314142e-05,2011-11-01,781.4,4516.666666666667,2937.5,2500.0,2325.0,5814.285714285715,3318.055555555556,1060.8265688882802,3061.805555555556,1246.618806642221,-2491.666666666667,-475.0,0.0,-9.795056689342402,3.681234060874164e-05,4.080618221176632e-07,-0.5000000000000004,0.8660254037844384
girsomnath,Mango,2011,12,1725.0,1,0.0,0.0,4.197262420000229e-05,2011-12-01,900.0,2025.0,4516.666666666667,2937.5,4591.666666666667,2500.0,3159.7222222222226,1260.6100632160214,3011.805555555556,1287.4296546766127,-300.0,-1212.5,0.0,-3.6994424213174213,4.953527075314142e-05,0.0,-2.4492935982947064e-16,1.0
amreli,Mango,2011,12,3500.0,1,0.0,0.0,4.4936512958564905e-05,2011-12-01,4505.555555555556,1725.0,2025.0,4516.666666666667,1500.0,2250.0,2755.555555555556,1532.525451423002,2534.027777777778,1102.5110753621925,1775.0,-1016.666666666667,0.0,-3.6994424213174213,4.197262420000229e-05,8.124172349823261e-06,-2.4492935982947064e-16,1.0
navsari,Mango,2011,12,2235.0,2,0.0,0.0,4.9593944615362016e-05,2011-12-01,4960.0,3500.0,1725.0,2025.0,2500.0,1100.0,2416.6666666666665,950.1096427956869,2867.3611111111113,1027.1198156694,-1265.0,210.0,0.0,-3.6994424213174213,4.4936512958564905e-05,5.867386222059302e-08,-2.4492935982947064e-16,1.0
surat,Mango,2011,12,781.4,5,0.0,0.0,4.3589937050669215e-05,2011-12-01,1800.0,2235.0,3500.0,1725.0,2937.5,2833.333333333333,2486.6666666666665,913.869976163649,2823.194444444445,1051.4844555128652,-1453.6,-943.6,0.0,-3.6994424213174213,4.9593944615362016e-05,1.6173128506669237e-06,-2.4492935982947064e-16,1.0
dahod,Mango,2011,12,900.0,3,0.0,0.0,4.473687243857458e-05,2011-12-01,727.125,781.4,2235.0,3500.0,4516.666666666667,1059.0,2172.133333333333,1360.389890190803,2463.8444444444444,1334.8529551421962,118.60000000000002,-2600.0,0.0,-3.6994424213174213,4.3589937050669215e-05,-1.9964051999032793e-07,-2.4492935982947064e-16,1.0
vadodara,Mango,2011,12,4505.555555555556,9,0.0,0.0,4.823880222691448e-05,2011-12-01,3062.5,900.0,781.4,2235.0,2025.0,2325.0,1305.4666666666667,807.1806819624328,1861.0666666666668,996.0568390742916,3605.5555555555557,2270.5555555555557,0.0,-3.6994424213174213,4.473687243857458e-05,-1.3551423884475392e-06,-2.4492935982947064e-16,1.0
ahmadabad,Mango,2011,12,4960.0,10,0.0,0.0,3.7399040940659465e-05,2011-12-01,2652.4,4505.555555555556,900.0,781.4,1725.0,4591.666666666667,2062.318518518519,2116.736144247117,2274.4925925925927,1476.5884668143729,454.44444444444434,4178.6,0.0,-3.6994424213174213,4.823880222691448e-05,-6.19089611000975e-06,-2.4492935982947064e-16,1.0
banaskantha,Mango,2011,12,1800.0,2,0.0,0.0,4.197262420000229e-05,2011-12-01,2500.0,4960.0,4505.555555555556,900.0,3500.0,1500.0,3455.1851851851848,2224.4906015117294,2813.659259259259,1792.6165937481085,-3160.0,900.0,0.0,-3.6994424213174213,3.7399040940659465e-05,-2.7642482385722855e-06,-2.4492935982947064e-16,1.0
surat,Mango,2012,1,727.125,8,0.0,0.0,3.885303528975847e-05,2012-01-01,2533.333333333333,1800.0,4960.0,4505.555555555556,2235.0,2500.0,3755.1851851851848,1708.4179141964505,2530.325925925926,1796.7830183814724,-1072.875,-3778.4305555555557,0.0,-1.0126696832579185,4.197262420000229e-05,-9.385766937156007e-06,0.49999999999999994,0.8660254037844387
bharuch,Mango,2012,1,3062.5,4,0.0,0.0,3.734797090702058e-05,2012-01-01,2060.0,727.125,1800.0,4960.0,781.4,2937.5,2495.7083333333335,2200.5261314531917,2279.013425925926,1945.6368837231055,2335.375,-1897.5,0.0,-1.0126696832579185,3.885303528975847e-05,-5.107003363888504e-08,0.49999999999999994,0.8660254037844387
valsad,Mango,2012,1,2652.4,5,0.0,0.0,4.324892748055887e-05,2012-01-01,3000.0,3062.5,727.125,1800.0,900.0,4516.666666666667,1863.2083333333333,1168.9698745940138,2659.196759259259,1812.8035444081004,-410.0999999999999,852.4000000000001,0.0,-1.0126696832579185,3.734797090702058e-05,1.2763032805565786e-06,0.49999999999999994,0.8660254037844387
mahesana,Mango,2012,1,2500.0,2,0.2,0.0064516129032258,5.1345966682083865e-05,2012-01-01,2175.0,2652.4,3062.5,727.125,4505.555555555556,2025.0,2147.3416666666667,1246.9190181035601,2951.263425925926,1601.5454276775502,-152.4000000000001,1772.875,0.0,-0.8126696832579186,4.324892748055887e-05,1.2492931392325395e-05,0.49999999999999994,0.8660254037844387
dahod,Mango,2012,1,2533.333333333333,6,0.0,0.0,4.375042782313533e-05,2012-01-01,4072.222222222222,2500.0,2652.4,3062.5,4960.0,1725.0,2738.2999999999997,290.92210297606835,2617.0041666666666,1410.1189967886285,33.33333333333303,-529.166666666667,0.19999999999977308,-1.0126696832579185,5.1345966682083865e-05,6.40245691611475e-06,0.49999999999999994,0.8660254037844387
vadodara,Mango,2012,1,2060.0,10,0.0,0.0,4.604889199819263e-05,2012-01-01,2700.0,2533.333333333333,2500.0,2652.4,1800.0,3500.0,2561.911111111111,80.11839387465163,2212.5597222222223,834.0380575252336,-473.33333333333303,-592.4000000000001,0.19999999999977308,-1.0126696832579185,4.375042782313533e-05,2.799964517633762e-06,0.49999999999999994,0.8660254037844387
banaskantha,Mango,2012,1,3000.0,1,0.4,0.0129032258064516,4.197262420000229e-05,2012-01-01,1786.25,2060.0,2533.333333333333,2500.0,727.125,2235.0,2364.444444444445,264.1828771752774,2255.8930555555557,814.8496407043574,940.0,500.0,0.19999999999977308,-0.6126696832579185,4.604889199819263e-05,-9.373342482081574e-06,0.49999999999999994,0.8660254037844387
navsari,Mango,2012,1,2175.0,3,0.0,0.0,4.465076269408992e-05,2012-01-01,2937.5,3000.0,2060.0,2533.333333333333,3062.5,781.4,2531.1111111111113,470.00394009382546,2634.7055555555557,367.5512483793062,-825.0,-358.33333333333303,0.3999999999997731,-1.0126696832579185,4.197262420000229e-05,9.003348709545893e-07,0.49999999999999994,0.8660254037844387
ahmadabad,Mango,2012,1,4072.222222222222,9,0.0,0.0,3.9490096615958726e-05,2012-01-01,1301.5454545454545,2175.0,3000.0,2060.0,2652.4,900.0,2411.6666666666665,512.7458759788799,2486.788888888889,338.382821777459,1897.2222222222222,2012.2222222222222,0.3999999999997731,-1.0126696832579185,4.465076269408992e-05,-6.558795382233906e-06,0.49999999999999994,0.8660254037844387
dahod,Mango,2012,2,2700.0,5,0.0,0.0,3.864273623056643e-05,2012-02-01,4354.166666666667,4072.222222222222,2175.0,3000.0,2500.0,4505.555555555556,3082.4074074074074,951.2918982731779,2723.4259259259256,737.9300726905437,-1372.2222222222222,-300.0,0.3999999999997731,-0.3375549656799657,3.9490096615958726e-05,-3.3298879694358636e-06,0.8660254037844386,0.5000000000000001
navsari,Mango,2012,2,1786.25,4,0.0,0.0,3.961145736501409e-05,2012-02-01,3125.0,2700.0,4072.222222222222,2175.0,2533.333333333333,4960.0,2982.4074074074074,979.6318175429009,2756.759259259259,730.2967785590073,-913.75,-388.75,0.0,-0.3375549656799657,3.864273623056643e-05,-5.0393053290758284e-06,0.8660254037844386,0.5000000000000001
bharuch,Mango,2012,2,2937.5,4,0.0,0.0,3.4090071710919084e-05,2012-02-01,4125.0,1786.25,2700.0,4072.222222222222,2060.0,1800.0,2852.8240740740744,1150.6231565570758,2632.2453703703704,832.5399390591433,1151.25,-1134.7222222222222,0.0,-0.3375549656799657,3.961145736501409e-05,-5.400024905039642e-06,0.8660254037844386,0.5000000000000001
surat,Mango,2012,2,1301.5454545454545,11,0.0,0.0,3.500861812751867e-05,2012-02-01,2133.333333333333,2937.5,1786.25,2700.0,3000.0,727.125,2474.5833333333335,607.8269867596773,2778.4953703703704,787.7810610370129,-1635.9545454545455,-1398.4545454545455,0.0,-0.3375549656799657,3.4090071710919084e-05,-3.6341181030477606e-06,0.8660254037844386,0.5000000000000001
ahmadabad,Mango,2012,2,4354.166666666667,12,0.0,0.0,3.6470896191358274e-05,2012-02-01,2250.0,1301.5454545454545,2937.5,1786.25,2175.0,3062.5,2008.431818181818,840.3037480258503,2495.419612794613,975.1431122033672,3052.6212121212125,2567.916666666667,0.0,-0.3375549656799657,3.500861812751867e-05,-3.1405611736558167e-06,0.8660254037844386,0.5000000000000001
banaskantha,Mango,2012,2,3125.0,2,0.0,0.0,4.197262420000229e-05,2012-02-01,1750.0,4354.166666666667,1301.5454545454545,2937.5,4072.222222222222,2652.4,2864.4040404040406,1527.6227710580433,2858.6140572390573,1209.5727428766804,-1229.166666666667,187.5,0.0,-0.3375549656799657,3.6470896191358274e-05,7.882552489083207e-06,0.8660254037844386,0.5000000000000001
valsad,Mango,2012,2,4125.0,4,0.0,0.0,3.707560054875764e-05,2012-02-01,4654.545454545455,3125.0,4354.166666666667,1301.5454545454545,2700.0,2500.0,2926.9040404040406,1535.9217340344196,2700.743686868687,1073.6768108600136,1000.0,2823.4545454545455,0.0,-0.3375549656799657,4.197262420000229e-05,2.0669824212389746e-06,0.8660254037844386,0.5000000000000001
mahesana,Mango,2012,2,2133.333333333333,3,0.0,0.0,4.860748683383057e-05,2012-02-01,2687.5,4125.0,3125.0,4354.166666666667,1786.25,2533.333333333333,3868.055555555556,653.6268119189183,2938.243686868687,1220.9813645848071,-1991.666666666667,-2220.833333333334,0.0,-0.3375549656799657,3.707560054875764e-05,1.2136590642472296e-05,0.8660254037844386,0.5000000000000001
vadodara,Mango,2012,2,2250.0,13,0.0,0.0,4.36052075136051e-05,2012-02-01,2680.0,2133.333333333333,4125.0,3125.0,2937.5,2060.0,3127.7777777777774,995.8362389543965,2996.0909090909086,1162.2986603491397,116.66666666666697,-875.0,0.0,-0.3375549656799657,4.860748683383057e-05,1.6325833136028107e-06,0.8660254037844386,0.5000000000000001
mahesana,Mango,2012,3,1750.0,2,0.0,0.0,3.891153213171588e-05,2012-03-01,2000.0,2250.0,2133.333333333333,4125.0,1301.5454545454545,3000.0,2836.111111111111,1117.7337356024127,2881.5075757575755,1202.42534800131,-500.0,-2375.0,0.0,-1.9086255656108597,4.36052075136051e-05,1.8359315829582408e-06,1.0,6.123233995736766e-17
ahmadabad,Mango,2012,3,4654.545454545455,11,0.0,0.0,2.755383882199435e-05,2012-03-01,2188.4615384615386,1750.0,2250.0,2133.333333333333,4354.166666666667,2175.0,2044.4444444444443,261.5834970443272,2956.25,1093.585305060582,2904.545454545455,2521.212121212122,0.0,-1.9086255656108597,3.891153213171588e-05,-2.105364801183622e-05,1.0,6.123233995736766e-17
bharuch,Mango,2012,3,2687.5,4,0.0,0.0,2.941827290396464e-05,2012-03-01,2125.0,4654.545454545455,1750.0,2250.0,3125.0,4072.222222222222,2884.8484848484854,1552.8588227575615,3006.313131313131,1174.2778749943543,-1967.045454545455,437.5,0.0,-1.9086255656108597,2.755383882199435e-05,-1.4186934609640462e-05,1.0,6.123233995736766e-17
dahod,Mango,2012,3,2680.0,5,0.0,0.0,2.8937635477369715e-05,2012-03-01,900.9090909090908,2687.5,4654.545454545455,1750.0,4125.0,2700.0,3030.6818181818185,1482.3718813537048,2933.3964646464647,1179.0077893498926,-7.5,930.0,0.0,-1.9086255656108597,2.941827290396464e-05,-9.973896654346167e-06,1.0,6.123233995736766e-17
valsad,Mango,2012,3,2000.0,3,0.0,0.0,3.328315891438281e-05,2012-03-01,2392.5,2680.0,2687.5,4654.545454545455,2133.333333333333,1786.25,3340.6818181818185,1137.8454656582471,2692.563131313131,1024.361601476766,-680.0,-2654.545454545455,0.0,-1.9086255656108597,2.8937635477369715e-05,5.729320092388463e-06,1.0,6.123233995736766e-17
vadodara,Mango,2012,3,2188.4615384615386,13,0.0,0.0,3.76716674787996e-05,2012-03-01,2185.4166666666665,2000.0,2680.0,2687.5,2250.0,2937.5,2455.8333333333335,394.7810574652122,2670.3409090909095,1040.2428768170428,188.46153846153857,-499.03846153846143,0.0,-1.9086255656108597,3.328315891438281e-05,8.25339457483496e-06,1.0,6.123233995736766e-17
banaskantha,Mango,2012,3,2125.0,2,0.0,0.0,4.197262420000229e-05,2012-03-01,2300.0,2188.4615384615386,2000.0,2680.0,1750.0,1301.5454545454545,2289.4871794871797,351.0763949747944,2660.0844988344993,1045.5062217048433,-63.46153846153857,-555.0,0.0,-1.9086255656108597,3.76716674787996e-05,1.3034988722632576e-05,1.0,6.123233995736766e-17
surat,Mango,2012,3,900.9090909090908,11,0.0,0.0,3.1813145852044765e-05,2012-03-01,2620.0,2125.0,2188.4615384615386,2000.0,4654.545454545455,4354.166666666667,2104.4871794871797,95.89066546792263,2722.5844988344993,989.9535770925635,-1224.0909090909092,-1099.0909090909092,0.0,-1.9086255656108597,4.197262420000229e-05,-1.470013062338047e-06,1.0,6.123233995736766e-17
navsari,Mango,2012,3,2392.5,4,0.0,0.0,3.755678961293556e-05,2012-03-01,2500.0,900.9090909090908,2125.0,2188.4615384615386,2687.5,3125.0,1738.123543123543,725.7429785837047,2096.9784382284383,653.876276223297,1491.5909090909092,204.03846153846143,0.0,-1.9086255656108597,3.1813145852044765e-05,-1.1487786586403969e-07,1.0,6.123233995736766e-17
vadodara,Mango,2012,4,2185.4166666666665,12,0.4,0.0133333333333333,3.53326422179392e-05,2012-04-01,2050.0,2392.5,900.9090909090908,2125.0,2680.0,4125.0,1806.1363636363633,795.2775452425116,2047.8117715617716,610.2268487908968,-207.08333333333348,60.416666666666515,0.0,-0.5787169603524229,3.755678961293556e-05,-6.63998198206309e-06,0.8660254037844387,-0.4999999999999998
valsad,Mango,2012,4,2300.0,6,0.0,0.0,3.394177375121169e-05,2012-04-01,2500.0,2185.4166666666665,2392.5,900.9090909090908,2000.0,2133.333333333333,1826.2752525252524,808.0518402517845,1965.381216006216,536.7286850862585,114.58333333333348,1399.0909090909092,0.3999999999997731,-0.978716960352423,3.53326422179392e-05,2.128627899166923e-06,0.8660254037844387,-0.4999999999999998
dahod,Mango,2012,4,2620.0,5,0.0,0.0,2.7178103384992844e-05,2012-04-01,903.8888888888888,2300.0,2185.4166666666665,2392.5,2188.4615384615386,2250.0,2292.6388888888887,103.73772796683234,2015.381216006216,554.2850669769823,320.0,227.5,0.3999999999997731,-0.978716960352423,3.394177375121169e-05,-1.0378686227942717e-05,0.8660254037844387,-0.4999999999999998
banaskantha,Mango,2012,4,2500.0,2,1.1,0.0366666666666666,4.197262420000229e-05,2012-04-01,4050.0,2620.0,2300.0,2185.4166666666665,2125.0,1750.0,2368.472222222222,225.23765740841884,2087.304292929293,606.7502252724385,-120.0,314.5833333333335,0.3999999999997731,0.12128303964757714,2.7178103384992844e-05,6.63998198206309e-06,0.8660254037844387,-0.4999999999999998
mahesana,Mango,2012,4,2050.0,3,0.4,0.0133333333333333,3.771961134644736e-05,2012-04-01,2535.0,2500.0,2620.0,2300.0,900.9090909090908,4654.545454545455,2473.3333333333335,161.65807537315172,2149.804292929293,630.2679524843069,-450.0,-250.0,1.0999999999997732,-0.5787169603524229,4.197262420000229e-05,3.7778375952356706e-06,0.8660254037844387,-0.4999999999999998
bharuch,Mango,2012,4,2500.0,4,0.0,0.0,2.861832879288936e-05,2012-04-01,2500.0,2050.0,2500.0,2620.0,2392.5,2687.5,2390.0,300.4995840263639,2341.3194444444443,208.0104859580905,450.0,-120.0,1.499999999999773,-0.978716960352423,3.771961134644736e-05,1.4402254078965172e-06,0.8660254037844387,-0.4999999999999998
surat,Mango,2012,4,903.8888888888888,9,0.1,0.0033333333333333,3.4161171077997696e-05,2012-04-01,3050.0,2500.0,2050.0,2500.0,2185.4166666666665,2680.0,2350.0,259.8076211353652,2359.236111111111,217.70431282837842,-1596.1111111111113,-1596.1111111111113,1.499999999999773,-0.878716960352423,2.861832879288936e-05,-7.811453122004596e-06,0.8660254037844387,-0.4999999999999998
ahmadabad,Mango,2012,4,4050.0,12,0.4,0.0133333333333333,2.5504882704756164e-05,2012-04-01,2000.0,903.8888888888888,2500.0,2050.0,2300.0,2000.0,1817.9629629629628,822.9663174582515,2145.6481481481483,640.480955149697,3146.1111111111113,2000.0,0.49999999999977307,-0.5787169603524229,3.4161171077997696e-05,-1.2214728641691195e-05,0.8660254037844387,-0.4999999999999998
navsari,Mango,2012,4,2535.0,4,0.0,0.0,3.959868863326471e-05,2012-04-01,2328.5714285714284,4050.0,903.8888888888888,2500.0,2620.0,2188.4615384615386,2484.6296296296296,1573.1118736689416,2437.314814814815,1014.2380474387805,-1515.0,35.0,0.49999999999977307,-0.978716960352423,2.5504882704756164e-05,1.0980359840375352e-05,0.8660254037844387,-0.4999999999999998
bharuch,Mango,2012,5,2500.0,3,0.0,0.0,2.592799129929931e-05,2012-05-01,2130.0,2535.0,4050.0,903.8888888888888,2500.0,2125.0,2496.296296296296,1573.412617012621,2423.1481481481483,1011.7666169837787,-35.0,1596.1111111111113,0.49999999999977307,-7.417019969278034,3.959868863326471e-05,-8.233179778698385e-06,0.49999999999999994,-0.8660254037844387
banaskantha,Mango,2012,5,3050.0,3,0.0,0.0,4.197262420000229e-05,2012-05-01,2865.0,2500.0,2535.0,4050.0,2050.0,900.9090909090908,3028.3333333333335,884.962334415062,2423.1481481481483,1011.7666169837787,550.0,-1000.0,0.3999999999997731,-7.417019969278034,2.592799129929931e-05,1.6467741495246128e-05,0.49999999999999994,-0.8660254037844387
mahesana,Mango,2012,5,2000.0,3,1.0,0.032258064516129,3.168164337319156e-05,2012-05-01,2520.0,3050.0,2500.0,2535.0,2500.0,2392.5,2695.0,307.9366818032887,2589.814814814815,1020.3328352308413,-1050.0,-535.0,0.0,-6.417019969278034,4.197262420000229e-05,-7.917045260073154e-06,0.49999999999999994,-0.8660254037844387
vadodara,Mango,2012,5,2328.5714285714284,14,1.3,0.0419354838709677,3.040512827997912e-05,2012-05-01,1287.5,2000.0,3050.0,2500.0,903.8888888888888,2185.4166666666665,2516.6666666666665,525.198375219642,2506.4814814814813,1049.1466648089947,328.57142857142844,-171.42857142857156,0.9999999999997731,-6.117019969278034,3.168164337319156e-05,4.477136980679808e-06,0.49999999999999994,-0.8660254037844387
navsari,Mango,2012,5,2130.0,4,0.0,0.0,3.883202930326279e-05,2012-05-01,4651.923076923077,2328.5714285714284,2000.0,3050.0,4050.0,2300.0,2459.523809523809,537.1092947974754,2743.928571428571,725.066323496953,-198.57142857142844,-920.0,2.2999999999997733,-7.417019969278034,3.040512827997912e-05,-3.1405948967395023e-06,0.49999999999999994,-0.8660254037844387
valsad,Mango,2012,5,2865.0,5,0.0,0.0,3.353014354816275e-05,2012-05-01,1300.0,2130.0,2328.5714285714284,2000.0,2535.0,2620.0,2152.8571428571427,165.47396367125833,2423.9285714285716,370.21387916518313,735.0,865.0,2.2999999999997733,-7.417019969278034,3.883202930326279e-05,1.8485001749711904e-06,0.49999999999999994,-0.8660254037844387
dahod,Mango,2012,5,2520.0,5,3.3000000000000003,0.1064516129032258,2.6581063107257303e-05,2012-05-01,1933.75,2865.0,2130.0,2328.5714285714284,2500.0,2500.0,2441.1904761904757,380.2216950872005,2478.9285714285716,412.15257478021545,-345.0,191.42857142857156,1.2999999999997731,-4.117019969278033,3.353014354816275e-05,-3.824065172721816e-06,0.49999999999999994,-0.8660254037844387
surat,Mango,2012,5,1287.5,8,0.3,0.0096774193548387,3.3724134554528155e-05,2012-05-01,2250.0,2520.0,2865.0,2130.0,3050.0,2050.0,2505.0,367.7295201639632,2482.261904761905,412.4378534921342,-1232.5,-842.5,3.2999999999997733,-7.117019969278034,2.6581063107257303e-05,-5.107894748734634e-06,0.49999999999999994,-0.8660254037844387
ahmadabad,Mango,2012,5,4651.923076923077,13,0.0,0.0,2.187474578236645e-05,2012-05-01,4379.166666666667,1287.5,2520.0,2865.0,2000.0,2500.0,2224.1666666666665,829.315731994365,2188.511904761905,536.268590214217,3364.423076923077,1786.9230769230771,3.599999999999773,-7.417019969278034,3.3724134554528155e-05,-1.16553977657963e-05,0.49999999999999994,-0.8660254037844387
dahod,Mango,2012,6,1300.0,2,40.1,1.336666666666667,2.7145381264731305e-05,2012-06-01,1250.0,4651.923076923077,1287.5,2520.0,2328.5714285714284,903.8888888888888,2819.807692307692,1702.1307674230866,2630.4990842490843,1122.377999441991,-3351.923076923077,-1220.0,3.599999999999773,-85.73309782608695,2.187474578236645e-05,5.643181574740025e-07,1.2246467991473532e-16,-1.0
navsari,Mango,2012,6,1933.75,4,71.4,2.3800000000000003,4.39745312364167e-05,2012-06-01,2596.153846153846,1300.0,4651.923076923077,1287.5,2130.0,4050.0,2413.1410256410254,1938.8522035877363,2459.0705128205127,1249.1119118373213,633.75,646.25,40.39999999999977,-54.43309782608695,2.7145381264731305e-05,1.0250396681888548e-05,1.2246467991473532e-16,-1.0
mahesana,Mango,2012,6,2250.0,1,13.9,0.4633333333333333,3.055738863597233e-05,2012-06-01,2291.6666666666665,1933.75,1300.0,4651.923076923077,2865.0,2535.0,2628.557692307692,1780.7064259360222,2426.362179487179,1261.9554722600021,316.25,-2401.923076923077,111.49999999999977,-111.93309782608695,4.39745312364167e-05,8.682642853605878e-06,1.2246467991473532e-16,-1.0
ahmadabad,Mango,2012,6,4379.166666666667,12,12.1,0.4033333333333333,2.0578665043537125e-05,2012-06-01,2000.0,2250.0,1933.75,1300.0,2520.0,2500.0,1827.9166666666663,483.76184309363083,2323.862179487179,1244.0515303317673,2129.166666666667,3079.166666666667,125.39999999999978,-113.73309782608696,3.055738863597233e-05,-6.56671622119418e-06,1.2246467991473532e-16,-1.0
banaskantha,Mango,2012,6,1250.0,1,9.5,0.3166666666666666,4.197262420000229e-05,2012-06-01,998.0,4379.166666666667,2250.0,1933.75,1287.5,3050.0,2854.305555555555,1330.001718705386,2633.7232905982905,1506.5220935595064,-3129.166666666667,-683.75,97.39999999999978,-116.33309782608696,2.0578665043537125e-05,-2.0019070364144117e-06,1.2246467991473532e-16,-1.0
vadodara,Mango,2012,6,2596.153846153846,13,15.7,0.5233333333333333,2.7766463196697e-05,2012-06-01,2327.083333333333,1250.0,4379.166666666667,2250.0,4651.923076923077,2000.0,2626.3888888888887,1598.1778542151446,2627.4732905982905,1513.286669055765,1346.1538461538462,346.1538461538462,35.49999999999977,-110.13309782608695,4.197262420000229e-05,-2.7909254392753275e-06,1.2246467991473532e-16,-1.0
valsad,Mango,2012,6,2291.6666666666665,3,93.1,3.103333333333333,3.99463139271725e-05,2012-06-01,3400.0,2596.153846153846,1250.0,4379.166666666667,1300.0,2328.5714285714284,2741.773504273504,1569.657548820006,2284.8450854700855,1153.1177010403628,-304.4871794871797,-2087.5000000000005,37.29999999999977,-32.73309782608696,2.7766463196697e-05,1.9367648883635374e-05,1.2246467991473532e-16,-1.0
bharuch,Mango,2012,6,2000.0,3,25.0,0.8333333333333334,2.5802328518618824e-05,2012-06-01,2375.0,2291.6666666666665,2596.153846153846,1250.0,1933.75,2130.0,2045.9401709401707,705.9169054536311,2450.1228632478633,1050.2026843324606,-291.6666666666665,750.0,118.29999999999976,-100.83309782608696,3.99463139271725e-05,-1.6170295681383467e-05,1.2246467991473532e-16,-1.0
surat,Mango,2012,6,998.0,9,44.6,1.4866666666666668,3.3903606605778375e-05,2012-06-01,3446.153846153846,2000.0,2291.6666666666665,2596.153846153846,2250.0,2865.0,2295.9401709401704,298.0998980209563,2461.16452991453,1044.017867528954,-1002.0,-1598.1538461538462,133.79999999999976,-81.23309782608695,2.5802328518618824e-05,6.137143409081376e-06,1.2246467991473532e-16,-1.0
vadodara,Mango,2012,7,2327.083333333333,12,178.7,5.764516129032257,2.7640021908244583e-05,2012-07-01,2437.5,998.0,2000.0,2291.6666666666665,4379.166666666667,2520.0,1763.222222222222,678.5581391068571,2252.4978632478633,1207.0522652178608,1329.083333333333,35.416666666666515,162.69999999999976,-192.7292400881057,3.3903606605778375e-05,-1.2306292018927916e-05,-0.4999999999999997,-0.8660254037844388
valsad,Mango,2012,7,3400.0,5,306.5,9.887096774193548,3.0786527428474606e-05,2012-07-01,2337.5,2327.083333333333,998.0,2000.0,1250.0,1287.5,1775.0277777777774,692.5135394451343,1910.483974358974,642.7873126615914,1072.916666666667,1400.0,248.29999999999976,-64.9292400881057,2.7640021908244583e-05,4.984198909855782e-06,-0.4999999999999997,-0.8660254037844388
bharuch,Mango,2012,7,2375.0,4,135.1,4.358064516129032,2.447826199197418e-05,2012-07-01,2562.5,3400.0,2327.083333333333,998.0,2596.153846153846,4651.923076923077,2241.694444444444,1203.2744685894716,2268.817307692307,784.586501309229,-1025.0,1377.0,529.7999999999997,-236.3292400881057,3.0786527428474606e-05,-9.425344613804194e-06,-0.4999999999999997,-0.8660254037844388
ahmadabad,Mango,2012,7,3446.153846153846,13,115.0,3.70967741935484,1.6491301369643384e-05,2012-07-01,972.7777777777778,2375.0,3400.0,2327.083333333333,2291.6666666666665,1300.0,2700.694444444444,606.0900896395507,2231.9583333333335,771.2138407695028,1071.1538461538462,1119.0705128205132,620.2999999999997,-256.4292400881057,2.447826199197418e-05,-1.1148720538601199e-05,-0.4999999999999997,-0.8660254037844388
mahesana,Mango,2012,7,2437.5,4,168.8,5.445161290322581,2.87905945823509e-05,2012-07-01,1612.5,3446.153846153846,2375.0,3400.0,2000.0,1933.75,3073.7179487179487,605.5473749213876,2424.3728632478633,918.958050329054,-1008.6538461538462,-962.5,556.5999999999998,-202.6292400881057,1.6491301369643384e-05,-1.9959328461237047e-06,-0.4999999999999997,-0.8660254037844388
navsari,Mango,2012,7,2337.5,4,232.2,7.490322580645161,2.748956546472644e-05,2012-07-01,3016.6666666666665,2437.5,3446.153846153846,2375.0,998.0,2250.0,2752.8846153846152,601.2014905574839,2497.28952991453,895.6113492262514,-100.0,-37.5,418.89999999999975,-139.2292400881057,2.87905945823509e-05,3.011303472752257e-06,-0.4999999999999997,-0.8660254037844388
banaskantha,Mango,2012,7,2562.5,4,102.3,3.3,4.197262420000229e-05,2012-07-01,765.0,2337.5,2437.5,3446.153846153846,2327.083333333333,4379.166666666667,2740.3846153846152,613.2557829531356,2720.53952991453,545.7506149649857,225.0,-883.6538461538462,515.9999999999998,-269.1292400881057,2.748956546472644e-05,2.5481322830358907e-05,-0.4999999999999997,-0.8660254037844388
surat,Mango,2012,7,972.7777777777778,9,141.6,4.567741935483871,2.6091471482625824e-05,2012-07-01,1318.75,2562.5,2337.5,2437.5,3400.0,1250.0,2445.8333333333335,112.73124382064968,2759.775641025641,519.6442145487666,-1589.7222222222222,-1464.7222222222222,503.2999999999997,-229.8292400881057,4.197262420000229e-05,-2.6991230997250773e-06,-0.4999999999999997,-0.8660254037844388
dahod,Mango,2012,7,1612.5,4,284.7,9.183870967741935,3.497886897836035e-05,2012-07-01,1690.0,972.7777777777778,2562.5,2337.5,2375.0,2596.153846153846,1957.5925925925924,860.2624103197043,2355.238603988604,793.9424911150812,639.7222222222222,-725.0,476.0999999999998,-86.72924008810571,2.6091471482625824e-05,7.489303513633909e-06,-0.4999999999999997,-0.8660254037844388
banaskantha,Mango,2012,8,3016.6666666666665,3,193.6,6.245161290322581,4.197262420000229e-05,2012-08-01,4296.25,1612.5,972.7777777777778,2562.5,3446.153846153846,2291.6666666666665,1715.9259259259259,799.8917911642977,2228.1552706552707,849.2458390131874,1404.1666666666665,454.1666666666665,528.5999999999998,-113.58201086956521,3.497886897836035e-05,0.0,-0.8660254037844384,-0.5000000000000004
navsari,Mango,2012,8,765.0,2,180.2,5.812903225806451,5.449960143426084e-05,2012-08-01,3471.428571428572,3016.6666666666665,1612.5,972.7777777777778,2437.5,2000.0,1867.3148148148146,1045.4991104337241,2156.574074074074,736.6924678460302,-2251.6666666666665,-207.77777777777783,619.8999999999997,-126.98201086956522,4.197262420000229e-05,2.8408129951635017e-05,-0.8660254037844384,-0.5000000000000004
surat,Mango,2012,8,1318.75,8,108.7,3.5064516129032257,4.187611298632702e-05,2012-08-01,2000.0,765.0,3016.6666666666665,1612.5,2337.5,998.0,1798.0555555555554,1137.2439679297513,1877.824074074074,906.0826246742796,553.75,-293.75,658.4999999999998,-198.48201086956522,5.449960143426084e-05,6.8972440079666694e-06,-0.8660254037844384,-0.5000000000000004
dahod,Mango,2012,8,1690.0,5,487.6,15.729032258064516,5.1035261252658e-05,2012-08-01,2304.5454545454545,1318.75,765.0,3016.6666666666665,2562.5,2327.083333333333,1700.1388888888887,1173.2833450920466,1708.0324074074072,898.1330877651064,371.25,-1326.6666666666665,482.4999999999998,180.41798913043482,4.187611298632702e-05,9.062637052655706e-06,-0.8660254037844384,-0.5000000000000004
valsad,Mango,2012,8,4296.25,4,241.3,7.783870967741936,5.475394289546624e-05,2012-08-01,2400.0,1690.0,1318.75,765.0,972.7777777777778,3400.0,1257.9166666666663,465.49089232050727,1562.6157407407406,797.0632943438916,2606.25,3531.25,776.4999999999998,-65.88201086956519,5.1035261252658e-05,2.543414612054019e-07,-0.8660254037844384,-0.5000000000000004
ahmadabad,Mango,2012,8,3471.428571428572,7,112.6,3.6322580645161286,2.8479090943260748e-05,2012-08-01,1812.5,4296.25,1690.0,1318.75,1612.5,2375.0,2434.9999999999995,1622.5428538254446,2116.527777777778,1300.8063382493315,-824.821428571428,2152.678571428572,837.5999999999999,-194.5820108695652,5.475394289546624e-05,-1.339702204306627e-05,-0.8660254037844384,-0.5000000000000004
mahesana,Mango,2012,8,2000.0,1,224.2,7.232258064516128,4.151896167089093e-05,2012-08-01,2856.25,3471.428571428572,4296.25,1690.0,3016.6666666666665,3446.153846153846,3152.5595238095234,1332.0633872951141,2426.3492063492063,1375.9550793830344,-1471.428571428572,310.0,841.4999999999998,-82.98201086956522,2.8479090943260748e-05,-9.51629958176707e-06,-0.8660254037844384,-0.5000000000000004
vadodara,Mango,2012,8,2304.5454545454545,11,250.9,8.093548387096774,4.055280123136793e-05,2012-08-01,2700.0,2000.0,3471.428571428572,4296.25,765.0,2437.5,3255.892857142857,1163.199358977005,2256.904761904762,1351.0952835148448,304.5454545454545,-1991.7045454545455,578.0999999999998,-56.2820108695652,4.151896167089093e-05,-1.4201141664098314e-05,-0.8660254037844384,-0.5000000000000004
bharuch,Mango,2012,8,2400.0,3,135.7,4.377419354838709,3.440153509712378e-05,2012-08-01,1580.0,2304.5454545454545,2000.0,3471.428571428572,1318.75,2337.5,2591.991341991342,776.688073721534,2513.495670995671,1140.9424853964263,95.4545454545455,-1071.428571428572,587.6999999999998,-171.48201086956522,4.055280123136793e-05,5.922444153863033e-06,-0.8660254037844384,-0.5000000000000004
dahod,Mango,2012,9,1812.5,4,512.9,17.096666666666668,6.902393792086332e-05,2012-09-01,2100.0,2400.0,2304.5454545454545,2000.0,1690.0,2562.5,2234.8484848484845,208.90967112300322,2693.7040043290044,989.8851007534217,-587.5,-187.5,610.7999999999997,306.32696957671953,3.440153509712378e-05,2.7504976249972395e-05,-1.0,-1.8369701987210297e-16
valsad,Mango,2012,9,2856.25,4,288.40000000000003,9.613333333333337,7.393805213317664e-05,2012-09-01,2875.0,1812.5,2400.0,2304.5454545454545,4296.25,972.7777777777778,2172.3484848484845,315.2714569982695,2714.120670995671,966.0186634574702,1043.75,551.7045454545455,899.4999999999998,81.82696957671959,6.902393792086332e-05,3.338525090180871e-05,-1.0,-1.8369701987210297e-16
mahesana,Mango,2012,9,2700.0,4,211.1,7.036666666666666,6.084262995888612e-05,2012-09-01,2250.0,2856.25,1812.5,2400.0,3471.428571428572,1612.5,2356.2499999999995,523.2485666487938,2474.120670995671,606.2058764493011,-156.25,300.0,936.9999999999998,4.5269695767195515,7.393805213317664e-05,2.644109486176234e-05,-1.0,-1.8369701987210297e-16
navsari,Mango,2012,9,1580.0,3,228.00000000000003,7.6,7.181835334742377e-05,2012-09-01,4557.142857142857,2700.0,2856.25,1812.5,2000.0,3016.6666666666665,2456.2499999999995,562.951207921271,2345.5492424242425,398.6583933004564,-1120.0,-232.5,1012.3999999999997,21.426969576719586,6.084262995888612e-05,2.7944154265604484e-06,-1.0,-1.8369701987210297e-16
vadodara,Mango,2012,9,2100.0,13,405.5,13.516666666666667,6.711870476439596e-05,2012-09-01,1012.7777777777778,1580.0,2700.0,2856.25,2304.5454545454545,765.0,2378.7499999999995,696.1355381676887,2275.5492424242425,496.36759289479664,520.0,-756.25,727.4999999999998,198.92696957671956,7.181835334742377e-05,-6.8193473687806755e-06,-1.0,-1.8369701987210297e-16
banaskantha,Mango,2012,9,2875.0,4,144.7,4.823333333333333,4.197262420000229e-05,2012-09-01,2450.0,2100.0,1580.0,2700.0,2400.0,1318.75,2126.6666666666665,560.4759881862456,2241.4583333333335,500.98054894044606,775.0,175.0,844.5999999999998,-61.873030423280454,6.711870476439596e-05,-1.887000575888383e-05,-1.0,-1.8369701987210297e-16
bharuch,Mango,2012,9,2250.0,2,341.0,11.366666666666667,5.504938566389118e-05,2012-09-01,2000.0,2875.0,2100.0,1580.0,1812.5,1690.0,2184.9999999999995,651.6709292273329,2320.625,564.5428183495062,-625.0,670.0,778.1999999999998,134.42696957671956,4.197262420000229e-05,-1.6768967683532594e-05,-1.0,-1.8369701987210297e-16
ahmadabad,Mango,2012,9,4557.142857142857,14,251.1,8.37,4.728124608155365e-05,2012-09-01,3325.0,2250.0,2875.0,2100.0,2856.25,4296.25,2408.333333333333,411.0454151713053,2393.5416666666665,511.55425950398444,2307.142857142857,2457.142857142857,891.1999999999998,44.52696957671955,5.504938566389118e-05,-1.983745868284231e-05,-1.0,-1.8369701987210297e-16
surat,Mango,2012,9,1012.7777777777778,9,267.8,8.926666666666668,6.55657612584473e-05,2012-09-01,936.125,4557.142857142857,2250.0,2875.0,2700.0,3471.428571428572,3227.380952380952,1193.2544961226963,2677.0238095238096,1028.91565833784,-3544.365079365079,-1862.2222222222222,736.7999999999997,61.22696957671957,4.728124608155365e-05,2.3593137058445006e-05,-1.0,-1.8369701987210297e-16
dahod,Mango,2012,10,2450.0,6,13.5,0.4354838709677419,5.184303711472253e-05,2012-10-01,2503.5714285714284,1012.7777777777778,4557.142857142857,2250.0,1580.0,2000.0,2606.6402116402114,1798.8955318124383,2395.8201058201057,1231.914848587961,1437.2222222222222,200.0,859.8999999999997,-20.98738938053097,6.55657612584473e-05,-3.2063485491686493e-06,-0.8660254037844386,0.5000000000000001
bharuch,Mango,2012,10,2000.0,2,6.3,0.2032258064516129,4.849483741102397e-05,2012-10-01,2230.0,2450.0,1012.7777777777778,4557.142857142857,2100.0,2304.5454545454545,2673.306878306878,1782.7031231756023,2540.8201058201057,1166.1298372591712,-450.0,-2557.142857142857,532.3999999999999,-28.18738938053097,5.184303711472253e-05,1.2135913294703175e-06,-0.8660254037844386,0.5000000000000001
banaskantha,Mango,2012,10,3325.0,2,0.0,0.0,4.197262420000229e-05,2012-10-01,2500.0,2000.0,2450.0,1012.7777777777778,2875.0,2400.0,1820.9259259259259,735.1547945953105,2524.153439153439,1174.375692972897,1325.0,2312.222222222222,287.59999999999985,-34.48738938053097,4.849483741102397e-05,-2.3593137058445006e-05,-0.8660254037844386,0.5000000000000001
surat,Mango,2012,10,936.125,8,7.9,0.2548387096774193,5.568093568133773e-05,2012-10-01,3325.0,3325.0,2000.0,2450.0,2250.0,1812.5,2591.6666666666665,673.764301023252,2599.153439153439,1214.9323640425225,-2388.875,-1513.875,19.799999999999773,-26.587389380530972,4.197262420000229e-05,3.837898566615203e-06,-0.8660254037844386,0.5000000000000001
vadodara,Mango,2012,10,2503.5714285714284,14,7.399999999999999,0.2387096774193548,5.7848183073190456e-05,2012-10-01,4570.0,936.125,3325.0,2000.0,4557.142857142857,2856.25,2087.0416666666665,1196.813740816986,2380.174272486772,1395.445983099744,1567.4464285714284,503.57142857142844,14.199999999999772,-27.087389380530972,5.568093568133773e-05,9.353345662166489e-06,-0.8660254037844386,0.5000000000000001
navsari,Mango,2012,10,2230.0,3,21.4,0.6903225806451614,6.236249148859177e-05,2012-10-01,2540.0,2503.5714285714284,936.125,3325.0,1012.7777777777778,2700.0,2254.898809523809,1213.6966239568549,2037.9123677248679,928.3881547702822,-273.57142857142844,-1095.0,15.299999999999772,-13.087389380530972,5.7848183073190456e-05,2.0389867288589474e-05,-0.8660254037844386,0.5000000000000001
mahesana,Mango,2012,10,2500.0,3,0.4,0.0129032258064516,4.899345510278575e-05,2012-10-01,1027.2222222222222,2230.0,2503.5714285714284,936.125,2450.0,1580.0,1889.8988095238092,837.2417162521441,2240.782738095238,780.8432925383495,270.0,1563.875,36.69999999999977,-34.08738938053097,6.236249148859177e-05,-6.687480578551982e-06,-0.8660254037844386,0.5000000000000001
valsad,Mango,2012,10,3325.0,3,47.5,1.532258064516129,6.399964192007544e-05,2012-10-01,2582.692307692308,2500.0,2230.0,2503.5714285714284,2000.0,2100.0,2411.1904761904757,156.9257157770061,2249.1160714285716,783.783936685929,825.0,821.4285714285716,29.19999999999977,13.01261061946903,4.899345510278575e-05,6.151458846884983e-06,-0.8660254037844386,0.5000000000000001
ahmadabad,Mango,2012,10,4570.0,10,0.5,0.0161290322580645,3.8289504275662086e-05,2012-10-01,2500.0,3325.0,2500.0,2230.0,3325.0,2875.0,2684.9999999999995,570.460340426939,2469.949404761905,880.2783129308679,1245.0,2340.0,69.29999999999977,-33.98738938053097,6.399964192007544e-05,-2.407298721292968e-05,-0.8660254037844386,0.5000000000000001
valsad,Mango,2012,11,2540.0,5,0.0,0.0,5.65354785871949e-05,2012-11-01,2600.0,4570.0,3325.0,2500.0,936.125,2250.0,3465.0,1042.0772524146305,2677.449404761905,1207.9083593737505,-2030.0,40.0,48.39999999999977,-9.795056689342402,3.8289504275662086e-05,7.54202348440915e-06,-0.5000000000000004,0.8660254037844384
surat,Mango,2012,11,1027.2222222222222,9,0.0,0.0,5.03466873998331e-05,2012-11-01,2583.333333333333,2540.0,4570.0,3325.0,2503.5714285714284,4557.142857142857,3478.3333333333335,1023.6495168432207,2944.7619047619046,877.8563485602209,-1512.7777777777778,-2297.777777777778,47.99999999999977,-9.795056689342402,5.65354785871949e-05,-1.3652954520242338e-05,-0.5000000000000004,0.8660254037844384
vadodara,Mango,2012,11,2582.692307692308,13,0.0,0.0,5.319626307153251e-05,2012-11-01,2238.333333333333,1027.2222222222222,2540.0,4570.0,2230.0,1012.7777777777778,2712.407407407407,1777.6703381886475,2698.703703703704,1180.8641252508814,1555.470085470086,-1987.307692307692,0.4999999999997726,-9.795056689342402,5.03466873998331e-05,1.4906758795870425e-05,-0.5000000000000004,0.8660254037844384
bharuch,Mango,2012,11,2500.0,3,0.0,0.0,4.512861168205499e-05,2012-11-01,1740.0,2582.692307692308,1027.2222222222222,2540.0,2500.0,2450.0,2049.97150997151,885.9840503518088,2757.485754985755,1161.4855932248179,-82.69230769230808,-40.0,0.0,-9.795056689342402,5.319626307153251e-05,-1.140686690513991e-05,-0.5000000000000004,0.8660254037844384
mahesana,Mango,2012,11,2600.0,3,0.0,0.0,4.494915434082502e-05,2012-11-01,3150.0,2500.0,2582.692307692308,1027.2222222222222,3325.0,2000.0,2036.6381766381764,875.1570894473689,2757.485754985755,1161.4855932248179,100.0,1572.7777777777778,0.0,-9.795056689342402,4.512861168205499e-05,-5.397533059008083e-06,-0.5000000000000004,0.8660254037844384
banaskantha,Mango,2012,11,2583.333333333333,3,0.0,0.0,4.197262420000229e-05,2012-11-01,1462.5,2600.0,2500.0,2582.692307692308,4570.0,3325.0,2560.8974358974356,53.4440111465792,2636.6524216524217,1127.8624999889585,-16.66666666666697,0.6410256410249531,0.0,-9.795056689342402,4.494915434082502e-05,-1.122363887153022e-05,-0.5000000000000004,0.8660254037844384
navsari,Mango,2012,11,2238.333333333333,3,0.0,0.0,5.715997583210396e-05,2012-11-01,4168.181818181818,2583.333333333333,2600.0,2500.0,2540.0,936.125,2561.111111111111,53.575837561253934,2305.5413105413104,627.3072219377124,-345.0,-261.66666666666697,0.0,-9.795056689342402,4.197262420000229e-05,1.2031364150048969e-05,-0.5000000000000004,0.8660254037844384
dahod,Mango,2012,11,1740.0,5,0.0,0.0,4.629937826016122e-05,2012-11-01,2000.0,2238.333333333333,2583.333333333333,2600.0,1027.2222222222222,2503.5714285714284,2473.8888888888882,204.16723355935002,2255.2635327635326,616.75775779217,-498.33333333333303,-860.0,0.0,-9.795056689342402,5.715997583210396e-05,1.3502239193362037e-06,-0.5000000000000004,0.8660254037844384
ahmadabad,Mango,2012,11,3150.0,13,0.0,0.0,3.47102364280335e-05,2012-11-01,2046.6666666666667,1740.0,2238.333333333333,2583.333333333333,2582.692307692308,2230.0,2187.2222222222217,423.98353392207775,2374.0598290598286,339.02399522799374,1410.0,566.666666666667,0.0,-9.795056689342402,4.629937826016122e-05,-7.2623877719687905e-06,-0.5000000000000004,0.8660254037844384
dahod,Mango,2012,12,1462.5,4,0.0,0.0,4.648151789374823e-05,2012-12-01,4125.0,3150.0,1740.0,2238.333333333333,2500.0,2500.0,2376.111111111111,715.025899556831,2468.611111111111,464.67242543857355,-1687.5,-775.833333333333,0.0,-3.6994424213174213,3.47102364280335e-05,-1.0678457938355728e-05,-2.4492935982947064e-16,1.0
ahmadabad,Mango,2012,12,4168.181818181818,11,0.0,0.0,3.711251140255428e-05,2012-12-01,2530.0,1462.5,3150.0,1740.0,2600.0,3325.0,2117.4999999999995,904.8722285494324,2295.694444444444,618.3001825495005,2705.681818181818,2428.181818181818,0.0,-3.6994424213174213,4.648151789374823e-05,-9.18686685760694e-06,-2.4492935982947064e-16,1.0
bharuch,Mango,2012,12,2000.0,3,0.0,0.0,4.261641981033445e-05,2012-12-01,3125.0,4168.181818181818,1462.5,3150.0,2583.333333333333,4570.0,2926.8939393939386,1366.5689741170424,2557.058080808081,991.4854481925887,-2168.181818181818,-1150.0,0.0,-3.6994424213174213,3.711251140255428e-05,7.90618338230095e-06,-2.4492935982947064e-16,1.0
navsari,Mango,2012,12,2046.6666666666667,3,0.0,0.0,5.176760897624164e-05,2012-12-01,1006.1111111111112,2000.0,4168.181818181818,1462.5,2238.333333333333,2540.0,2543.5606060606056,1432.400825417127,2459.8358585858587,1016.6737257767262,46.66666666666674,584.1666666666667,0.0,-3.6994424213174213,4.261641981033445e-05,5.286091082493412e-06,-2.4492935982947064e-16,1.0
valsad,Mango,2012,12,4125.0,5,0.1,0.0032258064516129,5.038278206608615e-05,2012-12-01,3150.0,2046.6666666666667,2000.0,4168.181818181818,1740.0,1027.2222222222222,2738.282828282828,1238.548660905206,2427.8914141414143,1027.9737400047122,2078.333333333333,-43.18181818181802,0.0,-3.599442421317421,5.176760897624164e-05,1.327027066353187e-05,-2.4492935982947064e-16,1.0
vadodara,Mango,2012,12,2530.0,15,0.0,0.0,5.080756795430615e-05,2012-12-01,1966.6666666666667,4125.0,2046.6666666666667,2000.0,3150.0,2582.692307692308,2723.8888888888887,1213.6221420622337,2825.391414141414,1161.2575515570884,-1595.0,530.0,0.09999999999977263,-3.6994424213174213,5.038278206608615e-05,8.191148143971696e-06,-2.4492935982947064e-16,1.0
banaskantha,Mango,2012,12,3125.0,2,0.1,0.0032258064516129,4.197262420000229e-05,2012-12-01,5016.666666666667,2530.0,4125.0,2046.6666666666667,1462.5,2500.0,2900.555555555555,1087.5895024897711,2722.058080808081,1154.1589311798014,595.0,1078.3333333333333,0.09999999999977263,-3.599442421317421,5.080756795430615e-05,-9.79498477623935e-06,-2.4492935982947064e-16,1.0
surat,Mango,2012,12,1006.1111111111112,9,0.0,0.0,4.4886427843539375e-05,2012-12-01,3186.538461538461,3125.0,2530.0,4125.0,4168.181818181818,2600.0,3260.0,806.0241931853069,2999.141414141414,977.3063779344697,-2118.8888888888887,-3118.8888888888887,0.19999999999977264,-3.6994424213174213,4.197262420000229e-05,-5.496354222546778e-06,-2.4492935982947064e-16,1.0
mahesana,Mango,2012,12,3150.0,2,0.0,0.0,4.775974531891818e-05,2012-12-01,1950.0,1006.1111111111112,3125.0,2530.0,2000.0,2583.333333333333,2220.37037037037,1092.8519623090083,2472.12962962963,1069.0841480621923,2143.8888888888887,620.0,0.09999999999977263,-3.6994424213174213,4.4886427843539375e-05,-3.0478226353879706e-06,-2.4492935982947064e-16,1.0
dahod,Mango,2013,1,1966.6666666666667,6,0.0,0.0,4.511563823588001e-05,2013-01-01,1966.6666666666667,3150.0,1006.1111111111112,3125.0,2046.6666666666667,2238.333333333333,2427.037037037037,1230.6214345713126,2663.796296296296,1070.5970075966488,-1183.3333333333333,-1158.3333333333333,0.09999999999977263,-1.0126696832579185,4.775974531891818e-05,3.143014035877719e-06,0.49999999999999994,0.8660254037844387
ahmadabad,Mango,2013,1,5016.666666666667,6,0.0,0.0,3.856358394037367e-05,2013-01-01,4200.0,1966.6666666666667,3150.0,1006.1111111111112,4125.0,1740.0,2040.9259259259259,1073.8718360049413,2650.462962962963,1080.2743945358116,3050.0,4010.5555555555557,0.0,-1.0126696832579185,4.511563823588001e-05,-6.322843903165703e-06,0.49999999999999994,0.8660254037844387
vadodara,Mango,2013,1,3186.538461538461,13,0.0,0.0,4.7278303675755485e-05,2013-01-01,2875.0,5016.666666666667,1966.6666666666667,3150.0,2530.0,3150.0,3377.7777777777774,1537.7051203130804,2799.0740740740744,1351.08199286362,-1830.128205128206,36.53846153846098,0.0,-1.0126696832579185,3.856358394037367e-05,-4.814416431626919e-07,0.49999999999999994,0.8660254037844387
banaskantha,Mango,2013,1,1950.0,1,0.7,0.0225806451612903,4.197262420000229e-05,2013-01-01,963.75,3186.538461538461,5016.666666666667,1966.6666666666667,3125.0,1462.5,3389.957264957264,1535.1414941914254,2908.497150997151,1351.5176723103623,-1236.538461538461,-16.666666666666742,0.0,-0.31266968325791855,4.7278303675755485e-05,-3.143014035877719e-06,0.49999999999999994,0.8660254037844387
navsari,Mango,2013,1,1966.6666666666667,3,0.0,0.0,4.670615575345969e-05,2013-01-01,2333.333333333333,1950.0,3186.538461538461,5016.666666666667,1006.1111111111112,4168.181818181818,3384.4017094017095,1542.8783198141014,2712.6638176638176,1398.1944951266792,16.666666666666742,-3050.0,0.6999999999997726,-1.0126696832579185,4.197262420000229e-05,8.142571813086021e-06,0.49999999999999994,0.8660254037844387
girsomnath,Mango,2013,1,4200.0,2,0.0,0.0,4.197262420000229e-05,2013-01-01,1850.0,1966.6666666666667,1950.0,3186.538461538461,3150.0,2000.0,2367.7350427350425,709.1535259924935,2872.75641025641,1205.4170241744666,2233.333333333333,1013.461538461539,0.6999999999997726,-1.0126696832579185,4.670615575345969e-05,-5.305679475753194e-06,0.49999999999999994,0.8660254037844387
valsad,Mango,2013,1,2875.0,2,0.0,0.0,4.517645559665347e-05,2013-01-01,1820.0,4200.0,1966.6666666666667,1950.0,1966.6666666666667,2046.6666666666667,2705.555555555555,1294.2536816994623,3047.75641025641,1324.0930895756285,-1325.0,925.0,0.6999999999997726,-1.0126696832579185,4.197262420000229e-05,3.20383139665118e-06,0.49999999999999994,0.8660254037844387
surat,Mango,2013,1,963.75,8,0.0,0.0,4.014819261688256e-05,2013-01-01,4000.0,2875.0,4200.0,1966.6666666666667,5016.666666666667,4125.0,3013.8888888888887,1123.1260112013526,3199.1452991452993,1223.902832648518,-1911.25,-1002.9166666666667,0.0,-1.0126696832579185,4.517645559665347e-05,-6.55796313657713e-06,0.49999999999999994,0.8660254037844387
bharuch,Mango,2013,1,2333.333333333333,3,0.0,0.0,3.862935744789772e-05,2013-01-01,1675.0,963.75,2875.0,4200.0,3186.538461538461,2530.0,2679.583333333333,1626.9509122383974,2523.659188034188,1135.3950874515385,1369.583333333333,-1866.666666666667,0.0,-1.0126696832579185,4.014819261688256e-05,-3.3432667521045683e-06,0.49999999999999994,0.8660254037844387
mahesana,Mango,2013,1,1850.0,4,0.0,0.0,5.0288459299599605e-05,2013-01-01,3827.272727272728,2333.333333333333,963.75,2875.0,1950.0,3125.0,2057.361111111111,985.0581917854993,2381.4583333333335,1088.2185924073872,-483.33333333333303,-1025.0,0.0,-1.0126696832579185,3.862935744789772e-05,5.112003702946134e-06,0.49999999999999994,0.8660254037844387
dahod,Mango,2013,2,1820.0,5,2.8,0.0999999999999999,3.927646742990742e-05,2013-02-01,3650.0,1850.0,2333.333333333333,963.75,1966.6666666666667,1006.1111111111112,1715.6944444444441,694.5992466350192,2364.7916666666665,1096.8795306965644,-30.0,856.25,0.0,2.462445034320034,5.0288459299599605e-05,-8.71725186975146e-07,0.8660254037844386,0.5000000000000001
ahmadabad,Mango,2013,2,4000.0,4,0.1,0.0035714285714285,3.6533058565094496e-05,2013-02-01,1600.0,1820.0,1850.0,2333.333333333333,4200.0,3150.0,2001.1111111111106,288.10363361769146,2340.347222222222,1109.0926727343244,2180.0,1666.666666666667,2.7999999999997724,-0.23755496567996567,3.927646742990742e-05,-2.0962988828032266e-06,0.8660254037844386,0.5000000000000001
navsari,Mango,2013,2,1675.0,3,0.3,0.0107142857142857,4.2781301724594354e-05,2013-02-01,3250.0,4000.0,1820.0,1850.0,2875.0,1966.6666666666667,2556.6666666666665,1250.0533321956116,2307.0138888888887,1043.0632776382322,-2325.0,-175.0,2.8999999999997725,-0.03755496567996569,3.6533058565094496e-05,-7.507157575005251e-06,0.8660254037844386,0.5000000000000001
vadodara,Mango,2013,2,3827.272727272728,11,0.1,0.0035714285714285,4.490651407310718e-05,2013-02-01,1089.6666666666667,1675.0,4000.0,1820.0,963.75,5016.666666666667,2498.333333333333,1302.5007997438433,2107.0138888888887,1027.3011573166261,2152.272727272728,2007.272727272728,3.1999999999997724,-0.23755496567996567,4.2781301724594354e-05,5.630046643199765e-06,0.8660254037844386,0.5000000000000001
girsomnath,Mango,2013,2,3650.0,2,0.0,0.0,4.197262420000229e-05,2013-02-01,1900.0,3827.272727272728,1675.0,4000.0,2333.333333333333,3186.538461538461,3167.4242424242425,1295.3595127290557,2584.2676767676767,1054.7368792502562,-177.27272727272793,-350.0,0.4999999999997726,-0.3375549656799657,4.490651407310718e-05,5.439565634907795e-06,0.8660254037844386,0.5000000000000001
mahesana,Mango,2013,2,1600.0,1,0.4,0.0142857142857142,4.990953741177487e-05,2013-02-01,3187.5,3650.0,3827.272727272728,1675.0,1850.0,1950.0,3050.757575757576,1194.733478814197,2803.7121212121215,1126.608323876137,-2050.0,-75.0,0.39999999999977265,0.06244503432003434,4.197262420000229e-05,7.1282356871805164e-06,0.8660254037844386,0.5000000000000001
bharuch,Mango,2013,2,3250.0,3,0.1,0.0035714285714285,3.444568041443654e-05,2013-02-01,3562.5,1600.0,3650.0,3827.272727272728,1820.0,1966.6666666666667,3025.757575757576,1237.919586880057,2762.0454545454545,1172.6185203274244,1650.0,-577.2727272727279,0.4999999999997726,-0.23755496567996567,4.990953741177487e-05,-1.0460833658670645e-05,0.8660254037844386,0.5000000000000001
surat,Mango,2013,2,1089.6666666666667,6,0.7,0.0249999999999999,3.719944676422946e-05,2013-02-01,3133.333333333333,3250.0,1600.0,3650.0,4000.0,4200.0,2833.3333333333335,1086.6615541802125,3000.378787878788,1084.8967051666918,-2160.333333333333,-2560.333333333333,0.4999999999997726,0.3624450343200343,3.444568041443654e-05,-4.773177435772831e-06,0.8660254037844386,0.5000000000000001
banaskantha,Mango,2013,2,1900.0,1,0.9,0.0321428571428571,4.197262420000229e-05,2013-02-01,2040.0,1089.6666666666667,3250.0,1600.0,1675.0,2875.0,1979.8888888888887,1129.1575194381498,2515.3232323232323,1193.7260317996024,810.3333333333333,300.0,1.1999999999997726,0.5624450343200343,3.719944676422946e-05,-7.93691321177258e-06,0.8660254037844386,0.5000000000000001
valsad,Mango,2013,2,3187.5,2,0.0,0.0,3.927329019038381e-05,2013-02-01,1766.6666666666667,1900.0,1089.6666666666667,3250.0,3827.272727272728,963.75,2079.8888888888887,1091.3432260462564,2552.8232323232323,1165.2425704920558,1287.5,-62.5,1.6999999999997726,-0.3375549656799657,4.197262420000229e-05,4.827609775947271e-06,0.8660254037844386,0.5000000000000001
valsad,Mango,2013,3,3562.5,2,0.0,0.0,3.5663237018899936e-05,2013-03-01,1128.8,3187.5,1900.0,1089.6666666666667,3650.0,2333.333333333333,2059.055555555555,1057.9225755819466,2446.194444444445,1048.744595624624,375.0,2472.833333333333,1.5999999999997725,-1.9086255656108597,3.927329019038381e-05,-1.5362097453295237e-06,1.0,6.123233995736766e-17
ahmadabad,Mango,2013,3,3133.333333333333,3,0.0,0.0,2.7710110226993e-05,2013-03-01,2425.0,3562.5,3187.5,1900.0,1600.0,1850.0,2883.3333333333335,871.9888665191521,2431.6111111111113,1029.0811795354527,-429.16666666666697,1233.333333333333,0.8999999999997726,-1.9086255656108597,3.5663237018899936e-05,-1.4262513973009291e-05,1.0,6.123233995736766e-17
dahod,Mango,2013,3,2040.0,5,1.4,0.0451612903225806,3.047366466118225e-05,2013-03-01,3723.214285714286,3133.333333333333,3562.5,3187.5,3250.0,1820.0,3294.444444444444,233.71744178092348,2687.1666666666665,969.9510869683656,-1093.333333333333,-1147.5,0.0,-0.5086255656108598,2.7710110226993e-05,-8.799625529201558e-06,1.0,6.123233995736766e-17
navsari,Mango,2013,3,1766.6666666666667,3,0.0,0.0,4.074882532264204e-05,2013-03-01,2466.6666666666665,2040.0,3133.333333333333,3562.5,1089.6666666666667,4000.0,2911.944444444444,785.0231478068753,2485.5,955.2017820567802,-273.33333333333326,-1795.8333333333333,1.3999999999997725,-1.9086255656108597,3.047366466118225e-05,5.085588303742103e-06,1.0,6.123233995736766e-17
surat,Mango,2013,3,1128.8,5,0.0,0.0,3.5064794146254706e-05,2013-03-01,2000.0,1766.6666666666667,2040.0,3133.333333333333,1900.0,1675.0,2313.333333333333,723.1720250243322,2598.3333333333335,781.5413901032036,-637.8666666666668,-2004.533333333333,1.3999999999997725,-1.9086255656108597,4.074882532264204e-05,7.354683919261706e-06,1.0,6.123233995736766e-17
girsomnath,Mango,2013,3,2425.0,2,0.0,0.0,4.197262420000229e-05,2013-03-01,1933.3333333333333,1128.8,1766.6666666666667,2040.0,3187.5,3827.272727272728,1645.155555555555,467.59498777531917,2469.8,961.953074623592,1296.2,385.0,1.3999999999997725,-1.9086255656108597,3.5064794146254706e-05,1.149895953882004e-05,1.0,6.123233995736766e-17
vadodara,Mango,2013,3,3723.214285714286,14,0.0,0.0,3.996271127131733e-05,2013-03-01,1800.0,2425.0,1128.8,1766.6666666666667,3562.5,3650.0,1773.4888888888884,648.1269297267678,2342.7166666666667,896.3014333607023,1298.2142857142858,1956.547619047619,0.0,-1.9086255656108597,4.197262420000229e-05,-7.861140513247086e-07,1.0,6.123233995736766e-17
bharuch,Mango,2013,3,2466.6666666666665,3,0.0,0.0,3.1005772323542304e-05,2013-03-01,1070.0,3723.214285714286,2425.0,1128.8,3133.333333333333,1600.0,2425.6714285714284,1297.207273180294,2369.502380952381,941.3159667403753,-1256.5476190476193,1337.8666666666666,0.0,-1.9086255656108597,3.996271127131733e-05,-4.059021822712402e-06,1.0,6.123233995736766e-17
banaskantha,Mango,2013,3,2000.0,1,0.0,0.0,4.197262420000229e-05,2013-03-01,3250.0,2466.6666666666665,3723.214285714286,2425.0,2040.0,3250.0,2871.6269841269836,737.7904356566005,2258.39126984127,869.747991860969,-466.6666666666665,-425.0,0.0,-1.9086255656108597,3.1005772323542304e-05,0.0,1.0,6.123233995736766e-17
mahesana,Mango,2013,3,1933.3333333333333,3,0.0,0.0,3.908081057337884e-05,2013-03-01,4341.666666666667,2000.0,2466.6666666666665,3723.214285714286,1766.6666666666667,1089.6666666666667,2729.9603174603167,891.2684940766483,2251.724603174603,871.907389767007,-66.66666666666674,-1789.8809523809525,0.0,-1.9086255656108597,4.197262420000229e-05,-8.819006979384882e-07,1.0,6.123233995736766e-17
mahesana,Mango,2013,4,1800.0,2,2.5,0.0833333333333333,3.4106956889848576e-05,2013-04-01,2000.0,1933.3333333333333,2000.0,2466.6666666666665,1128.8,1900.0,2133.333333333333,290.59326290273634,2279.502380952381,855.8708606984756,-133.33333333333326,-666.6666666666665,0.0,1.5212830396475772,3.908081057337884e-05,3.101184566306272e-06,0.8660254037844387,-0.4999999999999998
surat,Mango,2013,4,1070.0,5,2.5,0.0833333333333333,3.499122439679887e-05,2013-04-01,1787.5,1800.0,1933.3333333333333,2000.0,2425.0,3187.5,1911.1111111111106,101.83501544352274,2391.3690476190473,706.15809959337,-730.0,-930.0,2.4999999999997726,1.5212830396475772,3.4106956889848576e-05,-6.981399803203422e-06,0.8660254037844387,-0.4999999999999998
valsad,Mango,2013,4,3250.0,1,0.0,0.0,3.571152794216944e-05,2013-04-01,4683.333333333333,1070.0,1800.0,1933.3333333333333,3723.214285714286,3562.5,1601.1111111111106,464.761986078587,2165.535714285714,886.8119598299922,2180.0,1316.6666666666667,4.999999999999773,-0.978716960352423,3.499122439679887e-05,-3.3692826312094055e-06,0.8660254037844387,-0.4999999999999998
vadodara,Mango,2013,4,4341.666666666667,9,3.4,0.1133333333333333,3.672993713820415e-05,2013-04-01,2150.0,3250.0,1070.0,1800.0,2466.6666666666665,3133.333333333333,2039.9999999999998,1109.639581125337,2086.6666666666665,727.2627524568529,1091.666666666667,2541.666666666667,4.999999999999773,2.421283039647577,3.571152794216944e-05,2.622980248355573e-06,0.8660254037844387,-0.4999999999999998
banaskantha,Mango,2013,4,2000.0,1,5.3,0.1766666666666666,4.197262420000229e-05,2013-04-01,2450.0,4341.666666666667,3250.0,1070.0,2000.0,2040.0,2887.222222222222,1665.7300145826462,2399.1666666666665,1183.1519814086084,-2341.666666666667,930.0,5.899999999999773,4.321283039647577,3.672993713820415e-05,6.981399803203422e-06,0.8660254037844387,-0.4999999999999998
navsari,Mango,2013,4,1787.5,2,1.3,0.0433333333333333,4.1574021854146346e-05,2013-04-01,1890.0,2000.0,4341.666666666667,3250.0,1933.3333333333333,1766.6666666666667,3197.222222222222,1171.7251447395156,2399.1666666666665,1183.1519814086084,-212.5,-1462.5,8.699999999999772,0.3212830396475771,4.197262420000229e-05,5.862493911976909e-06,0.8660254037844387,-0.4999999999999998
ahmadabad,Mango,2013,4,4683.333333333333,3,6.7,0.2233333333333333,2.308900986885841e-05,2013-04-01,3750.0,1787.5,2000.0,4341.666666666667,1800.0,1128.8,2709.722222222222,1417.293570441507,2374.8611111111113,1196.0630344624035,2895.833333333333,341.66666666666606,9.999999999999773,5.721283039647577,4.1574021854146346e-05,-1.3640927269345738e-05,0.8660254037844387,-0.4999999999999998
girsomnath,Mango,2013,4,2150.0,2,0.6000000000000001,0.02,4.197262420000229e-05,2013-04-01,1950.0,4683.333333333333,1787.5,2000.0,1070.0,2425.0,2823.611111111111,1614.0675699518872,2855.4166666666665,1467.3657188232864,-2533.333333333333,150.0,13.299999999999772,-0.37871696035242286,2.308900986885841e-05,0.0,0.8660254037844387,-0.4999999999999998
bharuch,Mango,2013,4,2450.0,5,0.7,0.0233333333333333,2.9012785856542512e-05,2013-04-01,2875.0,2150.0,4683.333333333333,1787.5,3250.0,3723.214285714286,2873.611111111111,1577.7111439372304,3035.4166666666665,1255.4927928020052,300.0,662.5,8.599999999999772,-0.278716960352423,4.197262420000229e-05,-1.2561235997603835e-05,0.8660254037844387,-0.4999999999999998
dahod,Mango,2013,4,1890.0,5,5.6000000000000005,0.1866666666666666,2.8213082139682204e-05,2013-04-01,1253.8,2450.0,2150.0,4683.333333333333,4341.666666666667,2466.6666666666665,3094.444444444444,1384.1697605156487,2902.0833333333335,1270.5361674418323,-560.0,-2793.333333333333,7.999999999999773,4.621283039647578,2.9012785856542512e-05,5.124072270823793e-06,0.8660254037844387,-0.4999999999999998
ahmadabad,Mango,2013,5,3750.0,4,0.0,0.0,2.2132935282320857e-05,2013-05-01,1750.0,1890.0,2450.0,2150.0,2000.0,2000.0,2163.333333333333,280.2379940931436,2493.472222222222,1097.4010227030196,1860.0,1600.0,6.899999999999773,-7.417019969278034,2.8213082139682204e-05,-1.9839688917681434e-05,0.49999999999999994,-0.8660254037844387
mahesana,Mango,2013,5,1950.0,2,0.0,0.0,3.192038895853012e-05,2013-05-01,3878.846153846154,3750.0,1890.0,2450.0,1787.5,1933.3333333333333,2696.6666666666665,954.2187030934537,2785.1388888888887,1170.1602948915772,-1800.0,-500.0,6.299999999999773,-7.417019969278034,2.2132935282320857e-05,2.9076031019876057e-06,0.49999999999999994,-0.8660254037844387
bharuch,Mango,2013,5,2875.0,4,0.3,0.0096774193548387,2.6573456577966388e-05,2013-05-01,1487.5,1950.0,3750.0,1890.0,4683.333333333333,1800.0,2529.9999999999995,1056.9768209379135,2812.222222222222,1144.0409213090377,925.0,985.0,5.599999999999773,-7.117019969278034,3.192038895853012e-05,-1.6396255617158168e-06,0.49999999999999994,-0.8660254037844387
surat,Mango,2013,5,1253.8,5,0.1,0.0032258064516129,3.5342187685539644e-05,2013-05-01,2480.0,2875.0,1950.0,3750.0,2150.0,1070.0,2858.3333333333335,900.1157332995318,2510.8333333333335,707.3925124474182,-1621.2,-2496.2,0.2999999999997726,-7.317019969278034,2.6573456577966388e-05,1.3209252403218787e-05,0.49999999999999994,-0.8660254037844387
valsad,Mango,2013,5,1750.0,1,5.6,0.1806451612903225,3.695850438998345e-05,2013-05-01,2900.0,1253.8,2875.0,1950.0,2450.0,3250.0,2026.2666666666664,813.2864276092081,2361.4666666666667,873.8524513135335,496.20000000000005,-200.0,0.39999999999977265,-1.817019969278034,3.5342187685539644e-05,5.038115431453331e-06,0.49999999999999994,-0.8660254037844387
vadodara,Mango,2013,5,3878.846153846154,13,0.0,0.0,3.2176057208886606e-05,2013-05-01,1766.6666666666667,1750.0,1253.8,2875.0,1890.0,4341.666666666667,1959.5999999999997,830.675315631814,2244.7999999999997,905.8120334815637,2128.846153846154,1003.8461538461538,5.999999999999773,-7.417019969278034,3.695850438998345e-05,5.602600630920219e-06,0.49999999999999994,-0.8660254037844387
navsari,Mango,2013,5,1487.5,2,1.5,0.0483870967741935,4.236417531456225e-05,2013-05-01,2125.0,3878.846153846154,1750.0,1253.8,3750.0,2000.0,2294.215384615384,1394.5768591564579,2576.2743589743586,1094.2988155850899,-2391.346153846154,233.70000000000005,5.699999999999773,-5.917019969278034,3.2176057208886606e-05,7.021987629022604e-06,0.49999999999999994,-0.8660254037844387
dahod,Mango,2013,5,2480.0,5,0.0,0.0,2.749547674239156e-05,2013-05-01,2312.5,1487.5,3878.846153846154,1750.0,1950.0,1787.5,2372.1153846153843,1311.4513985314427,2199.191025641025,994.1927551181382,992.5,730.0,7.099999999999772,-7.417019969278034,4.236417531456225e-05,-9.463027647591889e-06,0.49999999999999994,-0.8660254037844387
girsomnath,Mango,2013,5,2900.0,2,1.3,0.0419354838709677,4.197262420000229e-05,2013-05-01,3929.545454545456,2480.0,1487.5,3878.846153846154,2875.0,4683.333333333333,2615.4487179487173,1201.413281628841,2287.5243589743586,991.1646702542232,420.0,-978.8461538461538,1.4999999999997726,-6.117019969278034,2.749547674239156e-05,9.796566991115685e-06,0.49999999999999994,-0.8660254037844387
mahesana,Mango,2013,6,1766.6666666666667,3,74.89999999999999,2.4966666666666666,2.946352257956667e-05,2013-06-01,1765.1666666666667,2900.0,2480.0,1487.5,1253.8,2150.0,2289.1666666666665,725.3289483629826,2291.691025641025,994.1762050245853,-1133.3333333333333,279.16666666666674,2.7999999999997724,-50.933097826086964,4.197262420000229e-05,-1.290065273499558e-05,1.2246467991473532e-16,-1.0
bharuch,Mango,2013,6,2125.0,2,165.2,5.506666666666666,3.018831703135504e-05,2013-06-01,2985.0,1766.6666666666667,2900.0,2480.0,1750.0,2450.0,2382.222222222222,572.958533823783,2377.1688034188032,905.1547631905521,358.33333333333326,-355.0,76.19999999999976,39.36690217391303,2.946352257956667e-05,2.692840288963479e-06,1.2246467991473532e-16,-1.0
valsad,Mango,2013,6,2312.5,2,380.5,12.683333333333334,2.682071697500396e-05,2013-06-01,2950.0,2125.0,1766.6666666666667,2900.0,3878.846153846154,1890.0,2263.8888888888887,579.291553281869,2439.6688034188032,865.2556413070785,187.5,-587.5,241.39999999999975,254.66690217391306,3.018831703135504e-05,-1.515190722499833e-05,1.2246467991473532e-16,-1.0
vadodara,Mango,2013,6,3929.545454545456,11,135.6,4.52,2.717338399229286e-05,2013-06-01,3928.571428571429,2312.5,2125.0,1766.6666666666667,1487.5,3750.0,2068.055555555555,277.3364549771174,2178.6111111111113,505.83996883805065,1617.0454545454559,2162.878787878789,620.5999999999997,9.766902173913039,2.682071697500396e-05,-2.2901385872738083e-06,1.2246467991473532e-16,-1.0
surat,Mango,2013,6,1765.1666666666667,6,264.7,8.823333333333332,3.33090365393443e-05,2013-06-01,1850.0,3929.545454545456,2312.5,2125.0,2480.0,1950.0,2789.015151515152,992.167370758492,2585.6186868686873,758.0997133811175,-2164.378787878789,-359.83333333333326,681.2999999999997,138.86690217391305,2.717338399229286e-05,3.120719507989261e-06,1.2246467991473532e-16,-1.0
navsari,Mango,2013,6,2985.0,2,383.8,12.793333333333331,3.338371765818325e-05,2013-06-01,2578.5714285714284,1765.1666666666667,3929.545454545456,2312.5,2900.0,2875.0,2669.070707070707,1125.3847725158773,2466.479797979798,830.7102549633418,1219.8333333333333,672.5,780.7999999999997,257.96690217391307,3.33090365393443e-05,6.563000683179287e-06,1.2246467991473532e-16,-1.0
girsomnath,Mango,2013,6,2950.0,2,169.20000000000002,5.640000000000001,4.197262420000229e-05,2013-06-01,3075.0,2985.0,1765.1666666666667,3929.545454545456,1766.6666666666667,1253.8,2893.237373737374,1085.1032987872156,2480.6464646464647,840.2519748483866,-35.0,-979.5454545454559,784.0999999999998,43.36690217391306,3.338371765818325e-05,1.4799240207709431e-05,1.2246467991473532e-16,-1.0
ahmadabad,Mango,2013,6,3928.571428571429,7,110.2,3.673333333333333,2.252353647885816e-05,2013-06-01,1137.6666666666667,2950.0,2985.0,1765.1666666666667,2125.0,1750.0,2566.722222222222,694.3880265971623,2677.8686868686873,775.5337343764002,978.5714285714289,2163.4047619047624,817.6999999999998,-15.633097826086953,4.197262420000229e-05,-1.0785500060486139e-05,1.2246467991473532e-16,-1.0
banaskantha,Mango,2013,6,1850.0,1,54.0,1.8,4.197262420000229e-05,2013-06-01,2500.0,3928.571428571429,2950.0,2985.0,2312.5,3878.846153846154,3287.8571428571427,555.1507425364767,2978.4639249639254,862.9845243072056,-2078.571428571429,-1135.0,663.1999999999998,-71.83309782608696,2.252353647885816e-05,8.588906541819043e-06,1.2246467991473532e-16,-1.0
dahod,Mango,2013,6,2578.5714285714284,7,151.0,5.033333333333333,2.1469228999522176e-05,2013-06-01,3745.3125,1850.0,3928.571428571429,2950.0,3929.545454545456,1487.5,2909.523809523809,1039.8766933704155,2901.380591630592,950.5770126500677,728.5714285714284,-371.42857142857156,333.39999999999986,25.166902173913044,4.197262420000229e-05,-2.0503395200480116e-05,1.2246467991473532e-16,-1.0
navsari,Mango,2013,7,3075.0,2,691.9,22.31935483870968,2.413677427912835e-05,2013-07-01,1875.0,2578.5714285714284,1850.0,3928.571428571429,1765.1666666666667,2480.0,2785.714285714286,1054.654407077204,2676.218253968254,807.5738462216868,496.42857142857156,-853.5714285714289,315.1999999999998,320.4707599118943,2.1469228999522176e-05,1.6132378002701874e-06,-0.4999999999999997,-0.8660254037844388
surat,Mango,2013,7,1137.6666666666667,6,499.2000000000001,16.103225806451615,2.3822706742028988e-05,2013-07-01,3508.333333333333,3075.0,2578.5714285714284,1850.0,2985.0,2900.0,2501.1904761904757,616.1551012882686,2894.5238095238096,678.8144928080584,-1937.3333333333333,-712.3333333333333,896.8999999999999,127.7707599118944,2.413677427912835e-05,-1.8149917457973303e-05,-0.4999999999999997,-0.8660254037844388
bharuch,Mango,2013,7,2500.0,4,316.2,10.2,2.2501785948146127e-05,2013-07-01,2350.0,1137.6666666666667,3075.0,2578.5714285714284,2950.0,1766.6666666666667,2263.7460317460313,1006.3058103657306,2586.634920634921,981.1761564763981,1362.3333333333333,-78.57142857142844,1342.1,-55.22924008810571,2.3822706742028988e-05,1.0325569486239518e-06,-0.4999999999999997,-0.8660254037844388
vadodara,Mango,2013,7,3745.3125,16,421.5,13.596774193548388,1.9437014854664167e-05,2013-07-01,2250.0,2500.0,1137.6666666666667,3075.0,3928.571428571429,2125.0,2237.555555555555,994.973831779481,2511.6349206349205,964.9098070556041,1245.3125,670.3125,1507.2999999999997,50.0707599118943,2.2501785948146127e-05,-4.699759424464181e-06,-0.4999999999999997,-0.8660254037844388
valsad,Mango,2013,7,1875.0,1,684.1,22.06774193548388,2.5030802264353863e-05,2013-07-01,3437.5,3745.3125,2500.0,1137.6666666666667,1850.0,2312.5,2460.993055555555,1304.260462603755,2481.091765873016,912.5687563409492,-1870.3125,737.3333333333333,1236.8999999999999,312.6707599118943,1.9437014854664167e-05,1.2080955223248752e-06,-0.4999999999999997,-0.8660254037844388
ahmadabad,Mango,2013,7,3508.333333333333,6,295.8,9.541935483870969,1.7022086694368705e-05,2013-07-01,1202.1666666666667,1875.0,3745.3125,2500.0,2578.5714285714284,3929.545454545456,2706.7708333333326,952.1464409701399,2485.2584325396824,909.1616930214358,1633.333333333333,1008.333333333333,1421.7999999999997,-75.62924008810569,2.5030802264353863e-05,-5.479699253777422e-06,-0.4999999999999997,-0.8660254037844388
girsomnath,Mango,2013,7,2350.0,2,292.8,9.44516129032258,4.197262420000229e-05,2013-07-01,2175.0,3508.333333333333,1875.0,3745.3125,3075.0,1765.1666666666667,3042.881944444444,1018.3324400597442,2640.21875,1002.6737911972285,-1158.333333333333,-1395.3125,1401.3999999999999,-78.62924008810569,1.7022086694368705e-05,2.2535609345338124e-05,-0.4999999999999997,-0.8660254037844388
dahod,Mango,2013,7,2250.0,4,527.6,17.019354838709678,1.692723868389036e-05,2013-07-01,1850.0,2350.0,3508.333333333333,1875.0,1137.6666666666667,2985.0,2577.7777777777774,840.152653677593,2519.3854166666665,983.2966671968793,-100.0,375.0,1272.6999999999998,156.17075991189432,4.197262420000229e-05,-8.103563580463503e-06,-0.4999999999999997,-0.8660254037844388
valsad,Mango,2013,8,3437.5,2,380.9,12.287096774193548,6.59965067281266e-05,2013-08-01,2410.0,2250.0,2350.0,3508.333333333333,2500.0,2950.0,2702.7777777777774,699.4210568855042,2704.774305555555,747.204019859746,1187.5,-70.83333333333303,1116.1999999999998,73.71798913043477,1.692723868389036e-05,4.89744200337579e-05,-0.8660254037844384,-0.5000000000000004
surat,Mango,2013,8,1202.1666666666667,6,300.7,9.7,5.281189848298797e-05,2013-08-01,4447.916666666667,3437.5,2250.0,2350.0,3745.3125,3928.571428571429,2679.166666666666,658.6365335550057,2861.024305555555,792.469467999386,-2235.333333333333,-1147.8333333333333,1201.2999999999997,-6.482010869565215,6.59965067281266e-05,1.0839274282985676e-05,-0.8660254037844384,-0.5000000000000004
dahod,Mango,2013,8,2175.0,4,251.4,8.109677419354838,6.024852191623584e-05,2013-08-01,3411.111111111112,1202.1666666666667,3437.5,2250.0,1875.0,1850.0,2296.555555555555,1118.3936438448725,2437.1666666666665,897.9922667323566,972.8333333333333,-75.0,1209.1999999999998,-55.7820108695652,5.281189848298797e-05,4.332128323234548e-05,-0.8660254037844384,-0.5000000000000004
mahesana,Mango,2013,8,1850.0,3,151.20000000000002,4.87741935483871,5.0280576917334265e-05,2013-08-01,2000.0,2175.0,1202.1666666666667,3437.5,3508.333333333333,2578.5714285714284,2271.555555555555,1120.7903502704144,2487.1666666666665,868.2914897147822,-325.0,-1587.5,932.9999999999998,-155.9820108695652,6.024852191623584e-05,-1.571592981079234e-05,-0.8660254037844384,-0.5000000000000004
navsari,Mango,2013,8,2410.0,2,350.0,11.290322580645162,5.722135160484627e-05,2013-08-01,3800.0,1850.0,2175.0,1202.1666666666667,2350.0,3075.0,1742.3888888888885,495.2638559768452,2210.777777777778,731.3693523997539,560.0,1207.8333333333333,703.2999999999997,42.817989130434796,5.0280576917334265e-05,4.409453121858304e-06,-0.8660254037844384,-0.5000000000000004
vadodara,Mango,2013,8,4447.916666666667,12,228.9,7.383870967741935,5.04031305998852e-05,2013-08-01,2650.0,2410.0,1850.0,2175.0,2250.0,1137.6666666666667,2144.9999999999995,281.2027738128102,2220.777777777778,734.0588961132265,2037.916666666667,2272.916666666667,752.5999999999998,-78.2820108695652,5.722135160484627e-05,-9.845391316350639e-06,-0.8660254037844384,-0.5000000000000004
ahmadabad,Mango,2013,8,3411.111111111112,9,146.8,4.735483870967743,4.1705939216023214e-05,2013-08-01,4572.727272727273,4447.916666666667,2410.0,1850.0,3437.5,2500.0,2902.6388888888882,1367.2280562767842,2587.0972222222226,1170.3304144279896,-1036.8055555555547,1561.1111111111122,730.0999999999998,-160.3820108695652,5.04031305998852e-05,-8.574637701311051e-06,-0.8660254037844384,-0.5000000000000004
banaskantha,Mango,2013,8,2000.0,1,139.2,4.490322580645161,4.197262420000229e-05,2013-08-01,3233.333333333333,3411.111111111112,4447.916666666667,2410.0,1202.1666666666667,3745.3125,3423.009259259259,1019.0104315052355,2582.6990740740744,1166.5388409361071,-1411.1111111111122,-410.0,725.6999999999998,-167.98201086956522,4.1705939216023214e-05,-1.524872740484398e-05,-0.8660254037844384,-0.5000000000000004
girsomnath,Mango,2013,8,3800.0,2,143.1,4.616129032258065,4.197262420000229e-05,2013-08-01,2325.0,2000.0,3411.111111111112,4447.916666666667,2175.0,1875.0,3286.3425925925926,1228.71859640282,2715.6712962962965,1013.0787875373932,1800.0,-647.916666666667,514.8999999999997,-164.0820108695652,4.197262420000229e-05,-8.430506399882909e-06,-0.8660254037844384,-0.5000000000000004
bharuch,Mango,2013,8,2650.0,5,281.90000000000003,9.093548387096776,4.364218460320362e-05,2013-08-01,3375.0,3800.0,2000.0,3411.111111111112,1850.0,3508.333333333333,3070.37037037037,947.14211673879,2986.50462962963,1055.9339249367395,-1150.0,-761.1111111111122,429.0999999999998,-25.28201086956517,4.197262420000229e-05,1.9362453871804068e-06,-0.8660254037844384,-0.5000000000000004
vadodara,Mango,2013,9,4572.727272727273,11,281.9,9.396666666666668,6.333547523504475e-05,2013-09-01,1820.0,2650.0,3800.0,2000.0,2410.0,2350.0,2816.666666666666,911.5005942583668,3119.8379629629635,926.2729829901616,1922.727272727273,2572.727272727273,564.1999999999998,75.32696957671953,4.364218460320362e-05,2.1362851035042455e-05,-1.0,-1.8369701987210297e-16
ahmadabad,Mango,2013,9,3233.333333333333,3,305.0,10.166666666666666,4.664705449173006e-05,2013-09-01,1750.0,4572.727272727273,2650.0,3800.0,4447.916666666667,2250.0,3674.242424242424,967.5129287082722,3480.292508417509,1011.6680020459678,-1339.39393939394,-566.666666666667,706.8999999999999,98.42696957671956,6.333547523504475e-05,4.6744302917277686e-06,-1.0,-1.8369701987210297e-16
girsomnath,Mango,2013,9,2325.0,2,266.2,8.873333333333333,4.197262420000229e-05,2013-09-01,3000.0,3233.333333333333,4572.727272727273,2650.0,3411.111111111112,3437.5,3485.353535353535,985.8274078113615,3277.861952861953,894.0004782341096,-908.333333333333,-325.0,868.7999999999997,59.626969576719546,4.664705449173006e-05,-1.6695604032013293e-06,-1.0,-1.8369701987210297e-16
valsad,Mango,2013,9,3375.0,2,546.8,18.226666666666667,6.245750862843286e-05,2013-09-01,1750.0,2325.0,3233.333333333333,4572.727272727273,2000.0,1202.1666666666667,3377.0202020202014,1130.731581904079,3096.8434343434346,968.480109674126,1050.0,-1197.727272727273,853.0999999999997,340.2269695767195,4.197262420000229e-05,-8.779666066118891e-07,-1.0,-1.8369701987210297e-16
dahod,Mango,2013,9,1820.0,5,203.2,6.7733333333333325,6.744095927644928e-05,2013-09-01,2162.5,3375.0,2325.0,3233.333333333333,3800.0,2175.0,2977.7777777777774,569.7424694381721,3326.010101010101,806.098009309156,-1555.0,-1413.333333333333,1117.9999999999998,-3.373030423280454,6.245750862843286e-05,2.0793904784719222e-05,-1.0,-1.8369701987210297e-16
mahesana,Mango,2013,9,1750.0,2,206.6,6.886666666666667,5.814471261945572e-05,2013-09-01,1576.6,1820.0,3375.0,2325.0,2650.0,1850.0,2506.666666666666,793.258049649266,2996.010101010101,963.2206396315361,-70.0,-575.0,1016.1999999999998,0.02696957671955147,6.744095927644928e-05,1.6172088419453427e-05,-1.0,-1.8369701987210297e-16
bharuch,Mango,2013,9,3000.0,3,559.8,18.66,5.015676590078737e-05,2013-09-01,3900.0,1750.0,1820.0,3375.0,4572.727272727273,2410.0,2314.9999999999995,918.6539065393582,2846.010101010101,1089.6594132919802,1250.0,-375.0,956.5999999999997,353.2269695767195,5.814471261945572e-05,-1.2300742727645487e-05,-1.0,-1.8369701987210297e-16
banaskantha,Mango,2013,9,1750.0,1,247.8,8.26,4.197262420000229e-05,2013-09-01,2250.0,3000.0,1750.0,1820.0,3233.333333333333,4447.916666666667,2189.9999999999995,702.3531875061319,2583.888888888889,716.4780113449018,-1250.0,-70.0,969.5999999999997,41.22696957671957,5.015676590078737e-05,-2.546833507644699e-05,-1.0,-1.8369701987210297e-16
navsari,Mango,2013,9,2162.5,2,667.0,22.23333333333333,6.087934408415106e-05,2013-09-01,2287.5,1750.0,3000.0,1750.0,2325.0,3411.111111111112,2166.666666666666,721.6878364870486,2336.6666666666665,703.3609789195532,412.5,412.5,1014.1999999999996,460.42696957671956,4.197262420000229e-05,2.7346314646953436e-06,-1.0,-1.8369701987210297e-16
surat,Mango,2013,9,1576.6,5,675.6,22.52,5.9217210728268886e-05,2013-09-01,3533.333333333333,2162.5,1750.0,3000.0,3375.0,2000.0,2304.166666666666,636.9278478237211,2309.5833333333335,707.0191239752093,-585.9000000000001,-1423.4,1474.5999999999997,469.0269695767196,6.087934408415106e-05,9.060444827481515e-06,-1.0,-1.8369701987210297e-16
dahod,Mango,2013,10,3900.0,2,56.1,1.8096774193548388,6.091200133169663e-05,2013-10-01,1134.1666666666667,1576.6,2162.5,1750.0,1820.0,3800.0,1829.6999999999996,300.97137737669175,2009.8500000000001,522.0137306623329,2323.4,2150.0,1590.3999999999996,21.61261061946903,5.9217210728268886e-05,1.893937713169434e-05,-0.8660254037844386,0.5000000000000001
bharuch,Mango,2013,10,2250.0,3,78.2,2.52258064516129,5.12472630113882e-05,2013-10-01,2112.5,3900.0,1576.6,2162.5,1750.0,2650.0,2546.3666666666663,1208.3302956283758,2356.516666666667,914.1169518539037,-1650.0,87.5,1398.6999999999998,43.71261061946903,6.091200133169663e-05,-9.632081072762861e-06,-0.8660254037844386,0.5000000000000001
valsad,Mango,2013,10,2287.5,2,56.1,1.8096774193548388,6.72661988294936e-05,2013-10-01,2000.0,2250.0,3900.0,1576.6,3000.0,4572.727272727273,2575.533333333333,1195.418693735947,2439.85,869.4671557914106,37.5,710.9000000000001,809.8999999999999,21.61261061946903,5.12472630113882e-05,8.048988101224717e-06,-0.8660254037844386,0.5000000000000001
ahmadabad,Mango,2013,10,3533.333333333333,3,90.7,2.925806451612903,4.848301558508023e-05,2013-10-01,4050.0,2287.5,2250.0,3900.0,1750.0,3233.333333333333,2812.4999999999995,941.9892515310486,2321.1,825.1907415864563,1245.833333333333,-366.66666666666697,190.39999999999978,56.21261061946903,6.72661988294936e-05,-1.2428985746616403e-05,-0.8660254037844386,0.5000000000000001
surat,Mango,2013,10,1134.1666666666667,6,78.4,2.5290322580645164,5.95282566609265e-05,2013-10-01,3475.0,3533.333333333333,2287.5,2250.0,2162.5,2325.0,2690.277777777777,730.3482489982702,2618.322222222222,896.4381683248623,-2399.166666666666,-1115.8333333333333,224.9999999999998,43.912610619469035,4.848301558508023e-05,8.280993649538296e-06,-0.8660254037844386,0.5000000000000001
navsari,Mango,2013,10,2112.5,2,61.1,1.970967741935484,6.619485996356027e-05,2013-10-01,2900.0,1134.1666666666667,3533.333333333333,2287.5,1576.6,3375.0,2318.3333333333326,1199.8804917342675,2446.9333333333334,1080.4356395043233,978.3333333333333,-175.0,225.1999999999998,26.61261061946903,5.95282566609265e-05,-1.0713388659333372e-06,-0.8660254037844386,0.5000000000000001
mahesana,Mango,2013,10,2000.0,2,74.9,2.416129032258065,6.287937303429923e-05,2013-10-01,3500.0,2112.5,1134.1666666666667,3533.333333333333,3900.0,1820.0,2259.9999999999995,1206.3653514218377,2536.25,1014.2195617539869,-112.5,-1533.333333333333,230.1999999999998,40.412610619469035,6.619485996356027e-05,1.4396357449219003e-05,-0.8660254037844386,0.5000000000000001
girsomnath,Mango,2013,10,4050.0,2,56.7,1.829032258064516,4.197262420000229e-05,2013-10-01,1866.6666666666667,2000.0,2112.5,1134.1666666666667,2250.0,1750.0,1748.888888888888,535.3285163060077,2219.5833333333335,770.6218178270824,2050.0,2915.833333333333,214.39999999999978,22.212610619469032,6.287937303429923e-05,-1.7555632460924206e-05,-0.8660254037844386,0.5000000000000001
vadodara,Mango,2013,10,3475.0,13,73.5,2.370967741935484,6.227123242869786e-05,2013-10-01,1600.0,4050.0,2000.0,2112.5,2287.5,3000.0,2720.8333333333326,1152.4656538627771,2519.5833333333335,1075.061852225776,-575.0,1362.5,192.69999999999976,39.01261061946903,4.197262420000229e-05,-3.9236275348624084e-06,-0.8660254037844386,0.5000000000000001
valsad,Mango,2013,11,2900.0,3,2.7,0.09,6.070131515753415e-05,2013-11-01,1156.0,3475.0,4050.0,2000.0,3533.333333333333,1750.0,3174.9999999999995,1057.4142991278425,2717.5,1131.6114370420833,-575.0,900.0,205.0999999999998,-7.095056689342402,6.227123242869786e-05,-2.1780578767650787e-06,-0.5000000000000004,0.8660254037844384
ahmadabad,Mango,2013,11,3500.0,4,0.0,0.0,4.149167689621332e-05,2013-11-01,3405.0,2900.0,3475.0,4050.0,1134.1666666666667,2162.5,3474.9999999999995,575.0000000000241,2611.944444444445,1068.0442493260862,600.0,-550.0,132.89999999999978,-9.795056689342402,6.070131515753415e-05,-4.809473037889689e-07,-0.5000000000000004,0.8660254037844384
mahesana,Mango,2013,11,1866.6666666666667,3,0.0,0.0,5.4952182380259446e-05,2013-11-01,2400.0,3500.0,2900.0,3475.0,2112.5,1576.6,3291.666666666666,339.42353090697816,3006.25,821.6503970667839,-1633.3333333333333,-1608.3333333333333,76.19999999999978,-9.795056689342402,4.149167689621332e-05,-7.3190500484384116e-06,-0.5000000000000004,0.8660254037844384
banaskantha,Mango,2013,11,1600.0,1,0.0,0.0,4.197262420000229e-05,2013-11-01,2440.0,1866.6666666666667,3500.0,2900.0,2000.0,3900.0,2755.5555555555547,826.1916197787397,2965.2777777777774,879.2423611437481,-266.66666666666674,-1300.0,2.699999999999773,-9.795056689342402,5.4952182380259446e-05,-1.872869095753186e-05,-0.5000000000000004,0.8660254037844384
surat,Mango,2013,11,1156.0,4,0.0,0.0,5.391626097544033e-05,2013-11-01,2150.0,1600.0,1866.6666666666667,3500.0,4050.0,2250.0,2322.2222222222213,1028.6632822008235,2898.611111111111,976.8204751850487,-444.0,-2344.0,0.0,-9.795056689342402,4.197262420000229e-05,1.2424584079227009e-05,-0.5000000000000004,0.8660254037844384
vadodara,Mango,2013,11,3405.0,10,0.0,0.0,5.66278761800257e-05,2013-11-01,1750.0,1156.0,1600.0,1866.6666666666667,3475.0,2287.5,1540.888888888888,359.0019085887846,2416.277777777778,1008.5648861772031,2249.0,1538.3333333333333,0.0,-9.795056689342402,5.391626097544033e-05,1.6756937997662548e-06,-0.5000000000000004,0.8660254037844384
dahod,Mango,2013,11,2400.0,3,0.0,0.0,5.201734922131763e-05,2013-11-01,1733.3333333333333,3405.0,1156.0,1600.0,2900.0,3533.333333333333,2053.6666666666656,1191.159239284721,2404.6111111111113,994.1707972345995,-1005.0,800.0,0.0,-9.795056689342402,5.66278761800257e-05,1.0044725021315337e-05,-0.5000000000000004,0.8660254037844384
navsari,Mango,2013,11,2440.0,3,1.4,0.0466666666666666,6.001887013506912e-05,2013-11-01,1750.0,2400.0,3405.0,1156.0,3500.0,1134.1666666666667,2320.3333333333326,1126.61454514548,2321.277777777778,964.8649972731772,40.0,1284.0,0.0,-8.395056689342402,5.201734922131763e-05,6.1026091596287895e-06,-0.5000000000000004,0.8660254037844384
girsomnath,Mango,2013,11,2150.0,2,0.0,0.0,4.197262420000229e-05,2013-11-01,2550.0,2440.0,2400.0,3405.0,1866.6666666666667,2112.5,2748.333333333332,569.0415919186916,2144.6111111111113,786.4177690053889,-290.0,-1255.0,1.3999999999997725,-9.795056689342402,6.001887013506912e-05,-1.465525198002341e-05,-0.5000000000000004,0.8660254037844384
bharuch,Mango,2013,11,1750.0,2,0.0,0.0,4.658366755151466e-05,2013-11-01,3331.25,2150.0,2440.0,2400.0,1600.0,2000.0,2329.999999999999,157.16233645509092,2191.8333333333335,774.8110522357514,-400.0,-650.0,1.3999999999997725,-9.795056689342402,4.197262420000229e-05,-5.433681669802968e-06,-0.5000000000000004,0.8660254037844384
dahod,Mango,2013,12,1733.3333333333333,6,0.0,0.0,4.9394392143630287e-05,2013-12-01,4261.111111111111,1750.0,2150.0,2440.0,1156.0,4050.0,2113.3333333333326,346.45827069555634,2216.8333333333335,754.0372448802992,-16.666666666666742,-706.6666666666667,1.3999999999997725,-3.6994424213174213,4.658366755151466e-05,-1.0624477991438834e-05,-2.4492935982947064e-16,1.0
banaskantha,Mango,2013,12,1750.0,1,0.0,0.0,4.197262420000229e-05,2013-12-01,3325.0,1733.3333333333333,1750.0,2150.0,3405.0,3475.0,1877.7777777777767,235.898597172957,2313.0555555555557,615.7456335088301,16.666666666666742,-400.0,0.0,-3.6994424213174213,4.9394392143630287e-05,0.0,-2.4492935982947064e-16,1.0
bharuch,Mango,2013,12,2550.0,5,0.1,0.0032258064516129,4.290448116651235e-05,2013-12-01,1656.0,1750.0,1733.3333333333333,1750.0,2400.0,2900.0,1744.4444444444434,9.622504487542185,2037.2222222222224,335.8267851581167,800.0,800.0,0.0,-3.599442421317421,4.197262420000229e-05,-3.679186385002311e-06,-2.4492935982947064e-16,1.0
vadodara,Mango,2013,12,3331.25,12,0.3,0.0096774193548387,5.181977540782548e-05,2013-12-01,3625.0,2550.0,1750.0,1733.3333333333333,2440.0,3500.0,2011.1111111111102,466.76586247324457,2062.222222222222,371.88209999447736,781.25,1597.9166666666667,0.09999999999977263,-3.3994424213174215,4.290448116651235e-05,2.4253832641951928e-06,-2.4492935982947064e-16,1.0
ahmadabad,Mango,2013,12,4261.111111111111,9,0.0,0.0,3.805047920468666e-05,2013-12-01,2692.5,3331.25,2550.0,1750.0,2150.0,1866.6666666666667,2543.749999999999,790.6435274509137,2210.7638888888887,636.6803236246164,929.8611111111113,2511.1111111111113,0.39999999999977265,-3.6994424213174213,5.181977540782548e-05,-3.922144995315634e-06,-2.4492935982947064e-16,1.0
girsomnath,Mango,2013,12,3325.0,2,0.0,0.0,4.197262420000229e-05,2013-12-01,2087.5,4261.111111111111,3331.25,2550.0,1750.0,1600.0,3380.7870370370365,856.6304612671726,2562.615740740741,1047.3053327493124,-936.1111111111113,775.0,0.3999999999997726,-3.6994424213174213,3.805047920468666e-05,-9.318569665100581e-07,-2.4492935982947064e-16,1.0
surat,Mango,2013,12,1656.0,5,0.1,0.0032258064516129,4.595263477261539e-05,2013-12-01,2500.0,3325.0,4261.111111111111,3331.25,1733.3333333333333,1156.0,3639.12037037037,538.6688470669519,2825.115740740741,999.168676119543,-1669.0,-1675.25,0.29999999999977256,-3.599442421317421,4.197262420000229e-05,-5.8671406352100915e-06,-2.4492935982947064e-16,1.0
valsad,Mango,2013,12,3625.0,1,0.1,0.0032258064516129,5.299488911322019e-05,2013-12-01,3362.5,1656.0,3325.0,4261.111111111111,1750.0,3405.0,3080.703703703703,1319.6255096036655,2812.2268518518517,1016.4188374951655,1969.0,-636.1111111111113,0.09999999999977263,-3.599442421317421,4.595263477261539e-05,1.4944409908533533e-05,-2.4492935982947064e-16,1.0
navsari,Mango,2013,12,2692.5,2,0.1,0.0032258064516129,5.253151224765157e-05,2013-12-01,1175.0,3625.0,1656.0,3325.0,2550.0,2400.0,2868.6666666666656,1060.8583003084616,3124.7268518518517,906.8487273664408,-932.5,-632.5,0.19999999999977264,-3.599442421317421,5.299488911322019e-05,1.0558888047649281e-05,-2.4492935982947064e-16,1.0
mahesana,Mango,2013,12,2087.5,2,0.0,0.0,4.8693118813483306e-05,2013-12-01,3600.0,2692.5,3625.0,1656.0,3331.25,2440.0,2657.8333333333326,984.957655604218,3148.4768518518517,890.5052266946992,-605.0,431.5,0.30000000000000004,-3.6994424213174213,5.253151224765157e-05,2.7404840408679182e-06,-2.4492935982947064e-16,1.0
banaskantha,Mango,2014,1,2500.0,1,0.0,0.0,4.197262420000229e-05,2014-01-01,2414.285714285714,2087.5,2692.5,3625.0,4261.111111111111,2150.0,2801.6666666666656,774.541531057798,2941.1851851851848,979.7392142726255,412.5,-1125.0,0.19999999999977264,-1.0126696832579185,4.8693118813483306e-05,-1.1022264913217899e-05,0.49999999999999994,0.8660254037844387
bharuch,Mango,2014,1,3362.5,6,15.3,0.4935483870967742,4.281688287448537e-05,2014-01-01,6622.222222222223,2500.0,2087.5,2692.5,3325.0,1750.0,2426.6666666666656,309.09478050163926,2647.6666666666665,739.5898638209358,862.5,670.0,0.09999999999977263,14.287330316742082,4.197262420000229e-05,-9.714629373166202e-06,0.49999999999999994,0.8660254037844387
dahod,Mango,2014,1,1175.0,4,24.4,0.7870967741935483,5.0147031886804455e-05,2014-01-01,3225.0,3362.5,2500.0,2087.5,1656.0,1733.3333333333333,2649.999999999999,650.6006839836738,2653.9166666666665,746.5839146851949,-2187.5,-912.5,15.299999999999773,23.38733031674208,4.281688287448537e-05,1.4539130733211492e-06,0.49999999999999994,0.8660254037844387
girsomnath,Mango,2014,1,3600.0,1,0.0,0.0,4.197262420000229e-05,2014-01-01,1220.625,1175.0,3362.5,2500.0,3625.0,1750.0,2345.8333333333326,1101.868677898304,2573.75,887.6637172938882,2425.0,1100.0,39.699999999999775,-1.0126696832579185,5.0147031886804455e-05,0.0,0.49999999999999994,0.8660254037844387
vadodara,Mango,2014,1,2414.285714285714,7,23.8,0.767741935483871,5.156288685347784e-05,2014-01-01,2638.6363636363635,3600.0,1175.0,3362.5,2692.5,2550.0,2712.499999999999,1336.7988816572313,2569.5833333333335,881.7814591307024,-1185.7142857142858,-948.2142857142858,39.699999999999775,22.787330316742082,4.197262420000229e-05,8.74600397899247e-06,0.49999999999999994,0.8660254037844387
ahmadabad,Mango,2014,1,6622.222222222223,9,4.1,0.132258064516129,4.375416162986223e-05,2014-01-01,3300.0,2414.285714285714,3600.0,1175.0,2087.5,3331.25,2396.4285714285706,1212.598617912493,2523.214285714286,881.3400048117846,4207.936507936509,5447.222222222223,48.199999999999775,3.087330316742081,5.156288685347784e-05,-6.392870256942222e-06,0.49999999999999994,0.8660254037844387
navsari,Mango,2014,1,3225.0,2,1.8,0.0580645161290322,4.830483708513606e-05,2014-01-01,2400.0,6622.222222222223,2414.285714285714,3600.0,2500.0,4261.111111111111,4212.1693121693115,2169.734053698204,3279.0013227513227,1847.6220324010196,-3397.2222222222226,-375.0,27.89999999999977,0.7873303167420815,4.375416162986223e-05,6.3322128851337695e-06,0.49999999999999994,0.8660254037844387
surat,Mango,2014,1,1220.625,8,6.2,0.2,4.25835061838851e-05,2014-01-01,3250.0,3225.0,6622.222222222223,2414.285714285714,3362.5,3325.0,4087.1693121693115,2232.5286909334745,3399.834656084656,1809.8068840852766,-2004.375,-1193.6607142857142,29.699999999999772,5.187330316742082,4.830483708513606e-05,-8.979380669592741e-06,0.49999999999999994,0.8660254037844387
vadodara,Mango,2014,2,2638.6363636363635,11,1.1,0.0392857142857142,4.963128467696571e-05,2014-02-01,2905.0,1220.625,3225.0,6622.222222222223,1175.0,1656.0,3689.282407407407,2730.564365319146,3042.8554894179892,2017.9177824894539,1418.0113636363635,-3983.585858585859,12.099999999999772,0.7624450343200344,4.25835061838851e-05,5.877123047103476e-06,0.8660254037844386,0.5000000000000001
girsomnath,Mango,2014,2,3300.0,1,0.0,0.0,4.197262420000229e-05,2014-02-01,1824.5,2638.6363636363635,1220.625,3225.0,3600.0,3625.0,2361.420454545454,1030.5417411954245,3286.7948833573832,1826.3313658392553,661.3636363636365,75.0,9.099999999999772,-0.3375549656799657,4.963128467696571e-05,-6.3322128851337695e-06,0.8660254037844386,0.5000000000000001
dahod,Mango,2014,2,2400.0,3,7.5,0.2678571428571428,4.699860610688233e-05,2014-02-01,2365.0,3300.0,2638.6363636363635,1220.625,2414.285714285714,2692.5,2386.420454545454,1062.3839919046166,3236.7948833573832,1820.137809027428,-900.0,1179.375,7.299999999999773,7.162445034320035,4.197262420000229e-05,4.415099922997229e-06,0.8660254037844386,0.5000000000000001
valsad,Mango,2014,2,3250.0,1,1.8,0.0642857142857143,4.077320970690948e-05,2014-02-01,3595.454545454545,2400.0,3300.0,2638.6363636363635,6622.222222222223,2087.5,2779.545454545454,466.2526449529745,3234.413930976431,1821.4378138853117,850.0,611.3636363636365,8.599999999999774,1.4624450343200344,4.699860610688233e-05,-8.858074970056227e-06,0.8660254037844386,0.5000000000000001
bharuch,Mango,2014,2,2905.0,5,2.1,0.075,3.941232872396328e-05,2014-02-01,2125.0,3250.0,2400.0,3300.0,3225.0,2500.0,2983.3333333333326,505.799696849809,2672.376893939394,801.9803826231879,-345.0,-395.0,9.299999999999773,1.7624450343200344,4.077320970690948e-05,-2.560295476039011e-06,0.8660254037844386,0.5000000000000001
surat,Mango,2014,2,1824.5,8,1.1,0.0392857142857142,3.861613702253773e-05,2014-02-01,2312.5,2905.0,3250.0,2400.0,1220.625,3362.5,2851.666666666666,427.5024366402585,2619.0435606060605,767.7912758056998,-1080.5,-575.5,11.399999999999775,0.7624450343200344,3.941232872396328e-05,-8.382469084344598e-06,0.8660254037844386,0.5000000000000001
navsari,Mango,2014,2,2365.0,3,0.7,0.0249999999999999,4.3631563835020085e-05,2014-02-01,1608.3333333333333,1824.5,2905.0,3250.0,2638.6363636363635,1175.0,2659.8333333333326,743.7019452262831,2719.689393939394,559.0106819132499,540.5,-885.0,4.999999999999774,0.3624450343200343,3.861613702253773e-05,2.858354128110603e-06,0.8660254037844386,0.5000000000000001
ahmadabad,Mango,2014,2,3595.454545454545,11,2.3000000000000003,0.0821428571428571,4.308717327823502e-05,2014-02-01,1400.0,2365.0,1824.5,2905.0,3300.0,3600.0,2364.8333333333326,540.250019281218,2674.0833333333335,577.7923863003653,1230.454545454545,690.454545454545,3.899999999999774,1.9624450343200346,4.3631563835020085e-05,3.674844554271738e-06,0.8660254037844386,0.5000000000000001
banaskantha,Mango,2014,2,2125.0,2,0.0,0.0,4.197262420000229e-05,2014-02-01,1600.0,3595.454545454545,2365.0,1824.5,2400.0,2414.285714285714,2594.9848484848476,907.6011091972075,2723.3257575757575,649.8960758731084,-1470.454545454545,300.5,4.099999999999774,-0.3375549656799657,4.308717327823502e-05,3.3564871774645615e-06,0.8660254037844386,0.5000000000000001
valsad,Mango,2014,3,2312.5,2,0.7,0.0225806451612903,3.7283416610772304e-05,2014-03-01,8360.0,2125.0,3595.454545454545,2365.0,3250.0,6622.222222222223,2695.151515151514,788.8657425567661,2677.492424242424,685.9554719041647,187.5,-52.5,2.999999999999774,-1.2086255656108598,4.197262420000229e-05,-6.348147224247781e-06,1.0,6.123233995736766e-17
navsari,Mango,2014,3,1608.3333333333333,3,0.8999999999999999,0.0290322580645161,4.283016558981344e-05,2014-03-01,1440.4444444444443,2312.5,2125.0,3595.454545454545,2905.0,3225.0,2677.651515151514,800.3504634377946,2521.242424242424,634.2940513091505,-704.1666666666667,-1987.1212121212118,2.9999999999997744,-1.0086255656108598,3.7283416610772304e-05,-2.570076884215761e-07,1.0,6.123233995736766e-17
dahod,Mango,2014,3,1400.0,3,4.7,0.1516129032258064,3.408869812359436e-05,2014-03-01,3129.1666666666665,1608.3333333333333,2312.5,2125.0,1824.5,1220.625,2015.2777777777774,364.6805425960777,2305.131313131313,695.3493761944334,-208.33333333333326,-725.0,1.5999999999997734,2.7913744343891405,4.283016558981344e-05,-7.883926076407934e-06,1.0,6.123233995736766e-17
girsomnath,Mango,2014,3,1600.0,1,4.4,0.1419354838709677,4.197262420000229e-05,2014-03-01,2422.222222222222,1400.0,1608.3333333333333,2312.5,2365.0,2638.6363636363635,1773.6111111111104,478.1753029699368,2234.381313131313,771.4631079602478,200.0,-712.5,6.299999999999773,2.4913744343891406,3.408869812359436e-05,4.6892075892299875e-06,1.0,6.123233995736766e-17
ahmadabad,Mango,2014,3,8360.0,10,0.2,0.0064516129032258,3.0401330635931143e-05,2014-03-01,2375.0,1600.0,1400.0,1608.3333333333333,3595.454545454545,3300.0,1536.1111111111104,117.94929858653917,2106.881313131313,807.9130576750615,6760.0,6751.666666666667,9.999999999999773,-1.7086255656108598,4.197262420000229e-05,-1.24288349538823e-05,1.0,6.123233995736766e-17
surat,Mango,2014,3,1440.4444444444443,9,4.3,0.1387096774193548,3.632836816953544e-05,2014-03-01,2850.0,8360.0,1600.0,1400.0,2125.0,2400.0,3786.666666666666,3961.8850732111555,2900.9722222222226,2696.878875903829,-6919.555555555556,40.44444444444434,9.299999999999773,2.39137443438914,3.0401330635931143e-05,2.2396700459410845e-06,1.0,6.123233995736766e-17
bharuch,Mango,2014,3,3129.1666666666665,6,2.9,0.0935483870967742,3.396720832466167e-05,2014-03-01,2000.0,1440.4444444444443,8360.0,1600.0,2312.5,3250.0,3800.1481481481474,3949.753305835032,2786.8796296296296,2750.224868565278,1688.7222222222222,1529.1666666666665,8.899999999999775,0.9913744343891402,3.632836816953544e-05,-8.005415875340623e-06,1.0,6.123233995736766e-17
vadodara,Mango,2014,3,2422.222222222222,9,1.2,0.0387096774193548,4.268537272931497e-05,2014-03-01,3135.714285714286,3129.1666666666665,1440.4444444444443,8360.0,1608.3333333333333,2905.0,4309.8703703703695,3607.7150938730874,2922.990740740741,2742.249117555994,-706.9444444444443,-5937.777777777777,7.399999999999773,-0.7086255656108598,3.396720832466167e-05,1.2284042093383828e-05,1.0,6.123233995736766e-17
banaskantha,Mango,2014,3,2375.0,2,0.0,0.0,4.197262420000229e-05,2014-03-01,2350.0,2422.222222222222,3129.1666666666665,1440.4444444444443,1400.0,1824.5,2330.6111111111104,848.0802631331992,3058.6388888888887,2683.7173324847413,-47.22222222222217,934.5555555555557,8.399999999999773,-1.9086255656108597,4.268537272931497e-05,5.644256030466849e-06,1.0,6.123233995736766e-17
girsomnath,Mango,2014,4,2850.0,1,0.3,0.01,4.197262420000229e-05,2014-04-01,2740.3846153846152,2375.0,2422.222222222222,3129.1666666666665,1600.0,2365.0,2642.129629629629,422.44679091252544,3221.1388888888887,2591.120810385411,475.0,-279.1666666666665,4.099999999999773,-0.678716960352423,4.197262420000229e-05,8.005415875340623e-06,0.8660254037844387,-0.4999999999999998
navsari,Mango,2014,4,2000.0,3,0.0,0.0,4.128047263003763e-05,2014-04-01,2375.0,2850.0,2375.0,2422.222222222222,8360.0,3595.454545454545,2549.0740740740735,261.67688900380693,3429.472222222222,2482.6909344971978,-850.0,-422.2222222222222,1.4999999999997735,-0.978716960352423,4.197262420000229e-05,-1.404900099277341e-06,0.8660254037844387,-0.4999999999999998
bharuch,Mango,2014,4,3135.714285714286,7,0.0,0.0,3.0410027102341146e-05,2014-04-01,2625.0,2000.0,2850.0,2375.0,1440.4444444444443,2125.0,2408.3333333333326,425.97926397110064,2369.472222222222,601.7404835707073,1135.7142857142858,760.7142857142858,0.2999999999997735,-0.978716960352423,4.128047263003763e-05,-1.1562597097661146e-05,0.8660254037844387,-0.4999999999999998
dahod,Mango,2014,4,2350.0,4,0.2,0.0066666666666666,3.0123633254249124e-05,2014-04-01,7730.0,3135.714285714286,2000.0,2850.0,3129.1666666666665,2312.5,2661.9047619047615,590.759340712852,2652.0171957671955,459.4567146899076,-785.7142857142858,-500.0,0.2999999999997735,-0.7787169603524229,3.0410027102341146e-05,-1.1848990945753167e-05,0.8660254037844387,-0.4999999999999998
vadodara,Mango,2014,4,2740.3846153846152,13,0.3,0.01,3.6948493398557165e-05,2014-04-01,1390.4,2350.0,3135.714285714286,2000.0,2422.222222222222,1608.3333333333333,2495.238095238095,581.6204199692421,2522.1560846560847,404.4407702627373,390.38461538461524,740.3846153846152,0.19999999999977353,-0.678716960352423,3.0123633254249124e-05,-4.331979231480465e-06,0.8660254037844387,-0.4999999999999998
banaskantha,Mango,2014,4,2375.0,2,0.4,0.0133333333333333,4.197262420000229e-05,2014-04-01,3625.0,2740.3846153846152,2350.0,3135.714285714286,2375.0,1400.0,2742.0329670329666,392.8597364089031,2575.1831501831502,409.54300871730004,-365.38461538461524,-760.7142857142858,0.4999999999997735,-0.5787169603524229,3.6948493398557165e-05,1.1562597097661146e-05,0.8660254037844387,-0.4999999999999998
valsad,Mango,2014,4,2625.0,1,1.5,0.05,3.553423394218085e-05,2014-04-01,1350.0,2375.0,2740.3846153846152,2350.0,2850.0,1600.0,2488.4615384615377,218.52958041148617,2575.18315018315,409.54300871730004,250.0,275.0,0.8999999999997735,0.521283039647577,4.197262420000229e-05,5.410600687931725e-06,0.8660254037844387,-0.4999999999999998
ahmadabad,Mango,2014,4,7730.0,10,2.9,0.0966666666666666,2.4960565139402498e-05,2014-04-01,1370.0,2625.0,2375.0,2740.3846153846152,2000.0,8360.0,2580.1282051282046,186.77951646588724,2537.68315018315,389.13938313373296,5105.0,4989.615384615385,2.1999999999997737,1.921283039647577,3.553423394218085e-05,-1.1987928259154668e-05,0.8660254037844387,-0.4999999999999998
surat,Mango,2014,4,1390.4,5,0.0,0.0,3.507870755179684e-05,2014-04-01,3266.6666666666665,7730.0,2625.0,2375.0,3135.714285714286,1440.4444444444443,4243.333333333333,3022.1281133223592,3492.68315018315,2095.521338303649,-6339.6,-984.5999999999999,4.799999999999773,-0.978716960352423,2.4960565139402498e-05,-6.89391664820545e-06,0.8660254037844387,-0.4999999999999998
valsad,Mango,2014,5,3625.0,2,0.4,0.0129032258064516,3.618522063729293e-05,2014-05-01,2812.5,1390.4,7730.0,2625.0,2350.0,3129.1666666666665,3915.1333333333328,3360.947047088568,3201.7974358974357,2268.943766474627,2234.6,1000.0,4.399999999999773,-7.017019969278033,3.507870755179684e-05,6.509866951120785e-07,0.49999999999999994,-0.8660254037844387
girsomnath,Mango,2014,5,1350.0,1,0.0,0.0,4.197262420000229e-05,2014-05-01,1260.428571428571,3625.0,1390.4,7730.0,2740.3846153846152,2422.222222222222,4248.466666666666,3215.457207510833,3414.2974358974357,2232.6277394846575,-2275.0,-6380.0,3.299999999999773,-7.417019969278034,3.618522063729293e-05,1.7012059060599794e-05,0.49999999999999994,-0.8660254037844387
navsari,Mango,2014,5,1370.0,3,0.0,0.0,4.13460921330712e-05,2014-05-01,2750.0,1350.0,3625.0,1390.4,2375.0,2375.0,2121.7999999999993,1301.9660978689224,3182.566666666667,2383.6150542121245,20.0,-20.40000000000009,0.39999999999977354,-7.417019969278034,4.197262420000229e-05,6.2673845812743576e-06,0.49999999999999994,-0.8660254037844387
dahod,Mango,2014,5,3266.6666666666665,3,0.8,0.0258064516129032,2.9487871148509968e-05,2014-05-01,5054.545454545455,1370.0,1350.0,3625.0,2625.0,2850.0,2114.9999999999995,1307.736594272726,3015.066666666667,2484.874247656543,1896.6666666666665,-358.3333333333335,0.39999999999977354,-6.617019969278034,4.13460921330712e-05,-6.697349488782959e-06,0.49999999999999994,-0.8660254037844387
vadodara,Mango,2014,5,2812.5,12,0.0,0.0,3.302364697322768e-05,2014-05-01,3350.0,3266.6666666666665,1370.0,1350.0,7730.0,2000.0,1995.5555555555547,1100.8599332306633,3122.011111111111,2478.528918681552,-454.1666666666665,1462.5,0.7999999999997736,-7.417019969278034,2.9487871148509968e-05,-8.948977226774609e-06,0.49999999999999994,-0.8660254037844387
surat,Mango,2014,5,1260.428571428571,7,0.1,0.0032258064516129,3.6297492665418825e-05,2014-05-01,2375.0,2812.5,3266.6666666666665,1370.0,1390.4,3135.714285714286,2483.0555555555547,990.3213329988507,2302.4277777777775,1053.3244979411477,-1552.071428571429,-109.5714285714289,0.7999999999997736,-7.317019969278034,3.302364697322768e-05,-5.048599467652374e-06,0.49999999999999994,-0.8660254037844387
banaskantha,Mango,2014,5,2750.0,2,0.9,0.0290322580645161,4.197262420000229e-05,2014-05-01,1214.7142857142858,1260.428571428571,2812.5,3266.6666666666665,3625.0,2350.0,2446.531746031745,1051.9968611552997,2280.7658730158732,1076.9043355564575,1489.571428571429,-516.6666666666665,0.8999999999997735,-6.517019969278033,3.6297492665418825e-05,1.2484753051492323e-05,0.49999999999999994,-0.8660254037844387
ahmadabad,Mango,2014,5,5054.545454545455,11,0.0,0.0,2.3239107558223665e-05,2014-05-01,6575.0,2750.0,1260.428571428571,2812.5,1350.0,2740.3846153846152,2274.309523809523,878.6025846198658,2134.9325396825398,903.7948717283797,2304.545454545455,2242.045454545455,0.9999999999997735,-7.417019969278034,4.197262420000229e-05,-9.784539415004017e-06,0.49999999999999994,-0.8660254037844387
bharuch,Mango,2014,5,3350.0,7,0.0,0.0,2.833811564041712e-05,2014-05-01,2235.0,5054.545454545455,2750.0,1260.428571428571,1370.0,2375.0,3021.6580086580084,1911.5907736592574,2752.3567821067822,1393.1956187697062,-1704.545454545455,2089.571428571429,0.9999999999997735,-7.417019969278034,2.3239107558223665e-05,-7.959377025001706e-06,0.49999999999999994,-0.8660254037844387
dahod,Mango,2014,6,2375.0,4,14.9,0.4966666666666667,2.6739116852347926e-05,2014-06-01,2500.0,3350.0,5054.545454545455,2750.0,3266.6666666666665,2625.0,3718.181818181818,1195.5755210133361,3082.3567821067822,1224.568275242557,-975.0,-375.0,0.8999999999997735,-110.93309782608695,2.833811564041712e-05,-1.5233507347654365e-05,1.2246467991473532e-16,-1.0
surat,Mango,2014,6,1214.7142857142858,7,18.6,0.62,3.703599116502337e-05,2014-06-01,2675.0,2375.0,3350.0,5054.545454545455,2812.5,7730.0,3593.181818181818,1356.2241733078245,2933.745670995671,1251.535793593181,-1160.2857142857142,-3839.831168831169,14.899999999999775,-107.23309782608695,2.6739116852347926e-05,1.3796883606799702e-05,1.2246467991473532e-16,-1.0
ahmadabad,Mango,2014,6,6575.0,8,2.8000000000000003,0.0933333333333333,1.997316834987928e-05,2014-06-01,3000.0,1214.7142857142858,2375.0,3350.0,1260.428571428571,1390.4,2313.238095238095,1068.9818380440588,2667.4480519480517,1438.5125006484468,5360.285714285714,3225.0,33.49999999999977,-123.03309782608696,3.703599116502337e-05,-8.364947290537838e-06,1.2246467991473532e-16,-1.0
navsari,Mango,2014,6,2235.0,3,34.3,1.143333333333333,4.378473668558028e-05,2014-06-01,3208.333333333333,6575.0,1214.7142857142858,2375.0,2750.0,3625.0,3388.238095238095,2820.133740255096,3553.2099567099563,1945.682634409212,-4340.0,-140.0,36.29999999999978,-91.53309782608696,1.997316834987928e-05,1.7045619833232355e-05,1.2246467991473532e-16,-1.0
banaskantha,Mango,2014,6,2500.0,1,1.7,0.0566666666666666,4.197262420000229e-05,2014-06-01,3102.5,2235.0,6575.0,1214.7142857142858,5054.545454545455,1350.0,3341.571428571428,2846.3206037956907,3467.3766233766232,1998.8362443157991,265.0,1285.2857142857142,55.699999999999775,-124.13309782608695,4.378473668558028e-05,4.936633034978923e-06,1.2246467991473532e-16,-1.0
vadodara,Mango,2014,6,2675.0,11,8.9,0.2966666666666667,2.887152095341964e-05,2014-06-01,3000.0,2500.0,2235.0,6575.0,3350.0,1370.0,3769.9999999999995,2432.8121587989544,3041.6190476190477,1860.4207701960527,175.0,-3900.0,38.79999999999978,-116.93309782608695,4.197262420000229e-05,8.898352603540358e-06,1.2246467991473532e-16,-1.0
gandhinagar,Mango,2014,6,3000.0,1,2.2,0.0733333333333333,3.086218710560145e-05,2014-06-01,4000.0,2675.0,2500.0,2235.0,2375.0,3266.6666666666665,2469.9999999999995,221.52877916881855,2929.1190476190477,1858.4509907538638,325.0,765.0,44.89999999999978,-123.63309782608695,2.887152095341964e-05,-1.2922549579978832e-05,1.2246467991473532e-16,-1.0
valsad,Mango,2014,6,3208.333333333333,3,49.4,1.6466666666666667,4.013923485814376e-05,2014-06-01,3455.0,3000.0,2675.0,2500.0,1214.7142857142858,2812.5,2724.9999999999995,253.72228912735983,3033.285714285714,1838.5903539929502,208.33333333333303,708.333333333333,12.79999999999978,-76.43309782608696,3.086218710560145e-05,-1.8333893418585317e-06,1.2246467991473532e-16,-1.0
girsomnath,Mango,2014,6,3102.5,2,46.1,1.5366666666666666,4.197262420000229e-05,2014-06-01,3062.5,3208.333333333333,3000.0,2675.0,6575.0,1260.428571428571,2961.111111111111,268.78498910913584,3365.555555555555,1610.1610225435595,-105.83333333333303,427.5,60.49999999999978,-79.73309782608695,4.013923485814376e-05,1.3101103246582652e-05,1.2246467991473532e-16,-1.0
bharuch,Mango,2014,6,3000.0,5,14.8,0.4933333333333333,2.7180598067637752e-05,2014-06-01,2871.428571428572,3102.5,3208.333333333333,3000.0,2235.0,2750.0,3103.611111111111,104.17111101643575,2786.805555555555,380.0125789828425,-102.5,0.0,97.69999999999979,-111.03309782608696,4.197262420000229e-05,-3.681589037963697e-06,1.2246467991473532e-16,-1.0
mahesana,Mango,2014,7,4000.0,1,277.4,8.948387096774193,3.019246942349234e-05,2014-07-01,1372.7,3000.0,3102.5,3208.333333333333,2500.0,5054.545454545455,3103.611111111111,104.17111101643575,2914.305555555555,270.36005656381707,1000.0,791.666666666667,110.29999999999978,-94.02924008810572,2.7180598067637752e-05,-9.946765434651418e-06,-0.4999999999999997,-0.8660254037844388
girsomnath,Mango,2014,7,3455.0,2,273.4,8.819354838709677,4.197262420000229e-05,2014-07-01,2600.0,4000.0,3000.0,3102.5,2675.0,3350.0,3367.4999999999995,550.1533877020378,3164.305555555555,446.6667962271827,-545.0,352.5,338.2999999999998,-98.02924008810572,3.019246942349234e-05,0.0,-0.4999999999999997,-0.8660254037844388
valsad,Mango,2014,7,3062.5,2,579.5,18.693548387096776,3.495414875865893e-05,2014-07-01,1666.6666666666667,3455.0,4000.0,3000.0,3000.0,2375.0,3484.9999999999995,500.67454498908654,3294.305555555555,385.02973069429515,-392.5,62.5,565.5999999999997,208.0707599118943,4.197262420000229e-05,7.77355069102118e-06,-0.4999999999999997,-0.8660254037844388
bharuch,Mango,2014,7,2871.428571428572,7,240.5,7.758064516129032,2.861799088771233e-05,2014-07-01,2759.090909090909,3062.5,3455.0,4000.0,3208.333333333333,1214.7142857142858,3505.8333333333326,470.81268391299966,3304.722222222222,376.2197446922466,-191.071428571428,-1128.571428571428,1130.2999999999997,-130.9292400881057,3.495414875865893e-05,-1.5744785357800111e-06,-0.4999999999999997,-0.8660254037844388
surat,Mango,2014,7,1372.7,10,294.8,9.50967741935484,3.163996154653592e-05,2014-07-01,2500.0,2871.428571428572,3062.5,3455.0,3102.5,6575.0,3129.642857142857,297.5231512172322,3248.571428571429,416.4712671079888,-1498.728571428572,-2082.3,1093.3999999999996,-76.62924008810569,2.861799088771233e-05,-1.0332662653466369e-05,-0.4999999999999997,-0.8660254037844388
gandhinagar,Mango,2014,7,2600.0,1,304.3,9.816129032258065,3.267513629888846e-05,2014-07-01,7660.0,1372.7,2871.428571428572,3062.5,3000.0,2235.0,2435.542857142857,925.3935794778365,2960.2714285714287,879.3289482234043,1227.3,-462.5,1114.7999999999997,-67.12924008810569,3.163996154653592e-05,-2.2790124597704757e-06,-0.4999999999999997,-0.8660254037844388
dahod,Mango,2014,7,1666.6666666666667,3,367.7,11.861290322580643,2.588799141331032e-05,2014-07-01,1380.0,2600.0,1372.7,2871.428571428572,4000.0,2500.0,2281.37619047619,798.5534933244658,2893.604761904762,890.8027247498595,-933.3333333333333,-1204.7619047619053,839.5999999999998,-3.729240088105712,3.267513629888846e-05,-2.7299994744020117e-06,-0.4999999999999997,-0.8660254037844388
vadodara,Mango,2014,7,2759.090909090909,11,348.5,11.241935483870968,2.7960529674831627e-05,2014-07-01,8375.0,1666.6666666666667,2600.0,1372.7,3455.0,2675.0,1879.7888888888883,640.8058471204288,2504.715873015873,817.4970007734757,1092.4242424242423,1386.390909090909,966.7999999999997,-22.9292400881057,2.588799141331032e-05,-3.679431871704295e-06,-0.4999999999999997,-0.8660254037844388
banaskantha,Mango,2014,7,2500.0,2,162.5,5.241935483870968,4.197262420000229e-05,2014-07-01,2754.5454545454545,2759.090909090909,1666.6666666666667,2600.0,3062.5,3000.0,2341.9191919191912,590.1711268638987,2388.7310245310246,696.054388374934,-259.090909090909,-100.0,1020.4999999999998,-208.9292400881057,2.7960529674831627e-05,9.297487901113834e-06,-0.4999999999999997,-0.8660254037844388
ahmadabad,Mango,2014,7,7660.0,10,320.6,10.341935483870968,2.053775386116393e-05,2014-07-01,2241.6666666666665,2500.0,2759.090909090909,1666.6666666666667,2871.428571428572,3208.333333333333,2308.585858585858,570.8127639682356,2294.981024531025,620.9895869460973,5160.0,5993.333333333333,878.6999999999998,-50.82924008810568,4.197262420000229e-05,-5.350237552146388e-06,-0.4999999999999997,-0.8660254037844388
navsari,Mango,2014,7,1380.0,3,480.9,15.51290322580645,3.5465971727480416e-05,2014-07-01,2900.0,7660.0,2500.0,2759.090909090909,1372.7,3102.5,4306.363636363636,2907.2219848889276,3093.0762626262626,2304.6709575934524,-6280.0,-1379.090909090909,831.5999999999998,109.47075991189428,2.053775386116393e-05,7.505442052648789e-06,-0.4999999999999997,-0.8660254037844388
ahmadabad,Mango,2014,8,8375.0,8,135.9,4.383870967741935,4.127694207266024e-05,2014-08-01,2937.5,1380.0,7660.0,2500.0,2600.0,3000.0,3846.6666666666665,3349.587039223397,3094.2929292929293,2303.5827759719245,6995.0,5875.0,963.9999999999998,-171.2820108695652,3.5465971727480416e-05,-6.956821273420506e-07,-0.8660254037844384,-0.5000000000000004
vadodara,Mango,2014,8,2754.5454545454545,11,198.4,6.4,4.699883733734556e-05,2014-08-01,2500.0,8375.0,1380.0,7660.0,1666.6666666666667,4000.0,5805.0,3848.801761587628,4056.7929292929293,3118.190892021822,-5620.454545454546,-4905.454545454546,937.3999999999997,-108.7820108695652,4.127694207266024e-05,2.6461083476181628e-05,-0.8660254037844384,-0.5000000000000004
navsari,Mango,2014,8,2241.6666666666665,3,291.1,9.390322580645162,5.218451285320328e-05,2014-08-01,2425.0,2754.5454545454545,8375.0,1380.0,2759.090909090909,3455.0,4169.848484848485,3706.0515715095944,4238.106060606061,2979.9822288097685,-512.878787878788,861.6666666666665,815.1999999999998,-16.08201086956518,4.699883733734556e-05,1.6718541125722862e-05,-0.8660254037844384,-0.5000000000000004
bharuch,Mango,2014,8,2900.0,6,195.8,6.316129032258065,4.486145274904291e-05,2014-08-01,1580.0,2241.6666666666665,2754.5454545454545,8375.0,2500.0,3062.5,4457.070707070707,3402.7031344299057,4151.868686868686,3038.260474271328,658.3333333333335,-5475.0,625.3999999999999,-111.38201086956519,5.218451285320328e-05,3.5845106763826695e-06,-0.8660254037844384,-0.5000000000000004
valsad,Mango,2014,8,2937.5,2,349.1,11.261290322580646,5.0581543166371e-05,2014-08-01,1419.375,2900.0,2241.6666666666665,2754.5454545454545,7660.0,2871.428571428572,2632.0707070707062,345.8334024804862,4218.535353535353,2998.898862297145,37.5,182.9545454545455,685.2999999999998,41.91798913043482,4.486145274904291e-05,3.5827058290254426e-06,-0.8660254037844384,-0.5000000000000004
banaskantha,Mango,2014,8,2500.0,1,151.8,4.896774193548388,4.197262420000229e-05,2014-08-01,2716.6666666666665,2937.5,2900.0,2241.6666666666665,1380.0,1372.7,2693.0555555555547,391.36365347243515,3431.45202020202,2491.8805570857653,-437.5,258.3333333333335,835.9999999999998,-155.3820108695652,5.0581543166371e-05,-1.0211888653200987e-05,-0.8660254037844384,-0.5000000000000004
dahod,Mango,2014,8,2425.0,4,218.3,7.041935483870968,5.829649982999465e-05,2014-08-01,4590.909090909091,2500.0,2937.5,2900.0,8375.0,2600.0,2779.166666666666,242.49140878259212,3618.118686868687,2345.0980517663274,-75.0,-475.0,696.6999999999998,-88.88201086956519,4.197262420000229e-05,1.3435047080951743e-05,-0.8660254037844384,-0.5000000000000004
girsomnath,Mango,2014,8,1580.0,2,135.9,4.383870967741935,4.197262420000229e-05,2014-08-01,2781.0,2425.0,2500.0,2937.5,2754.5454545454545,1666.6666666666667,2620.8333333333326,276.79339467076613,2626.45202020202,280.22136573139954,-845.0,-1357.5,719.1999999999998,-171.2820108695652,5.829649982999465e-05,-8.60891896636871e-06,-0.8660254037844384,-0.5000000000000004
surat,Mango,2014,8,1419.375,8,199.1,6.422580645161291,4.826355557628546e-05,2014-08-01,2810.4166666666665,1580.0,2425.0,2500.0,2241.6666666666665,2759.090909090909,2168.3333333333326,510.8897467491076,2430.694444444445,498.26655535485304,-160.625,-1080.625,505.9999999999998,-108.08201086956521,4.197262420000229e-05,6.290931376283168e-06,-0.8660254037844384,-0.5000000000000004
navsari,Mango,2014,9,2716.6666666666665,3,282.1,9.403333333333334,6.9875992947176e-05,2014-09-01,2125.0,1419.375,1580.0,2425.0,2900.0,2500.0,1808.1249999999993,540.2325164917738,2293.6458333333335,650.4904900182424,1297.2916666666665,291.6666666666665,553.2999999999997,75.52696957671958,4.826355557628546e-05,1.1579493117181344e-05,-1.0,-1.8369701987210297e-16
ahmadabad,Mango,2014,9,4590.909090909091,11,301.7,10.056666666666668,4.8125408136149806e-05,2014-09-01,2510.0,2716.6666666666665,1419.375,1580.0,2937.5,7660.0,1905.3472222222215,707.1983656347884,2263.090277777778,619.8981829573328,1874.2424242424245,3010.909090909091,617.0999999999998,95.12696957671955,6.9875992947176e-05,6.152783936147515e-06,-1.0,-1.8369701987210297e-16
valsad,Mango,2014,9,2781.0,2,269.4,8.979999999999999,7.228184323598129e-05,2014-09-01,2757.1428571428573,4590.909090909091,2716.6666666666665,1419.375,2500.0,1380.0,2908.9835858585852,1594.4894074609822,2538.65845959596,1133.988871420329,-1809.909090909091,1361.625,782.8999999999999,62.826969576719534,4.8125408136149806e-05,2.4018287659695834e-05,-1.0,-1.8369701987210297e-16
vadodara,Mango,2014,9,2810.4166666666665,12,344.6,11.486666666666668,6.155491191770648e-05,2014-09-01,1186.375,2781.0,4590.909090909091,2716.6666666666665,2425.0,8375.0,3362.8585858585852,1064.0092700068813,2585.491792929293,1137.868936351297,29.416666666666515,93.75,853.1999999999998,138.02696957671958,7.228184323598129e-05,-8.321081029469515e-06,-1.0,-1.8369701987210297e-16
banaskantha,Mango,2014,9,2125.0,2,153.1,5.1033333333333335,4.197262420000229e-05,2014-09-01,3500.0,2810.4166666666665,2781.0,4590.909090909091,1580.0,2754.5454545454545,3394.1085858585852,1036.563997897059,2649.7279040404037,1137.8756080495089,-685.4166666666665,-2465.909090909091,915.6999999999998,-53.47303042328045,6.155491191770648e-05,-6.152783936147515e-06,-1.0,-1.8369701987210297e-16
girsomnath,Mango,2014,9,2510.0,1,340.0,11.333333333333334,4.197262420000229e-05,2014-09-01,2400.0,2125.0,2810.4166666666665,2781.0,1419.375,2241.6666666666665,2572.1388888888882,387.5128701566829,2740.561237373737,1054.070388057599,385.0,-271.0,767.0999999999997,133.42696957671956,4.197262420000229e-05,-3.0309219035979e-05,-1.0,-1.8369701987210297e-16
bharuch,Mango,2014,9,2757.1428571428573,7,265.5,8.85,5.1322056740377744e-05,2014-09-01,2755.0,2510.0,2125.0,2810.4166666666665,2716.6666666666665,2900.0,2481.8055555555547,343.57706087469313,2922.3320707070707,856.1195605928941,247.14285714285734,-53.27380952380918,837.6999999999998,58.92696957671956,4.197262420000229e-05,-1.0232855177328738e-05,-1.0,-1.8369701987210297e-16
surat,Mango,2014,9,1186.375,8,296.6,9.886666666666663,6.268287422478773e-05,2014-09-01,3000.0,2757.1428571428573,2510.0,2125.0,4590.909090909091,2937.5,2464.047619047619,318.56689084964825,2929.0781024531025,854.3324498509699,-1570.7678571428573,-938.625,758.5999999999997,90.02696957671958,5.1322056740377744e-05,2.0710250024785438e-05,-1.0,-1.8369701987210297e-16
mahesana,Mango,2014,9,3500.0,1,202.9,6.763333333333334,5.854254948411101e-05,2014-09-01,3229.0,1186.375,2757.1428571428573,2510.0,2781.0,2500.0,2151.1726190476184,844.627570145081,2361.655753968254,631.3387068901307,2313.625,990.0,902.0999999999997,-3.673030423280437,6.268287422478773e-05,1.6569925284108722e-05,-1.0,-1.8369701987210297e-16
dahod,Mango,2014,9,2400.0,4,166.8,5.5600000000000005,6.40915772301498e-05,2014-09-01,2210.0,3500.0,1186.375,2757.1428571428573,2810.4166666666665,2425.0,2481.1726190476184,1181.2429214145752,2481.489087301587,778.0437870988359,-1100.0,-357.14285714285734,764.9999999999998,-39.77303042328043,5.854254948411101e-05,1.276952048977205e-05,-1.0,-1.8369701987210297e-16
girsomnath,Mango,2014,10,2755.0,2,9.6,0.3096774193548387,4.197262420000229e-05,2014-10-01,1288.888888888889,2400.0,3500.0,1186.375,2125.0,1580.0,2362.1249999999995,1157.2774286553044,2413.0863095238096,761.200913301012,355.0,1568.625,666.2999999999997,-24.88738938053097,6.40915772301498e-05,-2.0710250024785438e-05,-0.8660254037844386,0.5000000000000001
bharuch,Mango,2014,10,3000.0,5,1.5,0.0483870967741935,4.744189481228887e-05,2014-10-01,3220.0,2755.0,2400.0,3500.0,2510.0,1419.375,2884.9999999999995,561.4044887601387,2518.0863095238096,756.953816563662,245.0,-500.0,379.2999999999997,-32.98738938053097,4.197262420000229e-05,-1.1100654671822144e-05,-0.8660254037844386,0.5000000000000001
valsad,Mango,2014,10,3229.0,3,13.4,0.4322580645161289,6.0916580044796e-05,2014-10-01,6960.0,3000.0,2755.0,2400.0,2757.1428571428573,2716.6666666666665,2718.3333333333326,301.67587462932175,2599.7529761904766,781.9276375792671,229.0,829.0,177.89999999999972,-21.087389380530972,4.744189481228887e-05,-3.174997185353795e-06,-0.8660254037844386,0.5000000000000001
navsari,Mango,2014,10,2210.0,3,5.3,0.1709677419354838,6.235736871821885e-05,2014-10-01,2779.5454545454545,3229.0,3000.0,2755.0,1186.375,4590.909090909091,2994.666666666666,237.04500275974124,2678.3958333333335,823.5443158107345,-1019.0,-545.0,24.499999999999716,-29.18738938053097,6.0916580044796e-05,2.038474451821656e-05,-0.8660254037844386,0.5000000000000001
surat,Mango,2014,10,1288.888888888889,9,2.3,0.0741935483870967,5.566607473182823e-05,2014-10-01,2500.0,2210.0,3229.0,3000.0,3500.0,2781.0,2812.9999999999995,534.6185556076712,2849.0,491.886165692839,-921.1111111111111,-1711.111111111111,20.199999999999715,-32.18738938053097,6.235736871821885e-05,8.224179919539358e-06,-0.8660254037844386,0.5000000000000001
dahod,Mango,2014,10,3220.0,5,4.4,0.1419354838709677,5.1020572299605136e-05,2014-10-01,3250.0,1288.888888888889,2210.0,3229.0,2400.0,2810.4166666666665,2242.629629629629,970.4670527182035,2480.4814814814813,693.5517699589367,1931.111111111111,-9.0,20.999999999999716,-30.087389380530972,5.566607473182823e-05,-9.896007745190863e-06,-0.8660254037844386,0.5000000000000001
ahmadabad,Mango,2014,10,6960.0,10,2.2,0.0709677419354838,4.452559177120333e-05,2014-10-01,1490.0,3220.0,1288.888888888889,2210.0,2755.0,2125.0,2239.629629629629,965.8964577418343,2617.1481481481483,752.7833674795916,3740.0,4750.0,11.999999999999716,-32.28738938053097,5.1020572299605136e-05,-1.7831776947015526e-05,-0.8660254037844386,0.5000000000000001
vadodara,Mango,2014,10,2779.5454545454545,11,0.8,0.0258064516129032,5.7026781017508654e-05,2014-10-01,2625.0,6960.0,3220.0,1288.888888888889,3000.0,2510.0,3822.962962962962,2883.2357794101426,3317.9814814814818,1935.3433235050031,-4180.454545454546,1490.6565656565656,8.899999999999716,-33.68738938053097,4.452559177120333e-05,1.3607062856804268e-06,-0.8660254037844386,0.5000000000000001
banaskantha,Mango,2014,10,2500.0,2,0.0,0.0,4.197262420000229e-05,2014-10-01,7375.0,2779.5454545454545,6960.0,3220.0,3229.0,2757.1428571428573,4319.848484848484,2297.0198233516735,3281.2390572390573,1944.6578103758611,-279.5454545454545,-720.0,7.399999999999716,-34.48738938053097,5.7026781017508654e-05,-9.047948099602845e-06,-0.8660254037844386,0.5000000000000001
mahesana,Mango,2014,10,3250.0,1,0.0,0.0,5.2762233258833744e-05,2014-10-01,2777.2727272727275,2500.0,2779.5454545454545,6960.0,2210.0,1186.375,4079.848484848484,2498.1975458240813,3159.7390572390573,1971.1672705650194,750.0,-3710.0,2.999999999999716,-34.48738938053097,4.197262420000229e-05,8.236641487630417e-06,-0.8660254037844386,0.5000000000000001
navsari,Mango,2014,11,1490.0,3,8.0,0.2666666666666666,5.828450980361052e-05,2014-11-01,2500.0,3250.0,2500.0,2779.5454545454545,1288.888888888889,3500.0,2843.1818181818176,379.0279542232722,3333.0723905723903,1915.900735268392,-1760.0,-1289.5454545454545,0.7999999999997158,-1.7950566893424025,5.2762233258833744e-05,1.2577287861018657e-06,-0.5000000000000004,0.8660254037844384
dahod,Mango,2014,11,2625.0,4,18.9,0.63,4.460858683341585e-05,2014-11-01,2792.8571428571427,1490.0,3250.0,2500.0,3220.0,2400.0,2413.3333333333326,883.1949577150954,3366.5909090909086,1874.292764689816,1135.0,125.0,7.999999999999716,9.104943310657596,5.828450980361052e-05,2.635962633413558e-06,-0.5000000000000004,0.8660254037844384
ahmadabad,Mango,2014,11,7375.0,8,6.2,0.2066666666666666,3.87043634130837e-05,2014-11-01,4052.5,2625.0,1490.0,3250.0,6960.0,2755.0,2454.9999999999995,892.2303514227901,3267.424242424242,1899.1751290491613,4750.0,4125.0,26.899999999999714,-3.5950566893424023,4.460858683341585e-05,-1.4057869845750046e-05,-0.5000000000000004,0.8660254037844384
vadodara,Mango,2014,11,2777.2727272727275,11,8.0,0.2666666666666666,5.42441823846804e-05,2014-11-01,1299.375,7375.0,2625.0,1490.0,2779.5454545454545,3000.0,3829.9999999999995,3122.070627003821,3336.5909090909095,2061.198174175191,-4597.727272727272,1287.2727272727275,33.09999999999972,-1.7950566893424025,3.87043634130837e-05,-4.040327418930119e-06,-0.5000000000000004,0.8660254037844384
banaskantha,Mango,2014,11,2500.0,2,0.0,0.0,4.197262420000229e-05,2014-11-01,3000.0,2777.2727272727275,7375.0,2625.0,2500.0,3229.0,4259.090909090909,2699.5303004365846,3336.2121212121215,2061.3212217079026,-277.2727272727275,-125.0,33.09999999999972,-9.795056689342402,5.42441823846804e-05,-2.635962633413558e-06,-0.5000000000000004,0.8660254037844384
bharuch,Mango,2014,11,2792.8571428571427,7,21.4,0.7133333333333334,4.6346545205924176e-05,2014-11-01,1771.625,2500.0,2777.2727272727275,7375.0,3250.0,2210.0,4217.424242424242,2738.052873840265,3336.2121212121215,2061.3212217079026,292.85714285714266,-4582.142857142857,14.199999999999715,11.604943310657596,4.197262420000229e-05,7.642181792840478e-06,-0.5000000000000004,0.8660254037844384
girsomnath,Mango,2014,11,4052.5,2,7.8,0.26,4.197262420000229e-05,2014-11-01,2850.0,2792.8571428571427,2500.0,2777.2727272727275,1490.0,1288.888888888889,2690.0432900432893,164.766676151967,3260.0216450216453,2073.5572365383728,1259.6428571428573,1275.2272727272725,29.399999999999714,-1.9950566893424027,4.6346545205924176e-05,-1.227155818467811e-05,-0.5000000000000004,0.8660254037844384
surat,Mango,2014,11,1299.375,8,15.0,0.5,5.1482430332921335e-05,2014-11-01,1050.0,4052.5,2792.8571428571427,2500.0,2625.0,3220.0,3115.1190476190473,824.8961231243659,3687.104978354979,1892.0276078112947,-2753.125,-1200.625,29.199999999999715,5.2049433106575975,4.197262420000229e-05,9.509806132919044e-06,-0.5000000000000004,0.8660254037844384
mahesana,Mango,2014,11,3000.0,1,2.2,0.0733333333333333,4.938200740329639e-05,2014-11-01,7500.0,1299.375,4052.5,2792.8571428571427,7375.0,6960.0,2714.9107142857138,1378.216619658014,3466.167478354979,2106.140998824713,1700.625,207.14285714285734,44.19999999999972,-7.595056689342402,5.1482430332921335e-05,3.0354621973722134e-06,-0.5000000000000004,0.8660254037844384
surat,Mango,2014,12,1771.625,8,0.1,0.0032258064516129,4.628468368599103e-05,2014-12-01,2375.0,3000.0,1299.375,4052.5,2777.2727272727275,2779.5454545454545,2783.9583333333326,1389.2191395558748,2737.0008116883114,886.271493797608,-1228.375,-2280.875,24.999999999999716,-3.599442421317421,4.938200740329639e-05,4.312059485988742e-06,-2.4492935982947064e-16,1.0
vadodara,Mango,2014,12,2850.0,11,0.0,0.0,5.177515000223696e-05,2014-12-01,4080.0,1771.625,3000.0,1299.375,2500.0,2500.0,2023.666666666666,877.8810277927003,2569.392857142857,968.417252597018,1078.375,1550.625,17.299999999999716,-3.6994424213174213,4.628468368599103e-05,2.9271966931562635e-07,-2.4492935982947064e-16,1.0
navsari,Mango,2014,12,1050.0,2,0.3,0.0096774193548387,5.253993405141792e-05,2014-12-01,2650.0,2850.0,1771.625,3000.0,2792.8571428571427,3250.0,2540.541666666666,670.111655030985,2627.7261904761904,973.9269180971553,-1800.0,-1950.0,2.299999999999716,-3.3994424213174215,5.177515000223696e-05,3.157926648121534e-06,-2.4492935982947064e-16,1.0
ahmadabad,Mango,2014,12,7500.0,10,0.0,0.0,3.924645696206544e-05,2014-12-01,2812.5,1050.0,2850.0,1771.625,4052.5,1490.0,1890.541666666666,905.8729934203626,2337.25,1157.4421286829017,6450.0,5728.375,0.3999999999997158,-3.6994424213174213,5.253993405141792e-05,-7.038226723925593e-06,-2.4492935982947064e-16,1.0
dahod,Mango,2014,12,2375.0,4,0.4,0.0129032258064516,4.565146730759724e-05,2014-12-01,2500.0,7500.0,1050.0,2850.0,1299.375,2625.0,3799.9999999999995,3328.2878481285284,2911.8333333333335,2384.507930982128,-5125.0,-475.0,0.2999999999997158,-3.2994424213174214,3.924645696206544e-05,-6.12368269463972e-06,-2.4492935982947064e-16,1.0
girsomnath,Mango,2014,12,4080.0,2,0.0,0.0,4.197262420000229e-05,2014-12-01,4000.0,2375.0,7500.0,1050.0,3000.0,7375.0,3641.666666666666,3406.4583269626773,3091.1041666666665,2277.0476642143813,1705.0,3030.0,0.6999999999997158,-3.6994424213174213,4.565146730759724e-05,-1.0567309851415632e-05,-2.4492935982947064e-16,1.0
bharuch,Mango,2014,12,2650.0,7,0.0,0.0,4.392134165740872e-05,2014-12-01,2500.0,4080.0,2375.0,7500.0,1771.625,2777.2727272727275,4651.666666666666,2609.8866514339966,3271.1041666666665,2310.8416356609487,-1430.0,-4850.0,0.3999999999997158,-3.6994424213174213,4.197262420000229e-05,4.6748846953432796e-06,-2.4492935982947064e-16,1.0
valsad,Mango,2014,12,2812.5,2,0.8,0.0258064516129032,5.043449584484335e-05,2014-12-01,1466.6666666666667,2650.0,4080.0,2375.0,2850.0,2500.0,3034.9999999999995,915.3824337401458,3417.5,2223.001911830037,162.5,437.5,0.3999999999997158,-2.8994424213174215,4.392134165740872e-05,4.783028537246112e-06,-2.4492935982947064e-16,1.0
banaskantha,Mango,2014,12,2500.0,1,0.0,0.0,4.197262420000229e-05,2014-12-01,3500.0,2812.5,2650.0,4080.0,1050.0,2792.8571428571427,3180.8333333333326,782.9285301567219,3411.25,2224.96839865199,-312.5,-1580.0,0.7999999999997158,-3.6994424213174213,5.043449584484335e-05,0.0,-2.4492935982947064e-16,1.0
banaskantha,Mango,2015,1,4000.0,3,4.1,0.132258064516129,4.197262420000229e-05,2015-01-01,3500.0,2500.0,2812.5,2650.0,7500.0,4052.5,2654.166666666666,156.2916611126995,3652.9166666666665,1982.7697903858293,1500.0,1350.0,0.7999999999997158,3.087330316742081,4.197262420000229e-05,-1.948717457406428e-06,0.49999999999999994,0.8660254037844387
junagadh,Mango,2015,1,2500.0,1,1.1,0.0354838709677419,5.190428952679492e-05,2015-01-01,4133.333333333333,4000.0,2500.0,2812.5,2375.0,1299.375,3104.166666666666,791.3924963842943,3069.5833333333335,766.2415034874248,-1500.0,-312.5,4.899999999999715,0.08733031674208158,4.197262420000229e-05,1.4697936819515705e-06,0.49999999999999994,0.8660254037844387
surat,Mango,2015,1,1466.6666666666667,3,1.2,0.0387096774193548,4.215584154837702e-05,2015-01-01,2060.0,2500.0,4000.0,2500.0,4080.0,3000.0,2999.9999999999995,866.0254037844574,3090.4166666666665,744.9839204081314,-1033.3333333333333,-1033.3333333333333,5.199999999999715,0.18733031674208145,5.190428952679492e-05,1.8321734837472572e-07,0.49999999999999994,0.8660254037844387
valsad,Mango,2015,1,3500.0,2,0.5,0.0161290322580645,4.56740356964315e-05,2015-01-01,1500.0,1466.6666666666667,2500.0,4000.0,2650.0,1771.625,2655.555555555555,1273.8102655390346,2654.8611111111113,811.6701602708324,2033.3333333333333,-500.0,6.399999999999715,-0.5126696832579185,4.215584154837702e-05,3.701411496429207e-06,0.49999999999999994,0.8660254037844387
bharuch,Mango,2015,1,3500.0,8,2.0,0.064516129032258,4.079401267423595e-05,2015-01-01,2600.0,3500.0,1466.6666666666667,2500.0,2812.5,2850.0,2488.8888888888882,1016.7122029875205,2796.527777777778,881.800622568938,0.0,1000.0,2.7999999999997156,0.9873303167420815,4.56740356964315e-05,-1.1110276852558972e-05,0.49999999999999994,0.8660254037844387
ahmadabad,Mango,2015,1,4133.333333333333,9,5.5,0.1774193548387097,4.429137115981123e-05,2015-01-01,6500.0,3500.0,3500.0,1466.6666666666667,2500.0,1050.0,2822.2222222222213,1173.945547352253,2911.1111111111113,927.7611442288062,633.333333333333,2666.666666666666,3.6999999999997155,4.4873303167420815,4.079401267423595e-05,2.1355296114342154e-06,0.49999999999999994,0.8660254037844387
dahod,Mango,2015,1,2060.0,5,2.0,0.064516129032258,4.639754587593325e-05,2015-01-01,3394.4444444444443,4133.333333333333,3500.0,3500.0,4000.0,7500.0,3711.111111111111,365.6551704868044,3183.3333333333335,1018.2228527084723,-2073.333333333333,-1440.0,7.999999999999716,0.9873303167420815,4.429137115981123e-05,7.235101795017532e-07,0.49999999999999994,0.8660254037844387
kheda,Mango,2015,1,1500.0,1,1.2,0.0387096774193548,5.45432386256496e-05,2015-01-01,1400.0,2060.0,4133.333333333333,3500.0,2500.0,2375.0,3231.111111111111,1062.4988017422584,2860.0,1015.0424183801948,-560.0,-2000.0,9.499999999999716,0.18733031674208145,4.639754587593325e-05,1.3749225951413646e-05,0.49999999999999994,0.8660254037844387
girsomnath,Mango,2015,1,2600.0,1,1.2,0.0387096774193548,4.197262420000229e-05,2015-01-01,2000.0,1500.0,2060.0,4133.333333333333,1466.6666666666667,4080.0,2564.444444444444,1387.24880942796,2693.3333333333335,1158.0059489388568,1100.0,-1533.333333333333,8.699999999999715,0.18733031674208145,5.45432386256496e-05,-2.318746959808941e-06,0.49999999999999994,0.8660254037844387
kachchh,Mango,2015,1,6500.0,1,0.1,0.0032258064516129,1.943433734575148e-05,2015-01-01,2166.6666666666665,2600.0,1500.0,2060.0,3500.0,2650.0,2053.3333333333326,550.0303021955865,2882.222222222222,999.481346981006,3900.0,4440.0,4.399999999999716,-0.9126696832579185,4.197262420000229e-05,-2.6963208530181772e-05,0.49999999999999994,0.8660254037844387
vadodara,Mango,2015,1,3394.4444444444443,9,1.3,0.0419354838709677,4.999478887889039e-05,2015-01-01,1007.0,6500.0,2600.0,1500.0,3500.0,2812.5,3533.3333333333326,2627.4195198584794,3382.222222222222,1800.0823026451585,-3105.5555555555557,1894.4444444444443,2.499999999999716,0.28733031674208154,1.943433734575148e-05,-4.548449746759208e-06,0.49999999999999994,0.8660254037844387
navsari,Mango,2015,1,1400.0,3,0.8999999999999999,0.0290322580645161,4.799246025476163e-05,2015-01-01,6175.0,3394.4444444444443,6500.0,2600.0,4133.333333333333,2500.0,4164.814814814814,2060.9713439682905,3364.6296296296296,1799.216621942699,-1994.4444444444443,-1200.0,2.599999999999716,-0.1126696832579186,4.999478887889039e-05,6.019836054759336e-06,0.49999999999999994,0.8660254037844387
dahod,Mango,2015,2,2000.0,4,1.0,0.0357142857142857,4.096897436314396e-05,2015-02-01,2591.6666666666665,1400.0,3394.4444444444443,6500.0,2060.0,4000.0,3764.814814814814,2570.0935116131946,2909.0740740740744,1908.380532059588,600.0,-4500.0,2.2999999999997156,0.6624450343200343,4.799246025476163e-05,2.153463701739248e-05,0.8660254037844386,0.5000000000000001
navsari,Mango,2015,2,2166.6666666666665,3,0.4,0.0142857142857142,4.280684939530461e-05,2015-02-01,875.0,2000.0,1400.0,3394.4444444444443,1500.0,2500.0,2264.8148148148143,1023.253304467135,2899.0740740740744,1913.868865132043,166.66666666666652,-1227.7777777777778,3.199999999999716,0.06244503432003434,4.096897436314396e-05,-7.18793948358578e-06,0.8660254037844386,0.5000000000000001
surat,Mango,2015,2,1007.0,4,1.1,0.0392857142857142,3.7672841639094485e-05,2015-02-01,2791.6666666666665,2166.6666666666665,2000.0,1400.0,2600.0,1466.6666666666667,1855.5555555555547,403.2277180361294,3010.1851851851857,1834.0887893563934,-1159.6666666666665,-393.0,2.2999999999997156,0.7624450343200344,4.280684939530461e-05,-1.0319618615667142e-05,0.8660254037844386,0.5000000000000001
ahmadabad,Mango,2015,2,6175.0,8,0.0,0.0,3.9949274143456674e-05,2015-02-01,3250.0,1007.0,2166.6666666666665,2000.0,6500.0,3500.0,1724.5555555555547,626.9839917621166,2744.6851851851857,2012.012223432751,5168.0,4175.0,2.499999999999716,-0.3375549656799657,3.7672841639094485e-05,-1.0197002196872849e-06,0.8660254037844386,0.5000000000000001
vadodara,Mango,2015,2,2591.6666666666665,6,0.7,0.0249999999999999,4.57332971280084e-05,2015-02-01,2400.0,6175.0,1007.0,2166.6666666666665,3394.4444444444443,3500.0,3116.2222222222213,2711.6964827972256,2690.5185185185187,1891.4561660222378,-3583.3333333333335,425.0,1.4999999999997158,0.3624450343200343,3.9949274143456674e-05,2.926447732703789e-06,0.8660254037844386,0.5000000000000001
kheda,Mango,2015,2,875.0,1,0.2,0.0071428571428571,5.279410462005655e-05,2015-02-01,2331.25,2591.6666666666665,6175.0,1007.0,1400.0,4133.333333333333,3257.8888888888882,2647.6300793421024,2556.722222222222,1859.8324347061996,-1716.6666666666665,-132.0,1.7999999999997158,-0.13755496567996567,4.57332971280084e-05,1.5121262980962066e-05,0.8660254037844386,0.5000000000000001
valsad,Mango,2015,2,2791.6666666666665,6,0.4,0.0142857142857142,3.983135277557473e-05,2015-02-01,3250.0,875.0,2591.6666666666665,6175.0,2000.0,2060.0,3213.8888888888882,2704.2319372365973,2469.222222222222,1935.9302290764142,1916.6666666666665,-3383.3333333333335,0.8999999999997157,0.06244503432003434,5.279410462005655e-05,-1.1792136788194539e-07,0.8660254037844386,0.5000000000000001
girsomnath,Mango,2015,2,3250.0,1,0.0,0.0,4.197262420000229e-05,2015-02-01,3625.0,2791.6666666666665,875.0,2591.6666666666665,2166.6666666666665,1500.0,2086.1111111111104,1053.6093168687448,2601.1666666666665,1924.4985927075495,458.3333333333335,658.3333333333335,1.2999999999997158,-0.3375549656799657,3.983135277557473e-05,-3.7606729280061083e-06,0.8660254037844386,0.5000000000000001
junagadh,Mango,2015,2,2400.0,1,0.0,0.0,4.039642709753221e-05,2015-02-01,3200.0,3250.0,2791.6666666666665,875.0,1007.0,2600.0,2305.5555555555547,1259.914385686301,2781.722222222222,1926.3990634995275,-850.0,1525.0,0.5999999999997159,-0.3375549656799657,4.197262420000229e-05,-1.239767752252434e-05,0.8660254037844386,0.5000000000000001
bharuch,Mango,2015,2,2331.25,8,0.5,0.0178571428571428,3.618403401544488e-05,2015-02-01,2600.0,2400.0,3250.0,2791.6666666666665,6175.0,6500.0,2813.8888888888882,425.43550671094647,3013.8888888888887,1745.1493621739946,-68.75,-460.4166666666665,0.3999999999997158,0.16244503432003432,4.039642709753221e-05,-3.647318760129851e-06,0.8660254037844386,0.5000000000000001
vadodara,Mango,2015,3,3250.0,7,6.2,0.2,4.2789529479287806e-05,2015-03-01,3185.714285714286,2331.25,2400.0,3250.0,2591.6666666666665,3394.4444444444443,2660.416666666666,511.7499592900452,2373.2638888888887,804.8231524459084,918.75,0.0,0.4999999999997158,4.291374434389141,3.618403401544488e-05,8.169052792855153e-07,1.0,6.123233995736766e-17
banaskantha,Mango,2015,3,3625.0,2,4.2,0.1354838709677419,4.197262420000229e-05,2015-03-01,6500.0,3250.0,2331.25,2400.0,875.0,1400.0,2660.416666666666,511.7499592900452,2482.9861111111113,881.7521389204265,375.0,1225.0,6.699999999999716,2.2913744343891405,4.2789529479287806e-05,1.5761971024700805e-06,1.0,6.123233995736766e-17
girsomnath,Mango,2015,3,3200.0,1,3.9,0.1258064516129032,4.197262420000229e-05,2015-03-01,850.0,3625.0,3250.0,2331.25,2791.6666666666665,2000.0,3068.7499999999995,665.6470066784865,2941.319444444445,518.7665938889949,-425.0,868.75,10.899999999999716,1.9913744343891402,4.197262420000229e-05,5.788590184557414e-06,1.0,6.123233995736766e-17
junagadh,Mango,2015,3,2600.0,1,8.7,0.2806451612903226,3.314254557932157e-05,2015-03-01,4041.25,3200.0,3625.0,3250.0,3250.0,2166.6666666666665,3358.3333333333326,232.28933107950093,3009.375,521.9816507790325,-600.0,-650.0,14.299999999999716,6.791374434389139,4.197262420000229e-05,-9.646983899966236e-06,1.0,6.123233995736766e-17
bharuch,Mango,2015,3,3185.714285714286,7,13.3,0.4290322580645161,3.323495074234338e-05,2015-03-01,3353.5714285714284,2600.0,3200.0,3625.0,2400.0,1007.0,3141.666666666666,514.9838185160409,2901.0416666666665,529.4516129134664,585.7142857142858,-439.2857142857142,16.799999999999716,11.39137443438914,3.314254557932157e-05,-8.73767345765891e-06,1.0,6.123233995736766e-17
kachchh,Mango,2015,3,6500.0,1,3.4,0.1096774193548387,1.6100260899721032e-05,2015-03-01,850.0,3185.714285714286,2600.0,3200.0,2331.25,6175.0,2995.238095238095,342.3607517718276,3031.9940476190477,475.1209622654186,3314.285714285714,3300.0,25.899999999999714,1.4913744343891402,3.323495074234338e-05,-2.587236330028126e-05,1.0,6.123233995736766e-17
kheda,Mango,2015,3,850.0,1,38.1,1.229032258064516,4.487628549972338e-05,2015-03-01,1450.0,6500.0,3185.714285714286,2600.0,3250.0,2591.6666666666665,4095.238095238095,2103.0751698567633,3726.7857142857138,1397.7345920438252,-5650.0,-1750.0,25.399999999999718,36.19137443438914,1.6100260899721032e-05,1.1733739920401809e-05,1.0,6.123233995736766e-17
ahmadabad,Mango,2015,3,4041.25,8,32.9,1.0612903225806452,3.055394557662524e-05,2015-03-01,2500.0,850.0,6500.0,3185.714285714286,3625.0,875.0,3511.9047619047615,2839.088792212751,3326.7857142857138,1836.1307893258056,3191.25,855.5357142857142,54.79999999999972,30.99137443438914,4.487628549972338e-05,-2.6810051657181376e-06,1.0,6.123233995736766e-17
valsad,Mango,2015,3,3353.5714285714284,7,14.2,0.4580645161290323,3.758641962603119e-05,2015-03-01,2400.0,4041.25,850.0,6500.0,3200.0,2791.6666666666665,3797.0833333333326,2832.9027552730013,3396.1607142857138,1857.392338153583,-687.6785714285716,-3146.4285714285716,74.39999999999972,12.29137443438914,3.055394557662524e-05,2.148615872631016e-05,1.0,6.123233995736766e-17
surat,Mango,2015,3,850.0,1,13.5,0.4354838709677419,3.722677093775295e-05,2015-03-01,1681.3333333333333,3353.5714285714284,4041.25,850.0,2600.0,3250.0,2748.273809523809,1679.5261374398344,3421.7559523809523,1855.205412524868,-2503.5714285714284,0.0,85.19999999999972,11.59137443438914,3.758641962603119e-05,-7.649514561970426e-06,1.0,6.123233995736766e-17
dahod,Mango,2015,3,1450.0,2,9.4,0.3032258064516129,3.241457063742519e-05,2015-03-01,3000.0,850.0,3353.5714285714284,4041.25,3185.714285714286,2400.0,2748.273809523809,1679.5261374398344,3130.089285714286,2127.776528678447,600.0,-2591.25,60.59999999999971,7.49137443438914,3.722677093775295e-05,1.8606250607999458e-06,1.0,6.123233995736766e-17
navsari,Mango,2015,3,2500.0,2,9.3,0.3,4.26553402031653e-05,2015-03-01,2539.285714285714,1450.0,850.0,3353.5714285714284,6500.0,2331.25,1884.523809523809,1307.1249673509199,2840.803571428571,2234.0390909911434,1050.0,-853.5714285714284,37.09999999999972,7.3913744343891405,3.241457063742519e-05,5.068920577134108e-06,1.0,6.123233995736766e-17
junagadh,Mango,2015,4,2400.0,1,2.2,0.0733333333333333,3.488342979779043e-05,2015-04-01,1600.0,2500.0,1450.0,850.0,850.0,3250.0,1599.9999999999993,835.1646544245244,2174.1369047619046,1342.7148025656527,-100.0,1550.0,32.19999999999972,1.2212830396475773,4.26553402031653e-05,-2.3433411399625254e-06,0.8660254037844387,-0.4999999999999998
surat,Mango,2015,4,1681.3333333333333,9,4.7,0.1566666666666666,3.812865714034395e-05,2015-04-01,2533.333333333333,2400.0,2500.0,1450.0,4041.25,3625.0,2116.666666666666,579.5112883571529,2432.470238095238,1175.7273607189738,-718.6666666666667,231.33333333333326,20.899999999999718,3.7212830396475773,3.488342979779043e-05,5.71408650291876e-06,0.8660254037844387,-0.4999999999999998
gandhinagar,Mango,2015,4,3000.0,1,1.5,0.05,3.853947823089868e-05,2015-04-01,5000.0,1681.3333333333333,2400.0,2500.0,3353.5714285714284,3200.0,2193.777777777777,446.59767294682035,2039.1507936507935,889.8884591709757,1318.6666666666667,500.0,16.19999999999972,0.521283039647577,3.812865714034395e-05,-4.115861972266618e-06,0.8660254037844387,-0.4999999999999998
valsad,Mango,2015,4,2539.285714285714,14,3.9,0.13,3.77959295180005e-05,2015-04-01,3916.6666666666665,3000.0,1681.3333333333333,2400.0,850.0,2600.0,2360.444444444444,660.2226336062399,1980.222222222222,791.732465101884,-460.7142857142858,139.28571428571422,8.399999999999716,2.921283039647577,3.853947823089868e-05,2.912499720210072e-06,0.8660254037844387,-0.4999999999999998
girsomnath,Mango,2015,4,1600.0,1,0.8999999999999999,0.0299999999999999,4.197262420000229e-05,2015-04-01,3862.5,2539.285714285714,3000.0,1681.3333333333333,1450.0,3185.714285714286,2406.8730158730154,669.2311158861168,2261.769841269841,582.0200730707677,-939.2857142857142,-81.33333333333326,10.099999999999715,-0.07871696035242304,3.77959295180005e-05,3.843967059658342e-06,0.8660254037844387,-0.4999999999999998
dahod,Mango,2015,4,2533.333333333333,3,7.9,0.2633333333333333,2.844660006604064e-05,2015-04-01,2910.0,1600.0,2539.285714285714,3000.0,2500.0,6500.0,2379.761904761904,713.5025468446311,2286.769841269841,542.0250685910303,933.333333333333,-466.66666666666697,6.299999999999716,6.9212830396475775,4.197262420000229e-05,-1.0092878164858039e-05,0.8660254037844387,-0.4999999999999998
kachchh,Mango,2015,4,5000.0,2,2.1,0.07,1.4869015518361252e-05,2015-04-01,2050.0,2533.333333333333,1600.0,2539.285714285714,2400.0,850.0,2224.2063492063485,540.586748359524,2292.3253968253966,544.8113700624878,2466.666666666667,2460.714285714286,12.699999999999715,1.1212830396475773,2.844660006604064e-05,-2.292691399963925e-05,0.8660254037844387,-0.4999999999999998
banaskantha,Mango,2015,4,3916.6666666666665,3,6.5,0.2166666666666666,4.197262420000229e-05,2015-04-01,3108.333333333333,5000.0,2533.333333333333,1600.0,1681.3333333333333,4041.25,3044.444444444444,1756.6803710197137,2725.65873015873,1239.1398964272016,-1083.3333333333335,2316.6666666666665,10.899999999999716,5.521283039647577,1.4869015518361252e-05,0.0,0.8660254037844387,-0.4999999999999998
vadodara,Mango,2015,4,3862.5,6,7.7,0.2566666666666666,3.794224718646008e-05,2015-04-01,2041.2,3916.6666666666665,5000.0,2533.333333333333,3000.0,3353.5714285714284,3816.666666666666,1236.3701351582151,3098.214285714286,1197.7008752694958,-54.166666666666515,1329.166666666667,16.499999999999716,6.721283039647577,4.197262420000229e-05,9.495647120419438e-06,0.8660254037844387,-0.4999999999999998
ahmadabad,Mango,2015,4,2910.0,9,2.8,0.0933333333333333,2.522566601032541e-05,2015-04-01,2575.0,3862.5,3916.6666666666665,5000.0,2539.285714285714,850.0,4259.722222222222,641.6711760303556,3241.964285714286,1234.7420107252717,-952.5,-2090.0,16.299999999999716,1.821283039647577,3.794224718646008e-05,1.035665049196416e-05,0.8660254037844387,-0.4999999999999998
navsari,Mango,2015,4,2050.0,2,1.6,0.0533333333333333,4.346194353813396e-05,2015-04-01,4680.0,2910.0,3862.5,3916.6666666666665,1600.0,1450.0,3563.0555555555547,566.2108052006411,3303.75,1201.3723345038002,-860.0,-1866.6666666666665,16.999999999999716,0.6212830396475771,2.522566601032541e-05,1.4893193381316678e-06,0.8660254037844387,-0.4999999999999998
bharuch,Mango,2015,4,3108.333333333333,6,3.1,0.1033333333333333,3.04099261840532e-05,2015-04-01,4416.666666666667,2050.0,2910.0,3862.5,2533.333333333333,2500.0,2940.8333333333326,906.6433054588596,3378.75,1081.8366263494272,1058.333333333333,-754.166666666667,12.099999999999715,2.1212830396475773,4.346194353813396e-05,-7.532321002406878e-06,0.8660254037844387,-0.4999999999999998
surat,Mango,2015,5,2041.2,5,0.0,0.0,3.66377519227056e-05,2015-05-01,3000.0,3108.333333333333,2050.0,2910.0,5000.0,2400.0,2689.444444444444,562.5841500841984,3474.5833333333335,1015.3958929621699,-1067.133333333333,-868.8,7.499999999999716,-7.417019969278034,3.04099261840532e-05,1.1412085912380188e-05,0.49999999999999994,-0.8660254037844387
navsari,Mango,2015,5,2575.0,2,0.0,0.0,4.316720041859808e-05,2015-05-01,3271.428571428572,2041.2,3108.333333333333,2050.0,3916.6666666666665,1681.3333333333333,2399.844444444444,613.5851524110517,2981.4500000000003,827.4965817317797,533.8,525.0,4.699999999999716,-7.417019969278034,3.66377519227056e-05,-2.947431195358781e-07,0.49999999999999994,-0.8660254037844387
vadodara,Mango,2015,5,4680.0,5,0.2,0.0064516129032258,3.095473364710212e-05,2015-05-01,2494.4444444444443,2575.0,2041.2,3108.333333333333,3862.5,3000.0,2574.8444444444435,533.5666836731469,2757.838888888889,694.8831237990637,2105.0,1571.666666666667,3.099999999999716,-7.2170199692780335,4.316720041859808e-05,5.448074630489152e-07,0.49999999999999994,-0.8660254037844387
valsad,Mango,2015,5,4416.666666666667,3,0.4,0.0129032258064516,3.739525892636458e-05,2015-05-01,2100.0,4680.0,2575.0,2041.2,2910.0,2539.285714285714,3098.733333333333,1395.184150330474,2894.088888888889,977.4820274941515,-263.33333333333303,2375.466666666667,0.1999999999997158,-7.017019969278033,3.095473364710212e-05,7.57507003658979e-07,0.49999999999999994,-0.8660254037844387
kachchh,Mango,2015,5,3000.0,1,2.5,0.0806451612903225,1.4299591433244496e-05,2015-05-01,2550.0,4416.666666666667,4680.0,2575.0,2050.0,1600.0,3890.5555555555547,1146.8874948860318,3145.2000000000003,1159.0517465200214,-1416.666666666667,425.0,0.5999999999997159,-4.917019969278034,3.739525892636458e-05,-2.8867608985353587e-05,0.49999999999999994,-0.8660254037844387
ahmadabad,Mango,2015,5,3271.428571428572,7,0.1,0.0032258064516129,2.2208772614804723e-05,2015-05-01,2340.0,3000.0,4416.666666666667,4680.0,3108.333333333333,2533.333333333333,4032.2222222222213,903.5752033716838,3303.5333333333333,1038.0951872433366,271.428571428572,-1408.571428571428,3.099999999999716,-7.317019969278034,1.4299591433244496e-05,-8.745961032297394e-06,0.49999999999999994,-0.8660254037844387
bharuch,Mango,2015,5,2494.4444444444443,9,1.1,0.0354838709677419,2.6695228659693283e-05,2015-05-01,4250.0,3271.428571428572,3000.0,4416.666666666667,2041.2,5000.0,3562.698412698412,751.9073755697319,3330.7158730158735,1034.0892052278944,-776.9841269841277,-1922.2222222222226,2.999999999999716,-6.317019969278034,2.2208772614804723e-05,-1.0700030266671296e-05,0.49999999999999994,-0.8660254037844387
junagadh,Mango,2015,5,2100.0,1,0.9,0.0290322580645161,2.9199905981265787e-05,2015-05-01,3912.5,2494.4444444444443,3271.428571428572,3000.0,2575.0,3916.6666666666665,2921.957671957671,394.32732231111515,3406.256613756614,932.6266901884526,-394.44444444444434,-900.0,3.699999999999716,-6.517019969278033,2.6695228659693283e-05,1.4900314548021291e-05,0.49999999999999994,-0.8660254037844387
girsomnath,Mango,2015,5,2550.0,1,0.1,0.0032258064516129,4.197262420000229e-05,2015-05-01,875.0,2100.0,2494.4444444444443,3271.428571428572,4680.0,3862.5,2621.957671957671,596.0335073491754,3327.0899470899476,1032.1508932962718,450.0,-721.428571428572,2.099999999999716,-7.317019969278034,2.9199905981265787e-05,1.976385158519757e-05,0.49999999999999994,-0.8660254037844387
dahod,Mango,2015,5,2340.0,5,0.2,0.0064516129032258,2.6186432174363085e-05,2015-05-01,2500.0,2550.0,2100.0,2494.4444444444443,4416.666666666667,2910.0,2381.4814814814804,245.3476579286261,2972.0899470899476,817.8056623996488,-210.0,-154.44444444444434,2.099999999999716,-7.2170199692780335,4.197262420000229e-05,-5.087964853301971e-07,0.49999999999999994,-0.8660254037844387
banaskantha,Mango,2015,5,4250.0,2,0.2,0.0064516129032258,4.197262420000229e-05,2015-05-01,3625.0,2340.0,2550.0,2100.0,3000.0,2050.0,2329.9999999999995,225.16660498402814,2625.978835978836,433.13021190546834,1910.0,2150.0,1.1999999999997157,-7.2170199692780335,2.6186432174363085e-05,1.2772718218736504e-05,0.49999999999999994,-0.8660254037844387
vadodara,Mango,2015,6,3912.5,4,136.9,4.5633333333333335,3.4913591009627376e-05,2015-06-01,10000.0,4250.0,2340.0,2550.0,3271.428571428572,3108.333333333333,3046.666666666666,1047.3935904584127,2834.3121693121698,796.8870868212907,-337.5,1362.5,0.4999999999997158,11.06690217391305,4.197262420000229e-05,-7.059033190374915e-06,1.2246467991473532e-16,-1.0
kheda,Mango,2015,6,875.0,2,122.1,4.07,3.053951524749229e-05,2015-06-01,2400.0,3912.5,4250.0,2340.0,2494.4444444444443,2041.2,3500.8333333333326,1019.3758302674065,2941.1574074074074,903.1132781146546,-3037.5,-1465.0,137.29999999999973,-3.7330978260869614,3.4913591009627376e-05,4.353083073129204e-06,1.2246467991473532e-16,-1.0
bharuch,Mango,2015,6,2500.0,6,280.4,9.346666666666666,3.0038919345574867e-05,2015-06-01,3500.0,875.0,3912.5,4250.0,2100.0,2575.0,3012.4999999999995,1858.8050597090682,2671.25,1241.8068992399756,1625.0,-1750.0,259.1999999999997,154.56690217391304,3.053951524749229e-05,-1.1933704854427424e-05,1.2246467991473532e-16,-1.0
valsad,Mango,2015,6,3625.0,2,293.40000000000003,9.78,4.0660723299246974e-05,2015-06-01,2280.0,2500.0,875.0,3912.5,2550.0,4680.0,2429.166666666666,1519.9883497360654,2737.9166666666665,1215.4633032990628,1125.0,-287.5,539.3999999999996,167.5669021739131,3.0038919345574867e-05,5.747132289619598e-06,1.2246467991473532e-16,-1.0
kachchh,Mango,2015,6,10000.0,1,21.4,0.7133333333333333,1.42632107833542e-05,2015-06-01,4000.0,3625.0,2500.0,875.0,2340.0,4416.666666666667,2333.3333333333326,1382.5550019197674,2917.0833333333335,1260.615342468379,6375.0,9125.0,695.8999999999996,-104.43309782608696,4.0660723299246974e-05,-1.627630446413809e-05,1.2246467991473532e-16,-1.0
junagadh,Mango,2015,6,2400.0,1,139.7,4.656666666666666,2.9122484169911927e-05,2015-06-01,2208.5,10000.0,3625.0,2500.0,4250.0,3000.0,5374.999999999999,4044.672421840863,4193.75,3098.4244988380783,-7600.0,-100.0,595.1999999999997,13.866902173913033,1.42632107833542e-05,-9.164351756629401e-07,1.2246467991473532e-16,-1.0
mahesana,Mango,2015,6,3500.0,1,36.2,1.2066666666666668,3.041582935588305e-05,2015-06-01,3250.0,2400.0,10000.0,3625.0,3912.5,3271.428571428572,5341.666666666666,4080.466680826271,3885.4166666666665,3182.6130838772506,1100.0,-125.0,454.49999999999966,-89.63309782608695,2.9122484169911927e-05,-1.0244893943363922e-05,1.2246467991473532e-16,-1.0
dahod,Mango,2015,6,2280.0,5,163.6,5.453333333333333,3.145361836135984e-05,2015-06-01,2793.0,3500.0,2400.0,10000.0,875.0,2494.4444444444443,5299.999999999999,4107.310555582573,3816.6666666666665,3186.364176717197,-1220.0,-7720.0,197.29999999999967,37.76690217391304,3.041582935588305e-05,1.7190407578005644e-05,1.2246467991473532e-16,-1.0
banaskantha,Mango,2015,6,4000.0,2,28.6,0.9533333333333334,4.197262420000229e-05,2015-06-01,3000.0,2280.0,3500.0,2400.0,2500.0,2100.0,2726.666666666666,672.408605933448,4050.8333333333335,2971.3135423018994,1720.0,1600.0,339.49999999999966,-97.23309782608695,3.145361836135984e-05,1.2850140030090365e-05,1.2246467991473532e-16,-1.0
surat,Mango,2015,6,2208.5,4,177.1,5.903333333333333,3.9281062880085855e-05,2015-06-01,2750.0,4000.0,2280.0,3500.0,3625.0,2550.0,3259.9999999999995,884.7598544238034,4300.833333333333,2876.3178139188067,-1791.5,-1291.5,228.39999999999964,51.26690217391304,4.197262420000229e-05,8.865233524202804e-06,1.2246467991473532e-16,-1.0
girsomnath,Mango,2015,6,3250.0,1,146.6,4.886666666666667,4.197262420000229e-05,2015-06-01,4000.0,2208.5,4000.0,2280.0,10000.0,2340.0,2829.4999999999995,1014.3129448055121,4064.75,2998.4234815982877,1041.5,970.0,369.2999999999996,20.76690217391304,3.9281062880085855e-05,1.0519005838642448e-05,1.2246467991473532e-16,-1.0
ahmadabad,Mango,2015,6,2793.0,10,44.3,1.4766666666666666,2.123323246445273e-05,2015-06-01,900.0,3250.0,2208.5,4000.0,2400.0,4250.0,3152.8333333333326,899.6938831254569,2939.75,747.7421848471575,-457.0,-1207.0,352.2999999999996,-81.53309782608696,4.197262420000229e-05,-2.0739391735549563e-05,1.2246467991473532e-16,-1.0
gandhinagar,Mango,2015,6,3000.0,1,64.2,2.14,3.27422529468798e-05,2015-06-01,1550.0,2793.0,3250.0,2208.5,3500.0,3912.5,2750.4999999999995,522.0490877302918,3005.25,707.1146830606762,207.0,791.5,367.9999999999996,-61.63309782608695,2.123323246445273e-05,-6.538809933206058e-06,1.2246467991473532e-16,-1.0
navsari,Mango,2015,6,2750.0,2,277.4,9.246666666666666,4.513923025168945e-05,2015-06-01,2628.5714285714284,3000.0,2793.0,3250.0,2280.0,875.0,3014.3333333333326,228.83691427163419,2921.9166666666665,665.3779690271293,-250.0,-500.0,255.09999999999962,151.56690217391304,3.27422529468798e-05,3.1666060516871575e-06,1.2246467991473532e-16,-1.0
ahmadabad,Mango,2015,7,4000.0,8,363.5,11.725806451612904,1.9348974284763044e-05,2015-07-01,4291.666666666667,2750.0,3000.0,2793.0,4000.0,2500.0,2847.666666666666,133.6650041460489,3000.25,599.0527314018362,1250.0,1207.0,385.89999999999964,-7.929240088105701,4.513923025168945e-05,-1.8842581796896846e-06,-0.4999999999999997,-0.8660254037844388
kheda,Mango,2015,7,900.0,1,357.3,11.525806451612905,2.6791536670475016e-05,2015-07-01,2180.0,4000.0,2750.0,3000.0,2208.5,3625.0,3249.9999999999995,661.4378277661702,3000.25,599.0527314018362,-3100.0,-2100.0,705.0999999999997,-14.12924008810569,1.9348974284763044e-05,-5.950716276404782e-06,-0.4999999999999997,-0.8660254037844388
girsomnath,Mango,2015,7,1550.0,1,139.1,4.487096774193549,4.197262420000229e-05,2015-07-01,6000.0,900.0,4000.0,2750.0,3250.0,10000.0,2549.9999999999995,1559.6473960482317,2782.1666666666665,1028.896577245093,650.0,-1200.0,998.1999999999996,-232.3292400881057,2.6791536670475016e-05,-3.1666060516871575e-06,-0.4999999999999997,-0.8660254037844388
bharuch,Mango,2015,7,2628.5714285714284,7,168.1,5.422580645161291,2.499715293981083e-05,2015-07-01,4000.0,1550.0,900.0,4000.0,2793.0,2400.0,2149.9999999999995,1634.7782724271906,2498.8333333333335,1105.5171489699599,1078.5714285714284,-1371.4285714285716,859.8999999999997,-203.3292400881057,4.197262420000229e-05,5.648178655047788e-06,-0.4999999999999997,-0.8660254037844388
valsad,Mango,2015,7,4291.666666666667,6,303.7,9.796774193548387,3.3430690752153525e-05,2015-07-01,3500.0,2628.5714285714284,1550.0,900.0,3000.0,3500.0,1692.8571428571422,873.0955952055746,2471.428571428571,1098.7841146523037,1663.0952380952385,3391.666666666667,664.4999999999997,-67.72924008810571,2.499715293981083e-05,6.6391540816785095e-06,-0.4999999999999997,-0.8660254037844388
dahod,Mango,2015,7,2180.0,5,343.8,11.09032258064516,3.187477625842634e-05,2015-07-01,1583.3333333333333,4291.666666666667,2628.5714285714284,1550.0,2750.0,2280.0,2823.412698412698,1381.1793395873062,2686.7063492063494,1326.0802759777082,-2111.666666666667,630.0,610.8999999999996,-27.62924008810569,3.3430690752153525e-05,-1.0097847941575951e-05,-0.4999999999999997,-0.8660254037844388
kachchh,Mango,2015,7,6000.0,2,295.7,9.538709677419355,1.2364862123290884e-05,2015-07-01,4658.333333333333,2180.0,4291.666666666667,2628.5714285714284,4000.0,4000.0,3033.412698412698,1112.5225247620056,2591.7063492063494,1340.9727610791215,3820.0,3371.4285714285716,815.5999999999997,-75.72924008810571,3.187477625842634e-05,-1.2632290816519948e-05,-0.4999999999999997,-0.8660254037844388
banaskantha,Mango,2015,7,4000.0,1,408.5,13.17741935483871,4.197262420000229e-05,2015-07-01,2400.0,6000.0,2180.0,4291.666666666667,900.0,2208.5,4157.222222222222,1913.5455263676151,2925.0396825396824,1895.1278408745277,-2000.0,-291.66666666666697,943.1999999999997,37.0707599118943,1.2364862123290884e-05,8.541933447848766e-06,-0.4999999999999997,-0.8660254037844388
mahesana,Mango,2015,7,3500.0,1,527.8,17.0258064516129,2.809542425085539e-05,2015-07-01,1441.6666666666667,4000.0,6000.0,2180.0,1550.0,3250.0,4059.9999999999995,1910.7066755522762,3441.7063492063494,1637.7200595874767,-500.0,1320.0,1047.9999999999995,156.37075991189425,4.197262420000229e-05,-3.7793520075709483e-06,-0.4999999999999997,-0.8660254037844388
surat,Mango,2015,7,1583.3333333333333,3,152.1,4.906451612903226,3.244978906163357e-05,2015-07-01,11000.0,3500.0,4000.0,6000.0,2628.5714285714284,2793.0,4499.999999999999,1322.875655532307,3766.7063492063494,1356.5935431050286,-1916.6666666666667,-4416.666666666667,1231.9999999999995,-219.3292400881057,2.809542425085539e-05,2.0084926938342688e-05,-0.4999999999999997,-0.8660254037844388
vadodara,Mango,2015,7,4658.333333333333,6,217.2,7.006451612903225,3.028928812260189e-05,2015-07-01,2800.0,1583.3333333333333,3500.0,4000.0,4291.666666666667,3000.0,3027.7777777777774,1275.6625003561257,3592.5,1580.595439840456,3075.0,658.333333333333,1088.3999999999996,-154.2292400881057,3.244978906163357e-05,-1.1683336077400403e-05,-0.4999999999999997,-0.8660254037844388
navsari,Mango,2015,7,2400.0,3,284.2,9.167741935483871,3.529973805016434e-05,2015-07-01,3125.0,4658.333333333333,1583.3333333333333,3500.0,2180.0,2750.0,3247.2222222222213,1553.0063437422693,3653.611111111111,1619.640020589852,-2258.333333333333,-1100.0,897.0999999999996,-87.22924008810571,3.028928812260189e-05,7.20431379930895e-06,-0.4999999999999997,-0.8660254037844388
navsari,Mango,2015,8,1441.6666666666667,3,86.7,2.796774193548387,6.268653794938585e-05,2015-08-01,1458.75,2400.0,4658.333333333333,1583.3333333333333,6000.0,4000.0,2880.5555555555547,1592.8297088771003,3690.2777777777774,1581.6518849561003,-958.3333333333333,-141.66666666666652,653.4999999999997,-220.48201086956522,3.529973805016434e-05,3.0236748887752273e-05,-0.8660254037844384,-0.5000000000000004
kachchh,Mango,2015,8,11000.0,1,4.9,0.1580645161290322,2.438801535424973e-05,2015-08-01,2800.0,1441.6666666666667,2400.0,4658.333333333333,4000.0,900.0,2833.3333333333326,1651.5354808312388,2930.555555555555,1324.1209522911033,9558.333333333334,6341.666666666667,588.0999999999997,-302.2820108695652,6.268653794938585e-05,-5.901272768352159e-06,-0.8660254037844384,-0.5000000000000004
bharuch,Mango,2015,8,2800.0,8,34.0,1.096774193548387,4.125474778005957e-05,2015-08-01,837.5,11000.0,1441.6666666666667,2400.0,3500.0,1550.0,4947.222222222222,5263.714450349187,4097.222222222222,3593.662116477759,-8200.0,400.0,375.7999999999997,-273.1820108695652,2.438801535424973e-05,5.955009729895227e-06,-0.8660254037844384,-0.5000000000000004
mahesana,Mango,2015,8,3125.0,1,58.1,1.8741935483870968,5.081842183727633e-05,2015-08-01,2900.0,2800.0,11000.0,1441.6666666666667,1583.3333333333333,2628.5714285714284,5080.555555555555,5171.18306185918,3980.555555555555,3628.1257277410186,325.0,1683.3333333333333,125.59999999999965,-249.0820108695652,4.125474778005957e-05,-1.1868116112109513e-05,-0.8660254037844384,-0.5000000000000004
surat,Mango,2015,8,1458.75,4,46.3,1.493548387096774,5.698972990264018e-05,2015-08-01,2981.25,3125.0,2800.0,11000.0,4658.333333333333,4291.666666666667,5641.666666666667,4643.297140323174,4237.5,3475.792275790434,-1666.25,-9541.25,96.99999999999966,-260.8820108695652,5.081842183727633e-05,3.260171454839045e-05,-0.8660254037844384,-0.5000000000000004
girsomnath,Mango,2015,8,2800.0,1,60.0,1.935483870967742,4.197262420000229e-05,2015-08-01,2300.0,1458.75,3125.0,2800.0,2400.0,2180.0,2461.2499999999995,883.2671948510372,3704.236111111111,3639.8842931917593,1341.25,0.0,138.39999999999964,-247.1820108695652,5.698972990264018e-05,7.178764199427227e-07,-0.8660254037844384,-0.5000000000000004
kheda,Mango,2015,8,837.5,2,43.3,1.396774193548387,5.280076077363703e-05,2015-08-01,2850.0,2800.0,1458.75,3125.0,1441.6666666666667,6000.0,2461.2499999999995,883.2671948510372,3770.9027777777774,3614.7955069011805,-1962.5,-2287.5,164.39999999999964,-263.8820108695652,4.197262420000229e-05,1.9823389363606965e-06,-0.8660254037844384,-0.5000000000000004
dahod,Mango,2015,8,2900.0,6,89.8,2.896774193548387,6.302105183042165e-05,2015-08-01,3328.5714285714284,837.5,2800.0,1458.75,11000.0,4000.0,1698.7499999999993,1003.0212173728019,3670.2083333333335,3700.065068403077,2062.5,1441.25,149.59999999999965,-217.3820108695652,5.280076077363703e-05,6.031321927781467e-06,-0.8660254037844384,-0.5000000000000004
vadodara,Mango,2015,8,2981.25,4,42.6,1.3741935483870968,5.3946805457450304e-05,2015-08-01,3666.6666666666665,2900.0,837.5,2800.0,2800.0,3500.0,2179.166666666666,1162.9927271197153,2320.2083333333335,936.459561549067,81.25,181.25,193.09999999999965,-264.5820108695652,6.302105183042165e-05,1.1974181257448013e-05,-0.8660254037844384,-0.5000000000000004
junagadh,Mango,2015,8,2300.0,1,62.3,2.009677419354839,5.83965711573694e-05,2015-08-01,2700.0,2981.25,2900.0,837.5,3125.0,1583.3333333333333,2239.5833333333326,1214.9191931290545,2350.4166666666665,957.7142928173676,-681.25,1462.5,175.69999999999965,-244.8820108695652,5.3946805457450304e-05,5.595810383732372e-06,-0.8660254037844384,-0.5000000000000004
valsad,Mango,2015,8,2850.0,5,120.4,3.883870967741936,6.37345824097179e-05,2015-08-01,2250.0,2300.0,2981.25,2900.0,1458.75,4658.333333333333,2727.0833333333326,372.0893989800767,2212.9166666666665,880.3645078413094,550.0,-50.0,194.69999999999965,-186.7820108695652,5.83965711573694e-05,7.135305792962558e-07,-0.8660254037844384,-0.5000000000000004
ahmadabad,Mango,2015,8,3328.5714285714284,7,25.8,0.832258064516129,3.993645080618366e-05,2015-08-01,1680.0,2850.0,2300.0,2981.25,2800.0,2400.0,2710.416666666666,361.43882031867383,2444.7916666666665,823.3735546012333,478.57142857142844,347.32142857142844,225.29999999999967,-281.3820108695652,6.37345824097179e-05,-1.4010354651266643e-05,-0.8660254037844384,-0.5000000000000004
banaskantha,Mango,2015,8,3666.6666666666665,3,34.7,1.1193548387096774,4.197262420000229e-05,2015-08-01,3916.6666666666665,3328.5714285714284,2850.0,2300.0,837.5,1441.6666666666667,2826.1904761904757,514.6989080874529,2532.8869047619046,894.2090509177372,338.0952380952381,1366.6666666666665,208.4999999999997,-272.4820108695652,3.993645080618366e-05,-1.642394695736711e-05,-0.8660254037844384,-0.5000000000000004
dahod,Mango,2015,9,2700.0,7,73.8,2.46,6.0384896613778486e-05,2015-09-01,3750.0,3666.6666666666665,3328.5714285714284,2850.0,2900.0,11000.0,3281.7460317460313,410.34202130908653,3004.4146825396824,463.7107404592571,-966.6666666666665,-150.0,180.89999999999966,-132.77303042328043,4.197262420000229e-05,-3.349685795939417e-06,-1.0,-1.8369701987210297e-16
junagadh,Mango,2015,9,2250.0,1,142.9,4.763333333333334,6.694575193074498e-05,2015-09-01,950.0,2700.0,3666.6666666666665,3328.5714285714284,2981.25,2800.0,3231.7460317460313,490.5532378997526,2971.0813492063494,479.6326636991208,-450.0,-1078.5714285714284,134.29999999999967,-63.67303042328044,6.0384896613778486e-05,2.700930112456132e-05,-1.0,-1.8369701987210297e-16
surat,Mango,2015,9,1680.0,3,430.2,14.34,6.496187448393784e-05,2015-09-01,1500.0,2250.0,2700.0,3666.6666666666665,2300.0,3125.0,2872.2222222222213,723.8656515414328,2849.2063492063494,562.311528852087,-570.0,-1986.6666666666665,251.39999999999964,223.62696957671955,6.694575193074498e-05,2.2989250283935544e-05,-1.0,-1.8369701987210297e-16
banaskantha,Mango,2015,9,3916.6666666666665,3,25.1,0.8366666666666666,4.197262420000229e-05,2015-09-01,2514.285714285714,1680.0,2250.0,2700.0,2850.0,1458.75,2209.9999999999995,511.1751167653,2745.873015873016,718.6543652896107,2236.6666666666665,1216.6666666666665,646.8999999999996,-181.47303042328045,6.496187448393784e-05,-1.8412272413776194e-05,-1.0,-1.8369701987210297e-16
valsad,Mango,2015,9,3750.0,8,327.1,10.903333333333334,7.556758052855282e-05,2015-09-01,3250.0,3916.6666666666665,1680.0,2250.0,3328.5714285714284,2800.0,2615.5555555555547,1162.279051085673,2923.6507936507937,866.3262893430832,-166.66666666666652,1500.0,598.1999999999997,120.52696957671958,4.197262420000229e-05,8.621828597807837e-06,-1.0,-1.8369701987210297e-16
kheda,Mango,2015,9,950.0,2,33.7,1.1233333333333335,6.363389296339803e-05,2015-09-01,2704.285714285714,3750.0,3916.6666666666665,1680.0,3666.6666666666665,837.5,3115.5555555555547,1246.0173591324005,2993.888888888889,921.0752573105148,-2800.0,-730.0,782.3999999999996,-172.87303042328045,7.556758052855282e-05,-1.3279815205398079e-06,-1.0,-1.8369701987210297e-16
navsari,Mango,2015,9,1500.0,3,379.7,12.656666666666666,7.295825273716673e-05,2015-09-01,3400.0,950.0,3750.0,3916.6666666666665,2700.0,2900.0,2872.2222222222213,1666.7777740743275,2541.111111111111,1160.7500767782633,550.0,-2416.6666666666665,385.8999999999997,173.12696957671955,6.363389296339803e-05,3.0985628537164436e-05,-1.0,-1.8369701987210297e-16
bharuch,Mango,2015,9,2514.285714285714,7,227.0,7.566666666666666,5.0571367613241335e-05,2015-09-01,4035.0,1500.0,950.0,3750.0,2250.0,2981.25,2066.666666666666,1483.5205874315836,2341.111111111111,1229.2575295982847,1014.2857142857142,-1235.7142857142858,740.4999999999997,20.426969576719557,7.295825273716673e-05,-2.4996212915311483e-05,-1.0,-1.8369701987210297e-16
mahesana,Mango,2015,9,3250.0,1,32.7,1.09,5.865094878433846e-05,2015-09-01,2683.333333333333,2514.285714285714,1500.0,950.0,1680.0,2300.0,1654.761904761904,793.5432466814626,2385.15873015873,1230.074584935774,735.7142857142858,2300.0,640.3999999999996,-173.87303042328045,5.0571367613241335e-05,-4.98294417905957e-06,-1.0,-1.8369701987210297e-16
ahmadabad,Mango,2015,9,2704.285714285714,7,72.3,2.41,4.816321713473653e-05,2015-09-01,2670.0,3250.0,2514.285714285714,1500.0,3916.6666666666665,2850.0,2421.4285714285706,878.6875649141244,2646.8253968253966,1216.9882779352888,-545.7142857142858,1204.2857142857142,639.3999999999996,-134.27303042328043,5.865094878433846e-05,-2.47950356024302e-05,-1.0,-1.8369701987210297e-16
girsomnath,Mango,2015,9,3400.0,1,119.5,3.983333333333333,4.197262420000229e-05,2015-09-01,2500.0,2704.285714285714,3250.0,2514.285714285714,3750.0,3328.5714285714284,2822.8571428571427,381.9204960540148,2444.7619047619046,1053.6725536617814,695.7142857142858,885.7142857142858,331.99999999999966,-87.07303042328044,4.816321713473653e-05,-8.598743413239044e-06,-1.0,-1.8369701987210297e-16
vadodara,Mango,2015,9,4035.0,5,94.1,3.1366666666666663,6.324339136133129e-05,2015-09-01,11000.0,3400.0,2704.285714285714,3250.0,950.0,3666.6666666666665,3118.095238095238,366.1335022865603,2386.428571428571,973.6062775441997,635.0,785.0,224.49999999999966,-112.47303042328045,4.197262420000229e-05,4.592442576992828e-06,-1.0,-1.8369701987210297e-16
dahod,Mango,2015,10,2683.333333333333,6,0.7000000000000001,0.0225806451612903,4.8162568824485165e-05,2015-10-01,3679.1666666666665,4035.0,3400.0,2704.285714285714,1500.0,2700.0,3379.7619047619046,665.5879452973857,2900.595238095238,872.6743339856401,-1351.666666666667,-20.95238095238119,285.89999999999964,-33.78738938053097,6.324339136133129e-05,-6.48310251362698e-10,-0.8660254037844386,0.5000000000000001
ahmadabad,Mango,2015,10,2670.0,8,0.0,0.0,4.292876526750568e-05,2015-10-01,2743.75,2683.333333333333,4035.0,3400.0,2514.285714285714,2250.0,3372.7777777777774,676.2443947874964,3097.8174603174607,576.1872179495977,-13.33333333333303,-730.0,214.29999999999964,-34.48738938053097,4.8162568824485165e-05,9.561410675033909e-07,-0.8660254037844386,0.5000000000000001
gandhinagar,Mango,2015,10,2500.0,1,0.2,0.0064516129032258,5.5754841121680216e-05,2015-10-01,3725.0,2670.0,2683.333333333333,4035.0,3250.0,1680.0,3129.444444444444,784.26245134688,3123.769841269841,547.436914156421,-170.0,-1535.0,94.79999999999966,-34.28738938053097,4.292876526750568e-05,-7.48855023965107e-06,-0.8660254037844386,0.5000000000000001
kachchh,Mango,2015,10,11000.0,1,0.3,0.0096774193548387,2.7851358277958565e-05,2015-10-01,3250.0,2500.0,2670.0,2683.333333333333,2704.285714285714,3916.6666666666665,2617.777777777777,102.21618339661526,2998.769841269841,596.2953356869878,8500.0,8316.666666666668,0.8999999999996591,-34.18738938053097,5.5754841121680216e-05,-2.03112105465266e-05,-0.8660254037844386,0.5000000000000001
vadodara,Mango,2015,10,3679.1666666666665,6,0.0,0.0,5.9707288964469726e-05,2015-10-01,2840.0,11000.0,2500.0,2670.0,3400.0,3750.0,5389.999999999999,4859.146015505198,4381.38888888889,3293.660310466266,-7320.833333333334,1009.1666666666665,0.49999999999965894,-34.48738938053097,2.7851358277958565e-05,1.6778523696964044e-05,-0.8660254037844386,0.5000000000000001
bharuch,Mango,2015,10,2743.75,8,1.9,0.0612903225806451,5.07932456986119e-05,2015-10-01,1029.0,3679.1666666666665,11000.0,2500.0,4035.0,950.0,5726.388888888888,4604.9798175855685,4427.916666666667,3278.96307076558,-935.4166666666665,243.75,0.49999999999965894,-32.58738938053097,5.9707288964469726e-05,-4.961595423068315e-06,-0.8660254037844386,0.5000000000000001
mahesana,Mango,2015,10,3725.0,1,0.0,0.0,5.293912538856072e-05,2015-10-01,2400.0,2743.75,3679.1666666666665,11000.0,2683.333333333333,1500.0,5807.638888888888,4520.974620168061,4212.708333333333,3351.4814691706774,981.25,-7275.0,2.1999999999996587,-34.48738938053097,5.07932456986119e-05,2.5087767110602157e-05,-0.8660254037844386,0.5000000000000001
girsomnath,Mango,2015,10,3250.0,1,2.1,0.0677419354838709,4.197262420000229e-05,2015-10-01,2775.0,3725.0,2743.75,3679.1666666666665,2670.0,2514.285714285714,3382.6388888888882,553.7683928055095,4386.319444444444,3282.686912007984,-475.0,-429.1666666666665,1.8999999999996589,-32.38738938053097,5.293912538856072e-05,-1.7734664764467435e-05,-0.8660254037844386,0.5000000000000001
valsad,Mango,2015,10,2840.0,10,31.6,1.0193548387096774,6.839706761373288e-05,2015-10-01,1787.5,3250.0,3725.0,2743.75,2500.0,3250.0,3239.5833333333326,490.7079282356861,4482.98611111111,3230.156949410364,-410.0,96.25,3.999999999999659,-2.887389380530969,4.197262420000229e-05,1.760382191512098e-05,-0.8660254037844386,0.5000000000000001
surat,Mango,2015,10,1029.0,5,1.2,0.0387096774193548,6.019050264466541e-05,2015-10-01,3750.0,2840.0,3250.0,3725.0,11000.0,2704.285714285714,3271.666666666666,442.89765559704574,4539.652777777777,3191.158797894524,-1811.0,-2696.0,33.69999999999966,-33.28738938053097,6.839706761373288e-05,7.2513772561046876e-06,-0.8660254037844386,0.5000000000000001
junagadh,Mango,2015,10,2400.0,1,7.5,0.2419354838709677,5.601644398254376e-05,2015-10-01,3770.8333333333335,1029.0,2840.0,3250.0,3679.1666666666665,3400.0,2372.9999999999995,1181.8532057747361,2877.819444444445,993.5722313627643,1371.0,-850.0,34.899999999999665,-26.98738938053097,6.019050264466541e-05,1.4043819782541466e-05,-0.8660254037844386,0.5000000000000001
navsari,Mango,2015,10,2775.0,3,5.5,0.1774193548387097,6.719155307122054e-05,2015-10-01,1986.6666666666667,2400.0,1029.0,2840.0,2743.75,4035.0,2089.666666666666,944.5423936136232,2664.625,921.886296540955,375.0,-65.0,40.29999999999966,-28.98738938053097,5.601644398254376e-05,-1.2055145425123433e-06,-0.8660254037844386,0.5000000000000001
kheda,Mango,2015,10,1787.5,2,0.0,0.0,5.5627344753845285e-05,2015-10-01,11000.0,2775.0,2400.0,1029.0,3725.0,2683.333333333333,2067.9999999999995,919.1283914666216,2669.8333333333335,922.5107948781218,-987.5,758.5,14.199999999999658,-34.48738938053097,6.719155307122054e-05,-4.563157890820125e-06,-0.8660254037844386,0.5000000000000001
banaskantha,Mango,2015,10,3750.0,2,0.0,0.0,4.197262420000229e-05,2015-10-01,3250.0,1787.5,2775.0,2400.0,3250.0,2670.0,2320.8333333333326,498.4872950571097,2346.9166666666665,811.7407478170999,1962.5,1350.0,12.999999999999659,-34.48738938053097,5.5627344753845285e-05,-1.4043819782541466e-05,-0.8660254037844386,0.5000000000000001
vadodara,Mango,2015,11,3770.8333333333335,6,1.0,0.0333333333333333,5.621051729028894e-05,2015-11-01,3833.3333333333335,3750.0,1787.5,2775.0,2840.0,2500.0,2770.8333333333326,981.2566347971137,2430.25,938.7259317820074,20.833333333333485,995.8333333333335,5.499999999999659,-8.795056689342402,4.197262420000229e-05,-1.0981035780931598e-05,-0.5000000000000004,0.8660254037844384
surat,Mango,2015,11,1986.6666666666667,6,9.4,0.3133333333333333,5.34152975260273e-05,2015-11-01,3460.0,3770.8333333333335,3750.0,1787.5,1029.0,11000.0,3102.7777777777774,1139.1115974659842,2585.388888888889,1085.4392693317325,-1784.1666666666667,199.16666666666674,0.9999999999996589,-0.3950566893424021,5.621051729028894e-05,-2.212047227817982e-06,-0.5000000000000004,0.8660254037844384
kachchh,Mango,2015,11,11000.0,1,0.0,0.0,2.499206616575601e-05,2015-11-01,3300.0,1986.6666666666667,3770.8333333333335,3750.0,2400.0,3679.1666666666665,3169.166666666666,1024.12801662901,2745.0,857.2233923805638,9013.333333333334,7250.0,10.39999999999966,-9.795056689342402,5.34152975260273e-05,-1.698055803424628e-05,-0.5000000000000004,0.8660254037844384
mahesana,Mango,2015,11,3250.0,1,0.0,0.0,4.839573967390623e-05,2015-11-01,2560.0,11000.0,1986.6666666666667,3770.8333333333335,2775.0,2743.75,5585.833333333333,4772.914538774446,4178.333333333333,3445.9684576488958,-7750.0,-520.8333333333335,10.39999999999966,-9.795056689342402,2.499206616575601e-05,-7.814777616382707e-06,-0.5000000000000004,0.8660254037844384
banaskantha,Mango,2015,11,3833.3333333333335,3,0.0,0.0,4.197262420000229e-05,2015-11-01,3000.0,3250.0,11000.0,1986.6666666666667,1787.5,3725.0,5412.222222222222,4880.209846732841,4257.5,3412.575192496781,583.3333333333335,1846.6666666666667,9.39999999999966,-9.795056689342402,4.839573967390623e-05,-1.1442673326025012e-05,-0.5000000000000004,0.8660254037844384
ahmadabad,Mango,2015,11,3460.0,10,0.0,0.0,3.8085233574586754e-05,2015-11-01,2800.0,3833.3333333333335,3250.0,11000.0,3750.0,3250.0,6027.777777777777,4315.937304319289,4598.472222222222,3212.7804856656594,-373.3333333333335,-7540.0,0.0,-9.795056689342402,4.197262420000229e-05,1.3093167408830743e-05,-0.5000000000000004,0.8660254037844384
girsomnath,Mango,2015,11,3300.0,1,4.1,0.1366666666666666,4.197262420000229e-05,2015-11-01,3147.9166666666665,3460.0,3833.3333333333335,3250.0,3770.8333333333335,2840.0,3514.444444444444,295.4531986501722,4550.138888888889,3230.231863739585,-160.0,50.0,0.0,-5.695056689342403,3.8085233574586754e-05,-6.42311547390394e-06,-0.5000000000000004,0.8660254037844384
dahod,Mango,2015,11,2560.0,5,0.4,0.0133333333333333,4.424194261613453e-05,2015-11-01,1550.0,3300.0,3460.0,3833.3333333333335,1986.6666666666667,1029.0,3531.111111111111,273.68541010388054,4471.666666666667,3258.54483542032,-740.0,-1273.3333333333335,4.099999999999659,-9.395056689342402,4.197262420000229e-05,2.2693184161322417e-06,-0.5000000000000004,0.8660254037844384
gandhinagar,Mango,2015,11,3000.0,1,0.0,0.0,5.022759683302467e-05,2015-11-01,1441.6666666666667,2560.0,3300.0,3460.0,11000.0,2400.0,3106.666666666666,480.1388688008466,4567.222222222222,3178.522659396389,440.0,-460.0,4.499999999999659,-9.795056689342402,4.424194261613453e-05,1.2142363258437917e-05,-0.5000000000000004,0.8660254037844384
bharuch,Mango,2015,11,2800.0,7,5.6,0.1866666666666666,4.8660908433140606e-05,2015-11-01,150.0,3000.0,2560.0,3300.0,3250.0,2775.0,2953.3333333333326,372.2006627255729,3233.8888888888887,429.86518127672537,-200.0,-500.0,4.499999999999659,-4.195056689342403,5.022759683302467e-05,6.688284233138315e-06,-0.5000000000000004,0.8660254037844384
valsad,Mango,2015,11,3147.9166666666665,12,8.799999999999999,0.2933333333333333,5.992724413952525e-05,2015-11-01,4875.0,2800.0,3000.0,2560.0,3833.3333333333335,1787.5,2786.666666666666,220.30282189149278,3158.8888888888887,464.36416105689295,347.9166666666665,587.9166666666665,5.999999999999659,-0.9950566893424035,4.8660908433140606e-05,1.5685301523390718e-05,-0.5000000000000004,0.8660254037844384
navsari,Mango,2015,11,1550.0,2,8.1,0.2699999999999999,6.024091321268308e-05,2015-11-01,2775.0,3147.9166666666665,2800.0,3000.0,3460.0,3750.0,2982.6388888888882,174.6068666186783,3044.6527777777774,330.186649305552,-1597.9166666666665,-1450.0,14.399999999999658,-1.6950566893424028,5.992724413952525e-05,1.0013316379658407e-05,-0.5000000000000004,0.8660254037844384
kheda,Mango,2015,11,1441.6666666666667,3,0.0,0.0,5.159816208472068e-05,2015-11-01,1835.0,1550.0,3147.9166666666665,2800.0,3300.0,3770.8333333333335,2499.3055555555547,840.325698817198,2726.3194444444443,632.2298729643489,-108.33333333333326,-1358.3333333333333,22.49999999999966,-9.795056689342402,6.024091321268308e-05,2.9372536515800756e-06,-0.5000000000000004,0.8660254037844384
gandhinagar,Mango,2015,12,150.0,1,0.0,0.0,4.455024847458106e-05,2015-12-01,3450.0,1441.6666666666667,1550.0,3147.9166666666665,2560.0,1986.6666666666667,2046.5277777777771,955.3675424692427,2416.597222222222,740.8413205731151,-1291.6666666666667,-2997.9166666666665,16.899999999999658,-3.6994424213174213,5.159816208472068e-05,-1.5376995664944193e-05,-2.4492935982947064e-16,1.0
banaskantha,Mango,2015,12,4875.0,2,0.0,0.0,4.197262420000229e-05,2015-12-01,2671.428571428572,150.0,1441.6666666666667,1550.0,3000.0,11000.0,1047.2222222222217,778.9029559674464,2014.9305555555554,1174.1474571608994,4725.0,3325.0,8.099999999999659,-3.6994424213174213,4.455024847458106e-05,-1.8268289012680787e-05,-2.4492935982947064e-16,1.0
navsari,Mango,2015,12,2775.0,3,0.0,0.0,5.306150094754468e-05,2015-12-01,2725.0,4875.0,150.0,1441.6666666666667,2800.0,3250.0,2155.555555555555,2442.0553350117348,2327.430555555555,1644.1903279397857,-2100.0,1333.3333333333333,0.0,-3.6994424213174213,4.197262420000229e-05,1.4633388628240002e-06,-2.4492935982947064e-16,1.0
ahmadabad,Mango,2015,12,1835.0,4,0.0,0.0,3.595764888621849e-05,2015-12-01,2554.0,2775.0,4875.0,150.0,3147.9166666666665,3833.3333333333335,2599.9999999999995,2367.356120232024,2323.2638888888887,1642.784315335693,-940.0,1685.0,0.0,-3.6994424213174213,5.306150094754468e-05,-8.59259958836257e-06,-2.4492935982947064e-16,1.0
girsomnath,Mango,2015,12,3450.0,1,0.0,0.0,4.197262420000229e-05,2015-12-01,900.0,1835.0,2775.0,4875.0,1550.0,3460.0,3161.666666666666,1556.448949799947,2104.444444444445,1597.7959356100048,1615.0,-1425.0,0.0,-3.6994424213174213,3.595764888621849e-05,0.0,-2.4492935982947064e-16,1.0
dahod,Mango,2015,12,2671.428571428572,7,0.0,0.0,4.0429194291306014e-05,2015-12-01,2678.5714285714284,3450.0,1835.0,2775.0,1441.6666666666667,3300.0,2686.666666666666,811.115487050614,2421.1111111111113,1653.2515660784175,-778.571428571428,-103.57142857142799,0.0,-3.6994424213174213,4.197262420000229e-05,-1.2632306656238668e-05,-2.4492935982947064e-16,1.0
vadodara,Mango,2015,12,2725.0,4,0.0,0.0,5.0986610246527535e-05,2015-12-01,2618.75,2671.428571428572,3450.0,1835.0,150.0,2560.0,2652.142857142857,807.672708516051,2626.071428571429,1582.2451595432228,53.57142857142799,890.0,0.0,-3.6994424213174213,4.0429194291306014e-05,1.5028961360309047e-05,-2.4492935982947064e-16,1.0
surat,Mango,2015,12,2554.0,5,0.0,0.0,4.571377261785663e-05,2015-12-01,1800.0,2725.0,2671.428571428572,3450.0,4875.0,3000.0,2948.8095238095234,434.86939942682346,3055.2380952380954,1028.7129532265324,-171.0,-896.0,0.0,-3.6994424213174213,5.0986610246527535e-05,3.741148417854338e-06,-2.4492935982947064e-16,1.0
kheda,Mango,2015,12,900.0,2,0.0,0.0,4.760953188109449e-05,2015-12-01,1000.0,2554.0,2725.0,2671.428571428572,2775.0,2800.0,2650.142857142857,87.46462841921233,2668.404761904762,516.3560345553913,-1654.0,-1771.428571428572,0.0,-3.6994424213174213,4.571377261785663e-05,7.180337589788476e-06,-2.4492935982947064e-16,1.0
valsad,Mango,2015,12,2678.5714285714284,7,0.0,0.0,5.1901107382843465e-05,2015-12-01,3266.6666666666665,900.0,2554.0,2725.0,1835.0,3147.9166666666665,2059.666666666666,1007.9336949092187,2355.904761904762,878.9849975115276,1778.5714285714284,-46.42857142857156,0.0,-3.6994424213174213,4.760953188109449e-05,9.144971363159307e-07,-2.4492935982947064e-16,1.0
bharuch,Mango,2015,12,2618.75,8,0.0,0.0,4.418720889902225e-05,2015-12-01,3250.0,2678.5714285714284,900.0,2554.0,3450.0,1550.0,2044.1904761904755,992.8536622069939,2496.5000000000005,845.841948617362,-59.82142857142844,64.75,0.0,-3.6994424213174213,5.1901107382843465e-05,-1.5265637188343806e-06,-2.4492935982947064e-16,1.0
girsomnath,Mango,2016,1,1800.0,1,0.0,0.0,4.197262420000229e-05,2016-01-01,2925.0,2618.75,2678.5714285714284,900.0,2671.428571428572,1441.6666666666667,2065.7738095238087,1010.0327133602356,2357.9583333333335,716.6398066375347,-818.75,900.0,0.0,-1.0126696832579185,4.418720889902225e-05,-5.636907681092199e-06,0.49999999999999994,0.8660254037844387
kheda,Mango,2016,1,1000.0,1,0.0,0.0,5.079239115389563e-05,2016-01-01,4458.333333333333,1800.0,2618.75,2678.5714285714284,2725.0,150.0,2365.7738095238087,490.88659941621313,2212.720238095238,728.6085846326134,-800.0,-1678.5714285714284,0.0,-1.0126696832579185,4.197262420000229e-05,-1.1087162289478376e-06,0.49999999999999994,0.8660254037844387
ahmadabad,Mango,2016,1,3266.6666666666665,3,0.0,0.0,3.82949029180592e-05,2016-01-01,3625.0,1000.0,1800.0,2618.75,2554.0,4875.0,1806.2499999999993,809.3930982532622,1925.2202380952383,820.5698836089799,2266.6666666666665,647.9166666666665,0.0,-1.0126696832579185,5.079239115389563e-05,-5.892305980963051e-06,0.49999999999999994,0.8660254037844387
valsad,Mango,2016,1,3250.0,2,0.1,0.0032258064516129,4.576992582575527e-05,2016-01-01,3094.4444444444443,3266.6666666666665,1000.0,1800.0,900.0,2775.0,2022.2222222222215,1149.5570805669015,2043.998015873016,968.1053907724449,-16.666666666666515,1450.0,0.0,-0.9126696832579185,3.82949029180592e-05,3.797301625752977e-06,0.49999999999999994,0.8660254037844387
navsari,Mango,2016,1,2925.0,7,0.0,0.0,4.687654204436529e-05,2016-01-01,2133.333333333333,3250.0,3266.6666666666665,1000.0,2678.5714285714284,1835.0,2505.5555555555547,1303.875988195431,2435.6646825396824,884.4696599594017,-325.0,1925.0,0.09999999999965895,-1.0126696832579185,4.576992582575527e-05,-3.91584910953034e-06,0.49999999999999994,0.8660254037844387
rajkot,Mango,2016,1,4458.333333333333,3,0.0,0.0,3.617850402235782e-05,2016-01-01,7000.0,2925.0,3250.0,3266.6666666666665,2618.75,3450.0,3147.2222222222213,192.63042719545857,2476.736111111111,903.5216753482307,1533.333333333333,1191.6666666666665,0.09999999999965895,-1.0126696832579185,4.687654204436529e-05,-2.1163988957013802e-06,0.49999999999999994,0.8660254037844387
banaskantha,Mango,2016,1,3625.0,2,0.4,0.0129032258064516,4.197262420000229e-05,2016-01-01,3000.0,4458.333333333333,2925.0,3250.0,1800.0,2671.428571428572,3544.444444444444,807.960968070829,2783.3333333333335,1218.5487725614885,-833.333333333333,375.0,0.09999999999965895,-0.6126696832579185,3.617850402235782e-05,-3.797301625752977e-06,0.49999999999999994,0.8660254037844387
bharuch,Mango,2016,1,3094.4444444444443,9,0.0,0.0,3.892343156024125e-05,2016-01-01,2450.0,3625.0,4458.333333333333,2925.0,1000.0,2725.0,3669.444444444444,767.6322421962781,3087.5,1149.8399647100648,-530.5555555555557,169.44444444444434,0.39999999999965896,-1.0126696832579185,4.197262420000229e-05,-7.953110484124037e-06,0.49999999999999994,0.8660254037844387
dahod,Mango,2016,1,2133.333333333333,3,1.7,0.0548387096774193,3.7173361175187615e-05,2016-01-01,1584.571428571429,3094.4444444444443,3625.0,4458.333333333333,3266.6666666666665,2554.0,3725.9259259259256,687.5229139466353,3436.5740740740744,551.7128677830201,-961.1111111111113,-2325.0,0.39999999999965896,0.6873303167420814,3.892343156024125e-05,9.948571528297975e-07,0.49999999999999994,0.8660254037844387
kachchh,Mango,2016,1,7000.0,1,0.0,0.0,2.288027006581275e-05,2016-01-01,4027.5,2133.333333333333,3094.4444444444443,3625.0,3250.0,900.0,2950.925925925925,756.1187307423655,3247.6851851851857,771.677299076151,4866.666666666667,3375.0,2.099999999999659,-1.0126696832579185,3.7173361175187615e-05,-1.9092354134189542e-05,0.49999999999999994,0.8660254037844387
gandhinagar,Mango,2016,1,3000.0,1,0.0,0.0,4.953582223141147e-05,2016-01-01,2875.0,7000.0,2133.333333333333,3094.4444444444443,2925.0,2678.5714285714284,4075.925925925925,2577.516350089646,3872.6851851851848,1715.4323292195716,-4000.0,-94.44444444444434,1.699999999999659,-1.0126696832579185,2.288027006581275e-05,1.0612390671170218e-05,0.49999999999999994,0.8660254037844387
mahesana,Mango,2016,1,2450.0,2,0.0,0.0,5.218181959198981e-05,2016-01-01,3863.8888888888887,3000.0,7000.0,2133.333333333333,4458.333333333333,2618.75,4044.444444444444,2596.0083318932716,3885.1851851851848,1707.4000763078725,-550.0,316.66666666666697,1.6999999999996587,-1.0126696832579185,4.953582223141147e-05,1.5008458416802195e-05,0.49999999999999994,0.8660254037844387
surat,Mango,2016,1,1584.571428571429,7,0.0,0.0,3.959206418650816e-05,2016-01-01,3600.0,2450.0,3000.0,7000.0,3625.0,1800.0,4149.999999999999,2483.445187637534,3550.462962962963,1768.3381476761585,-865.4285714285711,-5415.428571428571,0.0,-1.0126696832579185,5.218181959198981e-05,1.6711794120695414e-05,0.49999999999999994,0.8660254037844387
vadodara,Mango,2016,1,4027.5,10,0.1,0.0032258064516129,4.657092953321952e-05,2016-01-01,1050.0,1584.571428571429,2450.0,3000.0,3094.4444444444443,1000.0,2344.8571428571427,713.5480190640474,3210.3915343915346,1939.0916078696284,2442.928571428571,1027.5,0.0,-0.9126696832579185,3.959206418650816e-05,-2.964892698191946e-06,0.49999999999999994,0.8660254037844387
rajkot,Mango,2016,2,2875.0,2,0.0,0.0,3.1083500244778164e-05,2016-02-01,2500.0,4027.5,1584.571428571429,2450.0,2133.333333333333,3266.6666666666665,2687.3571428571427,1238.6399037753115,3365.9007936507937,1965.1720055588896,-1152.5,425.0,0.09999999999965895,-0.3375549656799657,4.657092953321952e-05,-2.1098319347211646e-05,0.8660254037844386,0.5000000000000001
vadodara,Mango,2016,2,3863.8888888888887,9,0.0,0.0,4.224569361379021e-05,2016-02-01,3685.714285714286,2875.0,4027.5,1584.571428571429,7000.0,3250.0,2829.023809523809,1222.1130712186825,3489.511904761905,1894.1799207780948,988.8888888888887,2279.31746031746,0.09999999999965895,-0.3375549656799657,3.1083500244778164e-05,2.653629427282047e-06,0.8660254037844386,0.5000000000000001
girsomnath,Mango,2016,2,3600.0,1,0.0,0.0,4.197262420000229e-05,2016-02-01,3725.0,3863.8888888888887,2875.0,4027.5,3000.0,2925.0,3588.7962962962956,623.555140604671,2966.82671957672,907.4161673628864,-263.8888888888887,-427.5,0.09999999999965895,-0.3375549656799657,4.224569361379021e-05,-4.598305333217232e-06,0.8660254037844386,0.5000000000000001
kheda,Mango,2016,2,1050.0,2,0.0,0.0,4.871549059095834e-05,2016-02-01,3337.0,3600.0,3863.8888888888887,2875.0,2450.0,4458.333333333333,3446.2962962962956,512.0487574842626,3066.82671957672,944.1216489908157,-2550.0,-1825.0,0.0,-0.3375549656799657,4.197262420000229e-05,1.7631990346180173e-05,0.8660254037844386,0.5000000000000001
mahesana,Mango,2016,2,2500.0,1,0.0,0.0,4.920225003790231e-05,2016-02-01,3000.0,1050.0,3600.0,3863.8888888888887,1584.571428571429,3625.0,2837.962962962962,1554.0328195103375,2833.4933862433863,1250.3820686985107,1450.0,-1363.8888888888887,0.0,-0.3375549656799657,4.871549059095834e-05,6.9565564241121005e-06,0.8660254037844386,0.5000000000000001
ahmadabad,Mango,2016,2,3685.714285714286,7,0.0,0.0,3.58758547397519e-05,2016-02-01,3214.285714285714,2500.0,1050.0,3600.0,4027.5,3094.4444444444443,2383.3333333333326,1278.9970028633197,2986.0648148148152,1116.1559143801371,1185.7142857142858,85.71428571428578,0.0,-0.3375549656799657,4.920225003790231e-05,-6.096769460250389e-06,0.8660254037844386,0.5000000000000001
valsad,Mango,2016,2,3725.0,2,0.0,0.0,3.876307040911873e-05,2016-02-01,3000.0,3685.714285714286,2500.0,1050.0,2875.0,2133.333333333333,2411.9047619047615,1320.0636451364403,2929.100529100529,1059.6671821034543,39.28571428571422,2675.0,0.0,-0.3375549656799657,3.58758547397519e-05,-9.952420181839608e-06,0.8660254037844386,0.5000000000000001
navsari,Mango,2016,2,3337.0,5,0.0,0.0,4.151008415003415e-05,2016-02-01,3125.0,3725.0,3685.714285714286,2500.0,3863.8888888888887,7000.0,3303.571428571428,696.1904354765328,3070.7671957671955,1106.759695507368,-388.0,837.0,0.0,-0.3375549656799657,3.876307040911873e-05,-7.69216588786816e-06,0.8660254037844386,0.5000000000000001
gandhinagar,Mango,2016,2,3000.0,1,0.0,0.0,4.69955679421776e-05,2016-02-01,1680.5,3337.0,3725.0,3685.714285714286,3600.0,3000.0,3582.571428571428,213.57630190337142,2982.952380952381,1050.7287331886846,-337.0,-685.7142857142858,0.0,-0.3375549656799657,4.151008415003415e-05,1.1119713202425699e-05,0.8660254037844386,0.5000000000000001
bharuch,Mango,2016,2,3214.285714285714,7,0.0,0.0,3.3531682172214e-05,2016-02-01,2733.333333333333,3000.0,3337.0,3725.0,1050.0,2450.0,3353.9999999999995,362.7988423355637,2882.952380952381,1007.9382134718722,214.28571428571422,-510.7142857142858,0.0,-0.3375549656799657,4.69955679421776e-05,-5.231388236904727e-06,0.8660254037844386,0.5000000000000001
dahod,Mango,2016,2,3000.0,3,0.4,0.0137931034482758,3.233973961975575e-05,2016-02-01,3100.0,3214.285714285714,3000.0,3337.0,2500.0,1584.571428571429,3183.761904761904,170.56091935407966,3243.6666666666665,458.05584426201096,-214.28571428571422,-337.0,0.0,0.06244503432003434,3.3531682172214e-05,-9.1703445302784e-06,0.8660254037844386,0.5000000000000001
banaskantha,Mango,2016,2,3125.0,2,0.0,0.0,4.197262420000229e-05,2016-02-01,3037.5,3000.0,3214.285714285714,3000.0,3685.714285714286,4027.5,3071.4285714285706,123.71791482644593,3327.0,320.5440528163281,125.0,125.0,0.39999999999965896,-0.3375549656799657,3.233973961975575e-05,-5.02294374217531e-06,0.8660254037844386,0.5000000000000001
surat,Mango,2016,2,1680.5,4,0.3,0.0103448275862068,3.520576591431061e-05,2016-02-01,800.0,3125.0,3000.0,3214.285714285714,3725.0,2875.0,3113.095238095237,107.6377459526434,3233.547619047619,273.302186295705,-1444.5,-1533.7857142857142,0.39999999999965896,-0.03755496567996569,4.197262420000229e-05,1.6740837420966086e-06,0.8660254037844386,0.5000000000000001
dahod,Mango,2016,3,2733.333333333333,3,0.1,0.0032258064516129,2.845132060744004e-05,2016-03-01,3500.0,1680.5,3125.0,3000.0,3337.0,3863.8888888888887,2601.8333333333326,800.3421664096899,2892.797619047619,607.8220980609008,1052.833333333333,-266.66666666666697,0.6999999999996589,-1.8086255656108596,3.520576591431061e-05,-3.88841901231571e-06,1.0,6.123233995736766e-17
girsomnath,Mango,2016,3,3100.0,2,0.2,0.0064516129032258,4.197262420000229e-05,2016-03-01,3000.0,2733.333333333333,1680.5,3125.0,3000.0,3600.0,2512.944444444444,747.043177640544,2792.1865079365075,568.2633269103868,366.66666666666697,-25.0,0.39999999999965896,-1.7086255656108598,2.845132060744004e-05,0.0,1.0,6.123233995736766e-17
vadodara,Mango,2016,3,3037.5,6,3.4,0.1096774193548387,3.924334802649991e-05,2016-03-01,5800.0,3100.0,2733.333333333333,1680.5,3214.285714285714,1050.0,2504.6111111111104,736.8720741782292,2808.8531746031745,576.9769623307914,-62.5,1357.0,0.5999999999996589,1.4913744343891402,4.197262420000229e-05,4.037582112189298e-06,1.0,6.123233995736766e-17
kheda,Mango,2016,3,800.0,2,1.5,0.0483870967741935,4.1661396667579886e-05,2016-03-01,3412.5,3037.5,3100.0,2733.333333333333,3000.0,2500.0,2956.944444444444,196.15812310297895,2779.3888888888887,556.2745791490083,-2237.5,-1933.333333333333,3.6999999999996587,-0.4086255656108597,3.924334802649991e-05,1.3210076060139846e-05,1.0,6.123233995736766e-17
kachchh,Mango,2016,3,3500.0,1,0.0,0.0,1.7886919661944517e-05,2016-03-01,5250.0,800.0,3037.5,3100.0,3125.0,3685.714285714286,2312.4999999999995,1310.2361428383897,2412.722222222222,960.192843285293,2700.0,400.0,5.099999999999659,-1.9086255656108597,4.1661396667579886e-05,-2.4085704538057774e-05,1.0,6.123233995736766e-17
mahesana,Mango,2016,3,3000.0,2,0.0,0.0,3.975052523946872e-05,2016-03-01,7000.0,3500.0,800.0,3037.5,1680.5,3725.0,2445.8333333333326,1443.9709426901065,2475.222222222222,1025.792114886326,-500.0,-37.5,4.899999999999658,-1.9086255656108597,1.7886919661944517e-05,5.071772129688142e-07,1.0,6.123233995736766e-17
ahmadabad,Mango,2016,3,5800.0,5,0.5,0.0161290322580645,2.917100952821568e-05,2016-03-01,1693.428571428571,3000.0,3500.0,800.0,2733.333333333333,3337.0,2433.3333333333326,1436.4307617610239,2695.138888888889,960.7159391520157,2800.0,5000.0,1.499999999999659,-1.4086255656108597,3.975052523946872e-05,-1.2490387139364207e-05,1.0,6.123233995736766e-17
navsari,Mango,2016,3,3412.5,4,0.3,0.0096774193548387,4.109333462286411e-05,2016-03-01,3000.0,5800.0,3000.0,3500.0,3100.0,3000.0,4099.999999999999,1493.318452306817,3206.25,1592.8698550101321,-2387.5,-87.5,0.49999999999965894,-1.6086255656108597,2.917100952821568e-05,2.320641496091959e-05,1.0,6.123233995736766e-17
rajkot,Mango,2016,3,5250.0,4,0.4,0.0129032258064516,2.4977372847371018e-05,2016-03-01,3533.333333333333,3412.5,5800.0,3000.0,3037.5,3214.285714285714,4070.8333333333326,1511.6388733203974,3258.3333333333335,1593.8096394069983,1837.5,2250.0,0.799999999999659,-1.5086255656108598,4.109333462286411e-05,-1.4773152392097706e-05,1.0,6.123233995736766e-17
banaskantha,Mango,2016,3,7000.0,1,1.1,0.0354838709677419,4.197262420000229e-05,2016-03-01,3925.0,5250.0,3412.5,5800.0,800.0,3000.0,4820.833333333333,1250.270803999423,3627.0833333333335,1777.8219938077787,1750.0,1200.0,1.199999999999659,-0.8086255656108596,2.4977372847371018e-05,1.2801614671786612e-05,1.0,6.123233995736766e-17
surat,Mango,2016,3,1693.428571428571,7,1.5,0.0483870967741935,3.518083940172292e-05,2016-03-01,3834.375,7000.0,5250.0,3412.5,3500.0,3125.0,5220.833333333333,1793.9278367128832,4660.416666666667,1598.7967480785871,-5306.571428571429,-1719.071428571429,1.799999999999659,-0.4086255656108597,4.197262420000229e-05,-5.912495221141188e-06,1.0,6.123233995736766e-17
gandhinagar,Mango,2016,3,3000.0,1,0.3,0.0096774193548387,3.998829647662522e-05,2016-03-01,1583.3333333333333,1693.428571428571,7000.0,5250.0,3000.0,1680.5,4647.809523809523,2704.0525344089688,4359.321428571428,1984.603571039736,1306.571428571429,-2250.0,2.999999999999659,-1.6086255656108597,3.518083940172292e-05,1.5010923629254205e-05,1.0,6.123233995736766e-17
bharuch,Mango,2016,3,3533.333333333333,6,2.1,0.0677419354838709,3.118318992924184e-05,2016-03-01,3500.0,3000.0,1693.428571428571,7000.0,5800.0,2733.333333333333,3897.809523809523,2764.863746627488,4359.321428571428,1984.603571039736,533.333333333333,-3466.666666666667,2.899999999999659,0.19137443438914037,3.998829647662522e-05,-1.0789434270760453e-05,1.0,6.123233995736766e-17
dahod,Mango,2016,4,3925.0,4,0.0,0.0,2.616175209528934e-05,2016-04-01,3700.0,3533.333333333333,3000.0,1693.428571428571,3412.5,3100.0,2742.2539682539677,946.6452059143343,3981.5436507936506,1867.8148710149862,391.66666666666697,2231.571428571429,3.899999999999659,-0.978716960352423,3.118318992924184e-05,-9.01908730643358e-06,0.8660254037844387,-0.4999999999999998
vadodara,Mango,2016,4,3834.375,8,0.0,0.0,3.535811573535052e-05,2016-04-01,4350.0,3925.0,3533.333333333333,3000.0,5250.0,3037.5,3486.111111111111,464.30453767298565,4066.9603174603176,1848.2030423194033,-90.625,834.375,2.399999999999659,-0.978716960352423,2.616175209528934e-05,-4.630180741274704e-06,0.8660254037844387,-0.4999999999999998
surat,Mango,2016,4,1583.3333333333333,6,0.0,0.0,3.540205431850165e-05,2016-04-01,1800.0,3834.375,3925.0,3533.333333333333,7000.0,800.0,3764.236111111111,205.0372947670568,3831.0228174603176,1754.9807089646604,-2251.041666666667,-1949.9999999999998,2.099999999999659,-0.978716960352423,3.535811573535052e-05,4.2188643892598145e-06,0.8660254037844387,-0.4999999999999998
kachchh,Mango,2016,4,3500.0,1,0.0,0.0,1.613397801954811e-05,2016-04-01,2430.0,1583.3333333333333,3834.375,3925.0,1693.428571428571,3500.0,3114.23611111111,1326.5748033609173,2928.2450396825393,1050.6599622610631,1916.6666666666667,-425.0,0.0,-0.978716960352423,3.540205431850165e-05,-1.002777407574123e-05,0.8660254037844387,-0.4999999999999998
navsari,Mango,2016,4,3700.0,6,0.0,0.0,4.04387353412339e-05,2016-04-01,4250.0,3500.0,1583.3333333333333,3834.375,3000.0,3000.0,2972.569444444444,1214.6746022979205,3229.340277777778,869.2081167875439,200.0,-134.375,0.0,-0.978716960352423,1.613397801954811e-05,5.080619605883384e-06,0.8660254037844387,-0.4999999999999998
girsomnath,Mango,2016,4,4350.0,2,0.0,0.0,4.197262420000229e-05,2016-04-01,4833.333333333333,3700.0,3500.0,1583.3333333333333,3533.333333333333,5800.0,2927.7777777777774,1168.6094934357527,3346.006944444445,879.1894785415925,650.0,2766.666666666667,0.0,-0.978716960352423,4.04387353412339e-05,6.5705698815006386e-06,0.8660254037844387,-0.4999999999999998
kheda,Mango,2016,4,1800.0,2,0.0,0.0,3.826958052459684e-05,2016-04-01,3150.0,4350.0,3700.0,3500.0,3925.0,3412.5,3849.9999999999995,444.40972086580587,3482.118055555556,972.2781667931671,-2550.0,-1700.0,0.0,-0.978716960352423,4.197262420000229e-05,2.2135602505048732e-05,0.8660254037844387,-0.4999999999999998
bharuch,Mango,2016,4,2430.0,5,0.0,0.0,2.8619677237385226e-05,2016-04-01,4875.0,1800.0,4350.0,3700.0,3834.375,5250.0,3283.3333333333326,1325.0786140200717,3127.951388888889,1149.5561523960328,630.0,-1270.0,0.0,-0.978716960352423,3.826958052459684e-05,-1.1819058103848677e-05,0.8660254037844387,-0.4999999999999998
rajkot,Mango,2016,4,4250.0,4,0.0,0.0,2.226993073828653e-05,2016-04-01,5175.0,2430.0,1800.0,4350.0,1583.3333333333333,7000.0,2859.9999999999995,1328.2695509571913,2893.8888888888887,1119.534460125013,1820.0,-100.0,0.0,-0.978716960352423,2.8619677237385226e-05,-1.970269346171576e-05,0.8660254037844387,-0.4999999999999998
banaskantha,Mango,2016,4,4833.333333333333,3,0.0,0.0,4.197262420000229e-05,2016-04-01,900.0,4250.0,2430.0,1800.0,3500.0,1693.428571428571,2826.666666666666,1272.2552154867954,3338.3333333333335,1020.1062036213009,583.333333333333,3033.333333333333,0.0,-0.978716960352423,2.226993073828653e-05,3.70304367540545e-06,0.8660254037844387,-0.4999999999999998
mahesana,Mango,2016,4,3150.0,4,0.0,0.0,3.5389675208337866e-05,2016-04-01,4617.5,4833.333333333333,4250.0,2430.0,3700.0,3000.0,3837.7777777777774,1253.5741494415765,3560.555555555556,1192.9522979504172,-1683.333333333333,720.0,0.0,-0.978716960352423,4.197262420000229e-05,6.769997970952641e-06,0.8660254037844387,-0.4999999999999998
ahmadabad,Mango,2016,4,4875.0,8,0.0,0.0,2.4618408692290084e-05,2016-04-01,2725.0,3150.0,4833.333333333333,4250.0,4350.0,3533.333333333333,4077.7777777777774,854.7795903905129,3468.888888888889,1201.1969339263524,1725.0,625.0,0.0,-0.978716960352423,3.5389675208337866e-05,2.3484779540035524e-06,0.8660254037844387,-0.4999999999999998
banaskantha,Mango,2016,5,5175.0,2,0.8,0.0258064516129032,4.197262420000229e-05,2016-05-01,5500.0,4875.0,3150.0,4833.333333333333,1800.0,3925.0,4286.11111111111,984.1216237693369,3556.388888888889,1293.7715823928902,300.0,341.66666666666697,0.0,-6.617019969278034,2.4618408692290084e-05,0.0,0.49999999999999994,-0.8660254037844387
kheda,Mango,2016,5,900.0,1,0.1,0.0032258064516129,3.433368973482928e-05,2016-05-01,1333.428571428571,5175.0,4875.0,3150.0,2430.0,3834.375,4399.999999999999,1092.874649719732,4118.88888888889,1095.9732694766794,-4275.0,-2250.0,0.799999999999659,-7.317019969278034,4.197262420000229e-05,-1.0559854735085855e-06,0.49999999999999994,-0.8660254037844387
vadodara,Mango,2016,5,4617.5,10,0.3,0.0096774193548387,2.90166842848997e-05,2016-05-01,3329.1666666666665,900.0,5175.0,4875.0,4250.0,1583.3333333333333,3649.9999999999995,2386.2889598705397,3863.888888888889,1620.1565996555405,3717.5,-257.5,0.899999999999659,-7.117019969278034,3.433368973482928e-05,4.398275592609617e-06,0.49999999999999994,-0.8660254037844387
dahod,Mango,2016,5,2725.0,4,4.7,0.1516129032258064,2.458456405265404e-05,2016-05-01,3825.0,4617.5,900.0,5175.0,4833.333333333333,3500.0,3564.166666666666,2324.013679678619,3925.138888888889,1644.4376290211605,-1892.5,-2450.0,1.1999999999996591,-2.7170199692780335,2.90166842848997e-05,-1.738806014734825e-05,0.49999999999999994,-0.8660254037844387
ahmadabad,Mango,2016,5,5500.0,6,1.5,0.0483870967741935,2.145876884492433e-05,2016-05-01,3375.0,2725.0,4617.5,900.0,3150.0,3700.0,2747.4999999999995,1858.8521323655673,3573.75,1636.7985138678482,2775.0,4600.0,5.0999999999996595,-5.917019969278034,2.458456405265404e-05,-1.287492088990495e-05,0.49999999999999994,-0.8660254037844387
surat,Mango,2016,5,1333.428571428571,7,1.6,0.0516129032258064,3.284252839203579e-05,2016-05-01,5500.0,5500.0,2725.0,4617.5,4875.0,4350.0,4280.833333333333,1417.8027307539505,3965.4166666666665,1789.190051857729,-4166.571428571429,-3284.071428571429,6.49999999999966,-5.817019969278034,2.145876884492433e-05,3.8258441071360884e-06,0.49999999999999994,-0.8660254037844387
navsari,Mango,2016,5,3329.1666666666665,6,4.3,0.1387096774193548,3.882891350615495e-05,2016-05-01,3633.3333333333335,1333.428571428571,5500.0,2725.0,5175.0,1800.0,3186.1428571428564,2121.2187342109173,3375.1547619047615,2000.778348755888,1995.7380952380954,604.1666666666665,7.79999999999966,-3.117019969278034,3.284252839203579e-05,1.424434945350091e-05,0.49999999999999994,-0.8660254037844387
girsomnath,Mango,2016,5,3825.0,2,3.3,0.1064516129032258,4.197262420000229e-05,2016-05-01,3950.0,3329.1666666666665,1333.428571428571,5500.0,900.0,2430.0,3387.5317460317456,2083.8988049360573,3067.515873015873,1800.5772359063342,495.8333333333335,-1675.0,7.399999999999658,-4.117019969278034,3.882891350615495e-05,2.051385535507796e-05,0.49999999999999994,-0.8660254037844387
bharuch,Mango,2016,5,3375.0,6,0.3,0.0096774193548387,2.52184584720163e-05,2016-05-01,2500.0,3825.0,3329.1666666666665,1333.428571428571,4617.5,4250.0,2829.198412698412,1318.8852251619287,3555.015873015873,1460.1446199043173,-450.0,2041.571428571429,9.199999999999658,-7.117019969278034,4.197262420000229e-05,-7.624069920019488e-06,0.49999999999999994,-0.8660254037844387
rajkot,Mango,2016,5,5500.0,3,0.4,0.0129032258064516,1.9756446486876976e-05,2016-05-01,3457.1428571428573,3375.0,3825.0,3329.1666666666665,2725.0,4833.333333333333,3509.7222222222213,273.9985975903933,3347.9325396825393,1364.2832336399501,2125.0,2170.8333333333335,7.899999999999658,-7.017019969278033,2.52184584720163e-05,-1.9072467019277976e-05,0.49999999999999994,-0.8660254037844387
mahesana,Mango,2016,5,3633.3333333333335,3,0.7,0.0225806451612903,3.102057555856518e-05,2016-05-01,1500.0,5500.0,3375.0,3825.0,5500.0,3150.0,4233.333333333333,1119.802810022086,3810.4325396825393,1566.2857729493235,-1866.6666666666665,-191.66666666666652,3.999999999999658,-6.7170199692780335,1.9756446486876976e-05,-1.095204864143711e-05,0.49999999999999994,-0.8660254037844387
girsomnath,Mango,2016,6,3950.0,2,134.5,4.483333333333333,4.197262420000229e-05,2016-06-01,3921.428571428572,3633.3333333333335,5500.0,3375.0,1333.428571428571,4875.0,4169.444444444444,1159.5117906225098,3499.321428571429,1331.333226348872,316.6666666666665,575.0,1.399999999999658,8.666902173913044,3.102057555856518e-05,1.675416572798599e-05,1.2246467991473532e-16,-1.0
gandhinagar,Mango,2016,6,2500.0,1,53.3,1.7766666666666668,3.0439641088007348e-05,2016-06-01,4162.5,3950.0,3633.3333333333335,5500.0,3329.1666666666665,5175.0,4361.11111111111,998.9346176654398,3935.4166666666665,804.1375210607791,-1450.0,-3000.0,135.59999999999965,-72.53309782608696,4.197262420000229e-05,1.0683194601130372e-05,1.2246467991473532e-16,-1.0
bharuch,Mango,2016,6,3457.1428571428573,7,66.39999999999999,2.213333333333333,2.087489198292873e-05,2016-06-01,2825.0,2500.0,3950.0,3633.3333333333335,3825.0,900.0,3361.111111111111,762.3671711870364,3797.2222222222226,980.9670210034043,957.1428571428573,-176.19047619047615,188.49999999999966,-59.433097826086964,3.0439641088007348e-05,-1.0145683575636452e-05,1.2246467991473532e-16,-1.0
dahod,Mango,2016,6,1500.0,3,77.0,2.566666666666667,2.460812950157117e-05,2016-06-01,1554.1666666666667,3457.1428571428573,2500.0,3950.0,3375.0,4617.5,3302.380952380952,737.2845009724331,3735.9126984126983,990.3343581677327,-1957.1428571428573,-2450.0,254.19999999999965,-48.833097826086956,2.087489198292873e-05,-1.736449469843112e-05,1.2246467991473532e-16,-1.0
vadodara,Mango,2016,6,3921.428571428572,7,74.4,2.48,2.63902022179552e-05,2016-06-01,4000.0,1500.0,3457.1428571428573,2500.0,5500.0,2725.0,2485.714285714285,978.6496319116612,3423.4126984126983,1355.5014440335426,2421.428571428572,1421.428571428572,196.69999999999965,-51.43309782608695,2.460812950157117e-05,-4.049438870052148e-06,1.2246467991473532e-16,-1.0
ahmadabad,Mango,2016,6,4162.5,8,40.50000000000001,1.3500000000000003,1.877084165374821e-05,2016-06-01,7000.0,3921.428571428572,1500.0,3457.1428571428573,3633.3333333333335,5500.0,2959.523809523809,1285.1255265722632,3160.3174603174607,970.3000759246481,241.071428571428,705.3571428571427,217.79999999999964,-85.33309782608694,2.63902022179552e-05,-2.1040503291805193e-06,1.2246467991473532e-16,-1.0
navsari,Mango,2016,6,2825.0,4,105.3,3.51,3.056291421414288e-05,2016-06-01,3750.0,4162.5,3921.428571428572,1500.0,3950.0,1333.428571428571,3194.642857142857,1472.5453026536622,3248.5119047619046,1043.203475188928,-1337.5,1325.0,191.89999999999966,-20.53309782608696,1.877084165374821e-05,5.9547847125717106e-06,1.2246467991473532e-16,-1.0
surat,Mango,2016,6,1554.1666666666667,6,64.60000000000001,2.1533333333333338,2.5312553488515875e-05,2016-06-01,1775.0,2825.0,4162.5,3921.428571428572,2500.0,3329.1666666666665,3636.3095238095234,712.8788227927774,3061.0119047619046,991.7365314382209,-1270.8333333333333,-2367.2619047619055,220.19999999999968,-61.23309782608695,3.056291421414288e-05,-1.0776487294393252e-06,1.2246467991473532e-16,-1.0
rajkot,Mango,2016,6,4000.0,1,57.8,1.9266666666666663,1.603833044440376e-05,2016-06-01,3487.5,1554.1666666666667,2825.0,4162.5,3457.1428571428573,3825.0,2847.2222222222213,1304.3086539676224,2903.373015873016,1159.6943422721818,2445.833333333333,-162.5,210.3999999999997,-68.03309782608696,2.5312553488515875e-05,-2.7325112093444485e-06,1.2246467991473532e-16,-1.0
banaskantha,Mango,2016,6,7000.0,1,25.3,0.8433333333333333,4.197262420000229e-05,2016-06-01,6250.0,4000.0,1554.1666666666667,2825.0,1500.0,3375.0,2793.0555555555547,1223.2295407074155,2993.8492063492063,1230.5501937302238,3000.0,4175.0,227.69999999999968,-100.53309782608696,1.603833044440376e-05,1.140970998585941e-05,1.2246467991473532e-16,-1.0
valsad,Mango,2016,6,3750.0,1,147.6,4.92,2.8433433699878904e-05,2016-06-01,3750.0,7000.0,4000.0,1554.1666666666667,3921.428571428572,5500.0,4184.722222222222,2727.6119405348286,3910.515873015873,1808.1626563967918,-3250.0,2195.833333333333,147.69999999999968,21.76690217391304,4.197262420000229e-05,3.1208802113630294e-06,1.2246467991473532e-16,-1.0
kheda,Mango,2016,6,1775.0,2,53.9,1.7966666666666666,2.861512555631338e-05,2016-06-01,2979.1666666666665,3750.0,7000.0,4000.0,4162.5,3633.3333333333335,4916.666666666667,1808.5445345175672,3881.944444444444,1809.3097722202929,-1975.0,-2225.0,230.69999999999965,-71.93309782608696,2.8433433699878904e-05,1.2576795111909618e-05,1.2246467991473532e-16,-1.0
mahesana,Mango,2016,6,3487.5,4,38.0,1.2666666666666666,2.704163900923222e-05,2016-06-01,1975.0,1775.0,3750.0,7000.0,2825.0,3950.0,4175.0,2638.2996418147854,3484.0277777777774,1988.8934958823108,1712.5,-3512.5,226.79999999999967,-87.83309782608696,2.861512555631338e-05,-1.493098519077007e-05,1.2246467991473532e-16,-1.0
kachchh,Mango,2016,6,6250.0,2,10.1,0.3366666666666666,1.30596758160584e-05,2016-06-01,4610.0,3487.5,1775.0,3750.0,1554.1666666666667,2500.0,3004.166666666666,1072.5505038614026,3594.444444444444,1963.2131872312073,2762.5,2500.0,239.4999999999997,-115.73309782608696,2.704163900923222e-05,-1.5373757883820504e-05,1.2246467991473532e-16,-1.0
rajkot,Mango,2016,7,3750.0,2,108.0,3.4838709677419355,1.591405307979154e-05,2016-07-01,4550.0,6250.0,3487.5,1775.0,4000.0,3457.1428571428573,3837.4999999999995,2257.9373884144843,4377.083333333333,1922.7652071084142,-2500.0,1975.0,101.99999999999969,-263.4292400881057,1.30596758160584e-05,-1.270107247652184e-05,-0.4999999999999997,-0.8660254037844388
navsari,Mango,2016,7,2979.1666666666665,6,461.3,14.88064516129032,2.3341416956633912e-05,2016-07-01,5050.0,3750.0,6250.0,3487.5,7000.0,1500.0,4495.833333333333,1524.8121468998602,4335.416666666667,1935.2392724587476,-770.8333333333335,-508.3333333333335,156.09999999999968,89.87075991189431,1.591405307979154e-05,-3.700222052598309e-06,-0.4999999999999997,-0.8660254037844388
dahod,Mango,2016,7,1975.0,4,287.5,9.274193548387096,2.556596648274924e-05,2016-07-01,1525.0,2979.1666666666665,3750.0,6250.0,3750.0,3921.428571428572,4326.388888888888,1709.8993499727007,3665.277777777778,1467.695346326896,-1004.1666666666665,-4275.0,579.3999999999996,-83.9292400881057,2.3341416956633912e-05,1.2506290666690839e-05,-0.4999999999999997,-0.8660254037844388
vadodara,Mango,2016,7,4610.0,10,201.0,6.483870967741935,2.457014318470864e-05,2016-07-01,4500.0,1975.0,2979.1666666666665,3750.0,1775.0,4162.5,2901.3888888888882,890.0524069048157,3369.444444444445,1618.357506399163,2635.0,860.0,856.7999999999997,-170.4292400881057,2.556596648274924e-05,8.656090104917102e-06,-0.4999999999999997,-0.8660254037844388
girsomnath,Mango,2016,7,4550.0,2,139.1,4.487096774193549,4.197262420000229e-05,2016-07-01,3500.0,4610.0,1975.0,2979.1666666666665,3487.5,2825.0,3188.0555555555547,1329.8617130837124,3841.944444444445,1466.4646325494919,-60.0,1570.8333333333335,949.7999999999997,-232.3292400881057,2.457014318470864e-05,1.863120724336838e-05,-0.4999999999999997,-0.8660254037844388
banaskantha,Mango,2016,7,5050.0,2,103.0,3.3225806451612905,4.197262420000229e-05,2016-07-01,3525.0,4550.0,4610.0,1975.0,6250.0,1554.1666666666667,3711.666666666666,1504.2966241181812,4019.027777777778,1479.1993345375374,500.0,3075.0,627.5999999999997,-268.4292400881057,4.197262420000229e-05,1.6406657717253052e-05,-0.4999999999999997,-0.8660254037844388
kheda,Mango,2016,7,1525.0,3,223.2,7.199999999999999,2.530999310373237e-05,2016-07-01,3000.0,5050.0,4550.0,4610.0,3750.0,4000.0,4736.666666666666,273.00793639263037,3819.027777777778,1164.973821435326,-3525.0,-3085.0,443.0999999999997,-148.2292400881057,4.197262420000229e-05,7.398499190237275e-07,-0.4999999999999997,-0.8660254037844388
valsad,Mango,2016,7,4500.0,1,477.7,15.40967741935484,2.234784156276422e-05,2016-07-01,1637.5,1525.0,5050.0,4550.0,2979.1666666666665,7000.0,3708.3333333333326,1907.2777284216786,3448.194444444445,1497.899493797403,2975.0,-50.0,465.2999999999997,106.27075991189429,2.530999310373237e-05,-1.962478263723807e-05,-0.4999999999999997,-0.8660254037844388
kachchh,Mango,2016,7,3500.0,1,39.0,1.2580645161290325,1.0838355122561185e-05,2016-07-01,3387.5,4500.0,1525.0,5050.0,1975.0,3750.0,3691.666666666666,1896.4330553260663,3701.6666666666665,1530.9691919391012,-1000.0,-1550.0,803.8999999999996,-332.4292400881057,2.234784156276422e-05,-3.1134269077441105e-05,-0.4999999999999997,-0.8660254037844388
mahesana,Mango,2016,7,3525.0,4,142.3,4.590322580645162,2.514461120020111e-05,2016-07-01,3183.333333333333,3500.0,4500.0,1525.0,4610.0,1775.0,3174.9999999999995,1513.893985720276,3955.8333333333335,1295.4551967037162,25.0,2000.0,739.8999999999996,-229.1292400881057,1.0838355122561185e-05,-1.653819035312593e-07,-0.4999999999999997,-0.8660254037844388
gandhinagar,Mango,2016,7,3000.0,1,189.1,6.1,2.5633012902048784e-05,2016-07-01,3250.0,3525.0,3500.0,4500.0,4550.0,3487.5,3841.666666666666,570.270403697544,3775.0,1261.1502686040224,-525.0,-1500.0,658.9999999999998,-182.3292400881057,2.514461120020111e-05,3.285171339284564e-06,-0.4999999999999997,-0.8660254037844388
surat,Mango,2016,7,1637.5,4,343.4,11.077419354838709,2.505380692283152e-05,2016-07-01,1350.0,3000.0,3525.0,3500.0,5050.0,6250.0,3341.666666666666,296.1559273986561,3516.6666666666665,1228.990100312718,-1362.5,-1862.5,370.39999999999964,-28.029240088105723,2.5633012902048784e-05,1.4215451800270336e-05,-0.4999999999999997,-0.8660254037844388
ahmadabad,Mango,2016,7,3387.5,4,174.6,5.632258064516129,1.6933296459072276e-05,2016-07-01,3125.0,1637.5,3000.0,3525.0,1525.0,3750.0,2720.8333333333326,974.2251194325446,2947.9166666666665,1165.451003546123,1750.0,-137.5,674.7999999999996,-196.8292400881057,2.505380692283152e-05,-8.211314741128833e-06,-0.4999999999999997,-0.8660254037844388
bharuch,Mango,2016,7,3183.333333333333,6,203.3,6.558064516129033,2.1504497275394432e-05,2016-07-01,2833.333333333333,3387.5,1637.5,3000.0,4500.0,2979.1666666666665,2674.9999999999995,919.1538228174991,3258.3333333333335,936.1378993859105,-204.16666666666697,183.33333333333303,707.0999999999996,-168.1292400881057,1.6933296459072276e-05,-4.128515626654352e-06,-0.4999999999999997,-0.8660254037844388
rajkot,Mango,2016,8,3250.0,1,205.7,6.635483870967741,4.476065297936211e-05,2016-08-01,4372.222222222223,3183.333333333333,3387.5,1637.5,3500.0,1975.0,2736.111111111111,956.8859843456061,3038.8888888888887,715.0838464176115,66.66666666666697,1612.5,721.2999999999996,-101.48201086956522,2.1504497275394432e-05,1.9706846056530588e-05,-0.8660254037844384,-0.5000000000000004
dahod,Mango,2016,8,1350.0,2,301.7,9.73225806451613,5.156665349211288e-05,2016-08-01,1633.3333333333333,3250.0,3183.333333333333,3387.5,3525.0,4610.0,3273.611111111111,104.11109628850615,2997.222222222222,689.6741715933415,-1900.0,-2037.5,583.5999999999997,-5.482010869565215,4.476065297936211e-05,3.46333570330406e-05,-0.8660254037844384,-0.5000000000000004
surat,Mango,2016,8,3125.0,2,231.1,7.45483870967742,5.100528385559014e-05,2016-08-01,2929.1666666666665,1350.0,3250.0,3183.333333333333,3000.0,4550.0,2594.444444444444,1078.2358705740662,2634.722222222222,897.1740613149132,1775.0,-58.33333333333303,710.6999999999996,-76.08201086956521,5.156665349211288e-05,2.9500786580195708e-05,-0.8660254037844384,-0.5000000000000004
navsari,Mango,2016,8,2833.333333333333,6,331.40000000000003,10.690322580645162,5.13539521695308e-05,2016-08-01,4000.0,3125.0,1350.0,3250.0,1637.5,5050.0,2574.9999999999995,1062.7205653416245,2655.555555555555,908.72952623531,-291.66666666666697,-416.66666666666697,738.4999999999997,24.21798913043483,5.100528385559014e-05,6.593299190168689e-06,-0.8660254037844384,-0.5000000000000004
vadodara,Mango,2016,8,4372.222222222223,9,286.2,9.23225806451613,4.576013317560079e-05,2016-08-01,2500.0,2833.333333333333,3125.0,1350.0,3387.5,1525.0,2436.1111111111104,951.8378908040969,2854.861111111111,759.7076222444365,1538.8888888888896,3022.2222222222226,864.1999999999996,-20.982010869565215,5.13539521695308e-05,-5.80652031651209e-06,-0.8660254037844384,-0.5000000000000004
kheda,Mango,2016,8,1633.3333333333333,3,294.6,9.503225806451614,4.8301031497780496e-05,2016-08-01,4675.0,4372.222222222223,2833.333333333333,3125.0,3183.333333333333,4500.0,3443.5185185185182,817.3954294378386,3018.9814814814818,973.9451664456257,-2738.8888888888896,-1491.6666666666667,848.6999999999996,-12.582010869565181,4.576013317560079e-05,-2.7042523578096436e-06,-0.8660254037844384,-0.5000000000000004
bharuch,Mango,2016,8,2929.1666666666665,6,358.5,11.564516129032258,4.028654357749764e-05,2016-08-01,3500.0,1633.3333333333333,4372.222222222223,2833.333333333333,3250.0,3500.0,2946.2962962962956,1372.9342881838177,2760.6481481481483,1116.7308116826168,1295.8333333333333,95.83333333333348,912.1999999999996,51.317989130434796,4.8301031497780496e-05,-1.1067408592033154e-05,-0.8660254037844384,-0.5000000000000004
banaskantha,Mango,2016,8,4000.0,1,345.8,11.15483870967742,4.197262420000229e-05,2016-08-01,4560.0,2929.1666666666665,1633.3333333333333,4372.222222222223,1350.0,3525.0,2978.2407407407404,1370.103749713666,2707.175925925926,1096.1036551059508,1070.8333333333335,-372.2222222222226,939.2999999999997,38.61798913043481,4.028654357749764e-05,-3.7875089755985006e-06,-0.8660254037844384,-0.5000000000000004
gandhinagar,Mango,2016,8,2500.0,1,328.9,10.609677419354838,5.2558274434551616e-05,2016-08-01,2500.0,4000.0,2929.1666666666665,1633.3333333333333,3125.0,3000.0,2854.166666666666,1185.1145631447625,3148.8425925925926,966.0504168633281,-1500.0,866.6666666666667,998.8999999999996,21.717989130434773,4.197262420000229e-05,4.25724293677112e-06,-0.8660254037844384,-0.5000000000000004
girsomnath,Mango,2016,8,4675.0,2,177.9,5.738709677419355,4.197262420000229e-05,2016-08-01,2500.0,2500.0,4000.0,2929.1666666666665,2833.333333333333,1637.5,3143.0555555555547,772.5356578130338,3044.6759259259256,1002.156785506452,2175.0,1745.8333333333335,1033.1999999999998,-129.2820108695652,5.2558274434551616e-05,1.6860806225046479e-06,-0.8660254037844384,-0.5000000000000004
kachchh,Mango,2016,8,3500.0,1,167.6,5.406451612903226,2.5831773313751163e-05,2016-08-01,2570.0,4675.0,2500.0,4000.0,4372.222222222223,3387.5,3724.9999999999995,1113.272203910628,3351.6203703703704,1189.0830632796853,-1175.0,-500.0,852.5999999999997,-139.5820108695652,4.197262420000229e-05,-1.6140850886251128e-05,-0.8660254037844384,-0.5000000000000004
ahmadabad,Mango,2016,8,4560.0,5,330.4,10.658064516129032,3.8242507688747295e-05,2016-08-01,2833.333333333333,3500.0,4675.0,2500.0,1633.3333333333333,3183.333333333333,3558.3333333333326,1088.6727393176332,3206.25,1088.4103788451196,1060.0,2060.0,674.3999999999996,23.217989130434773,2.5831773313751163e-05,-1.431576674580432e-05,-0.8660254037844384,-0.5000000000000004
mahesana,Mango,2016,8,2500.0,2,329.6,10.632258064516128,5.261520821243858e-05,2016-08-01,3572.0,4560.0,3500.0,4675.0,2929.1666666666665,3250.0,4244.999999999999,647.7460922306119,3694.027777777778,877.9743758388558,-2060.0,-2175.0,675.8999999999996,22.41798913043482,3.8242507688747295e-05,1.0642584012436288e-05,-0.8660254037844384,-0.5000000000000004
mahesana,Mango,2016,9,2500.0,2,5.4,0.18,6.203953097575573e-05,2016-09-01,3500.0,2500.0,4560.0,3500.0,4000.0,1350.0,3519.9999999999995,1030.1456207740857,3622.5,965.8351308582634,0.0,-1000.0,827.5999999999997,-201.17303042328044,5.261520821243858e-05,3.6207757662004575e-05,-1.0,-1.8369701987210297e-16
bharuch,Mango,2016,9,2570.0,5,160.6,5.3533333333333335,5.410670398918481e-05,2016-09-01,1737.142857142857,2500.0,2500.0,4560.0,2500.0,3125.0,3186.666666666666,1189.3415545306398,3372.5,1039.8737904188176,70.0,-1990.0,665.3999999999996,-45.97303042328045,6.203953097575573e-05,1.5864196300437516e-05,-1.0,-1.8369701987210297e-16
valsad,Mango,2016,9,2833.333333333333,3,344.6,11.486666666666666,6.781985351175831e-05,2016-09-01,3880.0,2570.0,2500.0,2500.0,4675.0,2833.333333333333,2523.3333333333326,40.41451884356291,3384.1666666666665,1028.457177847802,263.33333333333303,333.33333333333303,495.5999999999997,138.02696957671958,5.410670398918481e-05,1.5204645299319729e-05,-1.0,-1.8369701987210297e-16
navsari,Mango,2016,9,3572.0,5,286.8,9.56,6.606732756716314e-05,2016-09-01,4600.0,2833.333333333333,2570.0,2500.0,3500.0,4372.222222222223,2634.444444444444,175.7628874154505,3077.222222222222,819.8168268763629,738.666666666667,1072.0,510.5999999999997,80.22696957671957,6.781985351175831e-05,4.027796591407401e-06,-1.0,-1.8369701987210297e-16
kachchh,Mango,2016,9,3500.0,1,0.2,0.0066666666666666,3.03629380098678e-05,2016-09-01,2500.0,3572.0,2833.333333333333,2570.0,4560.0,1633.3333333333333,2991.7777777777774,519.4511348351325,3089.222222222222,827.7316169082999,-72.0,930.0,791.9999999999998,-206.37303042328045,6.606732756716314e-05,-2.3743765979317012e-05,-1.0,-1.8369701987210297e-16
surat,Mango,2016,9,1737.142857142857,7,193.3,6.443333333333333,5.846217670709124e-05,2016-09-01,4785.714285714285,3500.0,3572.0,2833.333333333333,2500.0,2929.1666666666665,3301.7777777777774,407.2789561813565,2912.555555555555,498.79506665414937,-1762.857142857143,-1096.190476190476,631.5999999999997,-13.273030423280431,3.03629380098678e-05,-9.357676804667071e-06,-1.0,-1.8369701987210297e-16
vadodara,Mango,2016,9,3880.0,10,94.6,3.1533333333333338,6.340128583531433e-05,2016-09-01,3575.0,1737.142857142857,3500.0,3572.0,2500.0,4000.0,2936.380952380952,1039.1944027961015,2785.4126984126983,686.7872568747852,2142.857142857143,308.0,480.29999999999967,-111.97303042328045,5.846217670709124e-05,-2.6660417318488027e-06,-1.0,-1.8369701987210297e-16
dahod,Mango,2016,9,4600.0,5,74.3,2.4766666666666666,7.073868698553099e-05,2016-09-01,4000.0,3880.0,1737.142857142857,3500.0,2570.0,2500.0,3039.0476190476184,1143.379642464718,3015.4126984126983,794.6879429573488,720.0,1100.0,288.0999999999997,-132.27303042328043,6.340128583531433e-05,4.037574897566319e-05,-1.0,-1.8369701987210297e-16
gandhinagar,Mango,2016,9,2500.0,1,6.7,0.2233333333333333,6.709446851487358e-05,2016-09-01,3000.0,4600.0,3880.0,1737.142857142857,2833.333333333333,4675.0,3405.714285714285,1489.1937278889206,3353.746031746032,978.095333920645,-2100.0,762.8571428571429,362.19999999999965,-199.87303042328045,7.073868698553099e-05,8.632291807782339e-06,-1.0,-1.8369701987210297e-16
ahmadabad,Mango,2016,9,4785.714285714285,7,6.4,0.2133333333333333,4.909261400179009e-05,2016-09-01,1566.6666666666667,2500.0,4600.0,3880.0,3572.0,3500.0,3659.9999999999995,1067.1457257563413,3298.1904761904766,1022.0456743924002,2285.7142857142853,905.7142857142853,175.59999999999965,-200.17303042328044,6.709446851487358e-05,-1.4308671833524244e-05,-1.0,-1.8369701987210297e-16
girsomnath,Mango,2016,9,3575.0,2,93.4,3.1133333333333337,4.197262420000229e-05,2016-09-01,4112.5,4785.714285714285,2500.0,4600.0,3500.0,4560.0,3961.904761904761,1269.447359538585,3500.476190476191,1192.9061295900879,-1210.7142857142853,-1025.0,87.39999999999965,-113.17303042328044,4.909261400179009e-05,-2.8766062785528697e-05,-1.0,-1.8369701987210297e-16
banaskantha,Mango,2016,9,4000.0,1,7.3,0.2433333333333333,4.197262420000229e-05,2016-09-01,2466.6666666666665,3575.0,4785.714285714285,2500.0,1737.142857142857,2500.0,3620.238095238094,1143.5284486733149,3512.976190476191,1193.2930270052357,425.0,1500.0,106.49999999999966,-199.27303042328043,4.197262420000229e-05,-2.5121844314871285e-05,-1.0,-1.8369701987210297e-16
rajkot,Mango,2016,9,3000.0,1,46.5,1.55,5.964048416195145e-05,2016-09-01,3875.0,4000.0,3575.0,4785.714285714285,3880.0,2500.0,4120.2380952380945,614.2476455535322,3890.1190476190473,818.526602695188,-1000.0,-1785.7142857142853,107.09999999999965,-160.07303042328044,4.197262420000229e-05,1.054787016016136e-05,-1.0,-1.8369701987210297e-16
kheda,Mango,2016,9,1566.6666666666667,3,9.3,0.3099999999999999,6.685116594889937e-05,2016-09-01,5266.666666666667,3000.0,4000.0,3575.0,4600.0,2570.0,3524.9999999999995,501.8714974971463,3743.4523809523803,895.8874766109288,-1433.3333333333333,-2008.3333333333333,147.19999999999965,-197.27303042328043,5.964048416195145e-05,2.487854174889708e-05,-1.0,-1.8369701987210297e-16
navsari,Mango,2016,10,4112.5,4,99.4,3.206451612903226,6.280761055366149e-05,2016-10-01,3800.0,1566.6666666666667,3000.0,4000.0,2500.0,2833.333333333333,2855.5555555555547,1223.0805067230658,3237.896825396825,1138.7954651688062,2545.833333333333,112.5,63.09999999999965,64.91261061946904,6.685116594889937e-05,2.0834986353659194e-05,-0.8660254037844386,0.5000000000000001
bharuch,Mango,2016,10,2466.6666666666665,3,89.5,2.8870967741935485,5.237534982834682e-05,2016-10-01,5500.0,4112.5,1566.6666666666667,3000.0,4785.714285714285,3572.0,2893.0555555555547,1276.2815817545718,3506.646825396825,1119.9424244612246,-1645.8333333333335,-533.3333333333335,155.19999999999965,55.01261061946903,6.280761055366149e-05,-7.26513433360463e-06,-0.8660254037844386,0.5000000000000001
girsomnath,Mango,2016,10,3875.0,2,109.1,3.519354838709677,4.197262420000229e-05,2016-10-01,4892.857142857143,2466.6666666666665,4112.5,1566.6666666666667,3575.0,3500.0,2715.2777777777774,1290.9966900436764,3120.1388888888887,981.893071892061,1408.3333333333335,2308.333333333333,198.19999999999965,74.61261061946902,5.237534982834682e-05,-2.487854174889708e-05,-0.8660254037844386,0.5000000000000001
ahmadabad,Mango,2016,10,5266.666666666667,6,112.8,3.638709677419355,4.186539494096516e-05,2016-10-01,1500.0,3875.0,2466.6666666666665,4112.5,4000.0,1737.142857142857,3484.7222222222213,889.6231776140818,3170.1388888888887,1016.7090724307329,1391.666666666667,1154.166666666667,297.99999999999966,78.31261061946903,4.197262420000229e-05,-2.0942215612696327e-05,-0.8660254037844386,0.5000000000000001
kachchh,Mango,2016,10,3800.0,1,43.2,1.3935483870967742,2.68849949593334e-05,2016-10-01,6750.0,5266.666666666667,3875.0,2466.6666666666665,3000.0,3880.0,3869.444444444444,1400.0082671713687,3381.25,1312.085251930427,-1466.666666666667,1333.3333333333335,311.39999999999964,8.712610619469032,4.186539494096516e-05,-2.5490354869013418e-05,-0.8660254037844386,0.5000000000000001
banaskantha,Mango,2016,10,5500.0,2,84.89999999999999,2.7387096774193544,4.197262420000229e-05,2016-10-01,3000.0,3800.0,5266.666666666667,3875.0,1566.6666666666667,4600.0,4313.888888888889,825.9814588538912,3514.5833333333335,1306.2290668179141,1700.0,1625.0,265.0999999999997,50.41261061946902,2.68849949593334e-05,0.0,-0.8660254037844386,0.5000000000000001
vadodara,Mango,2016,10,4892.857142857143,7,79.6,2.56774193548387,6.235077026749105e-05,2016-10-01,1500.0,5500.0,3800.0,5266.666666666667,4112.5,2500.0,4855.555555555556,921.5526350997499,4170.138888888889,1104.5499858749242,-607.1428571428569,-373.80952380952385,240.89999999999964,45.112610619469024,4.197262420000229e-05,2.0485375326525892e-05,-0.8660254037844386,0.5000000000000001
valsad,Mango,2016,10,1500.0,2,92.0,2.967741935483871,6.26314209909071e-05,2016-10-01,1307.0,4892.857142857143,5500.0,3800.0,2466.6666666666665,4785.714285714285,4730.952380952381,861.4870074154405,4300.1984126984125,1141.7232511591146,-3392.857142857143,-2300.0,207.69999999999965,57.51261061946903,6.235077026749105e-05,3.57464260315737e-05,-0.8660254037844386,0.5000000000000001
rajkot,Mango,2016,10,6750.0,3,74.5,2.403225806451613,5.3533305358908986e-05,2016-10-01,4260.0,1500.0,4892.857142857143,5500.0,3875.0,3575.0,3964.2857142857138,2155.616773331804,4139.087301587301,1472.4939155880024,5250.0,1250.0,256.49999999999966,40.01261061946903,6.26314209909071e-05,1.1560681158906695e-05,-0.8660254037844386,0.5000000000000001
mahesana,Mango,2016,10,3000.0,2,98.9,3.1903225806451614,5.413582766742197e-05,2016-10-01,1558.3333333333333,6750.0,1500.0,4892.857142857143,5266.666666666667,4000.0,4380.952380952381,2662.172019976472,4618.253968253968,1800.5949298176304,-3750.0,-1892.8571428571431,246.09999999999965,64.41261061946904,5.3533305358908986e-05,-8.214942600069083e-06,-0.8660254037844386,0.5000000000000001
gandhinagar,Mango,2016,10,1500.0,1,103.4,3.335483870967742,5.725641611052953e-05,2016-10-01,4775.0,3000.0,6750.0,1500.0,3800.0,3000.0,3749.9999999999995,2704.163456597997,4240.476190476191,1873.6446348459663,-1500.0,0.0,265.39999999999964,68.91261061946904,5.413582766742197e-05,-5.375004880377564e-06,-0.8660254037844386,0.5000000000000001
surat,Mango,2016,10,1307.0,5,126.2,4.070967741935484,5.7063628653225e-05,2016-10-01,3107.1428571428573,1500.0,3000.0,6750.0,5500.0,1566.6666666666667,3749.9999999999995,2704.163456597997,3857.1428571428573,2190.307964554719,-193.0,-5443.0,276.79999999999967,91.71261061946903,5.725641611052953e-05,3.530323294316016e-06,-0.8660254037844386,0.5000000000000001
dahod,Mango,2016,10,4260.0,5,71.8,2.3161290322580643,5.7713876629400047e-05,2016-10-01,3417.0,1307.0,1500.0,3000.0,4892.857142857143,4112.5,1935.666666666666,926.7773914664491,3158.3095238095243,2229.8558577312806,2953.0,1260.0,328.49999999999966,37.31261061946903,5.7063628653225e-05,3.5780489619780795e-06,-0.8660254037844386,0.5000000000000001
kheda,Mango,2016,10,1558.3333333333333,3,92.6,2.987096774193549,5.66477740619527e-05,2016-10-01,2825.0,4260.0,1307.0,1500.0,1500.0,2466.6666666666665,2355.666666666666,1652.0218925103134,3052.8333333333335,2144.7424476301735,-2701.666666666667,58.33333333333326,301.39999999999964,58.112610619469024,5.7713876629400047e-05,-6.086420485768324e-07,-0.8660254037844386,0.5000000000000001
girsomnath,Mango,2016,11,4775.0,2,0.0,0.0,4.197262420000229e-05,2016-11-01,4818.75,1558.3333333333333,4260.0,1307.0,6750.0,3875.0,2375.1111111111104,1637.191712568729,3062.555555555555,2136.4115985732988,3216.666666666667,3468.0,290.5999999999997,-9.795056689342402,5.66477740619527e-05,-1.5091004453222711e-05,-0.5000000000000004,0.8660254037844384
bharuch,Mango,2016,11,3107.1428571428573,7,0.0,0.0,4.994609900083664e-05,2016-11-01,1316.6666666666667,4775.0,1558.3333333333333,4260.0,3000.0,5266.666666666667,3531.111111111111,1727.7717934873224,2733.3888888888887,1516.9962340342427,-1667.8571428571427,-1152.8571428571427,164.39999999999966,-9.795056689342402,4.197262420000229e-05,-7.767777628563405e-06,-0.5000000000000004,0.8660254037844384
navsari,Mango,2016,11,3417.0,5,0.0,0.0,5.810541047540631e-05,2016-11-01,3125.0,3107.1428571428573,4775.0,1558.3333333333333,1500.0,3800.0,3146.825396825396,1608.7004503877906,2751.246031746032,1521.3865484670184,309.85714285714266,1858.6666666666667,92.59999999999965,-9.795056689342402,4.994609900083664e-05,1.45763641345361e-06,-0.5000000000000004,0.8660254037844384
dahod,Mango,2016,11,2825.0,4,0.0,0.0,5.111793600173461e-05,2016-11-01,1584.25,3417.0,3107.1428571428573,4775.0,1307.0,5500.0,3766.380952380952,887.1229619730813,3070.746031746032,1402.727012897923,-592.0,-1950.0,0.0,-9.795056689342402,5.810541047540631e-05,9.145311801732316e-06,-0.5000000000000004,0.8660254037844384
ahmadabad,Mango,2016,11,4818.75,8,0.0,0.0,3.767486192581924e-05,2016-11-01,3500.0,2825.0,3417.0,3107.1428571428573,4260.0,4892.857142857143,3116.380952380952,296.1080998600818,3323.746031746032,1131.7024707215844,1993.75,1711.6071428571427,0.0,-9.795056689342402,5.111793600173461e-05,-1.2271237075017398e-05,-0.5000000000000004,0.8660254037844384
kheda,Mango,2016,11,1316.6666666666667,3,0.0,0.0,5.1297185438684746e-05,2016-11-01,3500.0,4818.75,2825.0,3417.0,1558.3333333333333,1500.0,3686.916666666666,1023.9145573891224,3416.871031746032,1241.7877587945939,-3502.083333333333,-2100.333333333333,0.0,-9.795056689342402,3.767486192581924e-05,-6.808225036721564e-06,-0.5000000000000004,0.8660254037844384
rajkot,Mango,2016,11,3125.0,2,0.0,0.0,4.522461500847932e-05,2016-11-01,2680.0,1316.6666666666667,4818.75,2825.0,4775.0,6750.0,2986.8055555555547,1756.639603549711,3376.5932539682544,1315.8378617323226,1808.3333333333333,300.0,0.0,-9.795056689342402,5.1297185438684746e-05,-5.893320993255284e-06,-0.5000000000000004,0.8660254037844384
surat,Mango,2016,11,1584.25,4,0.0,0.0,5.3782687999750894e-05,2016-11-01,2666.6666666666665,3125.0,1316.6666666666667,4818.75,3107.1428571428573,3000.0,3086.8055555555547,1751.3540561784241,3101.5932539682544,1123.4904654634768,-1540.75,-3234.5,0.0,-9.795056689342402,4.522461500847932e-05,1.610782607393165e-05,-0.5000000000000004,0.8660254037844384
kachchh,Mango,2016,11,3500.0,1,0.0,0.0,2.427069648736291e-05,2016-11-01,3825.0,1584.25,3125.0,1316.6666666666667,3417.0,1500.0,2008.6388888888885,976.0106597114564,2847.777777777778,1282.725232189769,1915.75,2183.333333333333,0.0,-9.795056689342402,5.3782687999750894e-05,-2.7026488951321836e-05,-0.5000000000000004,0.8660254037844384
banaskantha,Mango,2016,11,3500.0,2,0.0,0.0,4.197262420000229e-05,2016-11-01,2500.0,3500.0,1584.25,3125.0,2825.0,1307.0,2736.416666666666,1015.2695557502736,2861.6111111111113,1290.5155426188178,0.0,375.0,0.0,-9.795056689342402,2.427069648736291e-05,-3.251990808477032e-06,-0.5000000000000004,0.8660254037844384
valsad,Mango,2016,11,2680.0,5,0.0,0.0,5.607445692169856e-05,2016-11-01,2400.0,3500.0,3500.0,1584.25,4818.75,4260.0,2861.416666666666,1106.0587782000368,2974.1111111111113,1315.8582240274752,-820.0,1095.75,0.0,-9.795056689342402,4.197262420000229e-05,2.291768921947668e-06,-0.5000000000000004,0.8660254037844384
mahesana,Mango,2016,11,2666.6666666666665,3,0.0,0.0,4.954676595981113e-05,2016-11-01,1950.0,2680.0,3500.0,3500.0,1316.6666666666667,1558.3333333333333,3226.666666666666,473.4272207355209,2617.652777777778,956.9584926803064,-13.333333333333485,-833.3333333333335,0.0,-9.795056689342402,5.607445692169856e-05,2.527606947244822e-05,-0.5000000000000004,0.8660254037844384
vadodara,Mango,2016,11,3825.0,8,0.0,0.0,5.857999002875526e-05,2016-11-01,6000.0,2666.6666666666665,2680.0,3500.0,3125.0,4775.0,2948.8888888888882,477.32278076482214,2842.652777777778,719.0181198780484,1158.3333333333335,325.0,0.0,-9.795056689342402,4.954676595981113e-05,1.660736582875297e-05,-0.5000000000000004,0.8660254037844384
gandhinagar,Mango,2016,11,2500.0,1,0.0,0.0,5.078018590233681e-05,2016-11-01,4625.0,3825.0,2666.6666666666665,2680.0,1584.25,3107.1428571428573,3057.2222222222213,664.9484803212255,2959.319444444445,823.2320120123198,-1325.0,-180.0,0.0,-9.795056689342402,5.857999002875526e-05,-5.294271019361752e-06,-0.5000000000000004,0.8660254037844384
surat,Mango,2016,12,2400.0,2,0.0,0.0,4.778462071982579e-05,2016-12-01,4133.333333333333,2500.0,3825.0,2666.6666666666665,3500.0,3417.0,2997.2222222222213,721.7038738163369,3111.944444444445,560.1690386408839,-100.0,-266.6666666666665,0.0,-3.6994424213174213,5.078018590233681e-05,-1.7621452399853432e-06,-2.4492935982947064e-16,1.0
girsomnath,Mango,2016,12,1950.0,1,0.0,0.0,4.197262420000229e-05,2016-12-01,3575.0,2400.0,2500.0,3825.0,3500.0,2825.0,2908.3333333333326,795.4296532901942,2928.6111111111113,587.1214304333258,-450.0,-1875.0,0.0,-3.6994424213174213,4.778462071982579e-05,-1.660736582875297e-05,-2.4492935982947064e-16,1.0
rajkot,Mango,2016,12,6000.0,4,0.0,0.0,4.301842040335592e-05,2016-12-01,3550.0,1950.0,2400.0,2500.0,2680.0,4818.75,2283.3333333333326,292.9732638541567,2670.277777777778,625.1936736961044,4050.0,3500.0,0.0,-3.6994424213174213,4.197262420000229e-05,-7.76176549898089e-06,-2.4492935982947064e-16,1.0
banaskantha,Mango,2016,12,4625.0,2,0.0,0.0,4.197262420000229e-05,2016-12-01,1450.0,6000.0,1950.0,2400.0,2666.6666666666665,1316.6666666666667,3449.9999999999995,2219.797288042317,3223.6111111111113,1496.9451918515276,-1375.0,2225.0,0.0,-3.6994424213174213,4.301842040335592e-05,-5.811996519823497e-06,-2.4492935982947064e-16,1.0
ahmadabad,Mango,2016,12,4133.333333333333,6,0.0,0.0,3.82640014680039e-05,2016-12-01,3154.1666666666665,4625.0,6000.0,1950.0,3825.0,3125.0,4191.666666666666,2059.4801123908337,3550.0,1563.2498200863479,-491.66666666666697,2183.333333333333,0.0,-3.6994424213174213,4.197262420000229e-05,-3.7086227319983926e-06,-2.4492935982947064e-16,1.0
vadodara,Mango,2016,12,3575.0,5,0.0,0.0,5.471704433300757e-05,2016-12-01,3420.833333333333,4133.333333333333,4625.0,6000.0,2500.0,1584.25,4919.444444444444,967.5403140227746,3601.3888888888887,1579.0856766097502,-558.333333333333,-2425.0,0.0,-3.6994424213174213,3.82640014680039e-05,1.1698623929651653e-05,-2.4492935982947064e-16,1.0
mahesana,Mango,2016,12,3550.0,3,0.0,0.0,4.931580544673529e-05,2016-12-01,3916.6666666666665,3575.0,4133.333333333333,4625.0,2400.0,3500.0,4111.11111111111,525.3526152694,3780.555555555555,1487.453702983228,-25.0,-1075.0,0.0,-3.6994424213174213,5.471704433300757e-05,7.343181246732995e-06,-2.4492935982947064e-16,1.0
kheda,Mango,2016,12,1450.0,2,0.0,0.0,4.9815204059950425e-05,2016-12-01,2758.333333333333,3550.0,3575.0,4133.333333333333,1950.0,3500.0,3752.7777777777774,329.8077442210464,3972.222222222222,1340.8503382665897,-2100.0,-2683.333333333333,0.0,-3.6994424213174213,4.931580544673529e-05,1.1551202591946527e-05,-2.4492935982947064e-16,1.0
valsad,Mango,2016,12,3154.1666666666665,6,0.0,0.0,5.041786691010684e-05,2016-12-01,2833.333333333333,1450.0,3550.0,3575.0,6000.0,2680.0,2858.3333333333326,1219.716497114538,3888.8888888888887,1497.9955743395035,1704.1666666666665,-420.8333333333335,0.0,-3.6994424213174213,4.9815204059950425e-05,-4.299177422900733e-06,-2.4492935982947064e-16,1.0
navsari,Mango,2016,12,3420.833333333333,6,0.0,0.0,5.281076989575105e-05,2016-12-01,2203.5714285714284,3154.1666666666665,1450.0,3550.0,4625.0,2666.6666666666665,2718.0555555555547,1115.860509170367,3414.5833333333335,1091.16321087992,266.6666666666665,-129.16666666666697,0.0,-3.6994424213174213,5.041786691010684e-05,3.4949644490157647e-06,-2.4492935982947064e-16,1.0
dahod,Mango,2016,12,3916.6666666666665,6,0.0,0.0,5.066428067545074e-05,2016-12-01,4055.0,3420.833333333333,3154.1666666666665,1450.0,4133.333333333333,3825.0,2674.9999999999995,1069.2270702604767,3213.8888888888887,921.5689620705823,495.8333333333335,2466.6666666666665,0.0,-3.6994424213174213,5.281076989575105e-05,8.490766155003123e-07,-2.4492935982947064e-16,1.0
bharuch,Mango,2016,12,2758.333333333333,6,0.0,0.0,4.665302398040115e-05,2016-12-01,3450.0,3916.6666666666665,3420.833333333333,3154.1666666666665,3575.0,2500.0,3497.2222222222213,386.94703676250845,3177.777777777778,881.7189125456815,-1158.3333333333335,-395.8333333333335,0.0,-3.6994424213174213,5.066428067545074e-05,-3.7648429297056904e-06,-2.4492935982947064e-16,1.0
valsad,Mango,2017,1,2833.333333333333,9,0.0,0.0,4.55312540418802e-05,2017-01-01,4750.0,2758.333333333333,3916.6666666666665,3420.833333333333,3550.0,2400.0,3365.2777777777774,581.1616320720245,3041.6666666666665,871.1064165122924,75.0,-587.5,0.0,-1.0126696832579185,4.665302398040115e-05,-7.2795158538708525e-06,0.49999999999999994,0.8660254037844387
navsari,Mango,2017,1,2203.5714285714284,7,0.0,0.0,4.756038379611713e-05,2017-01-01,1567.5,2833.333333333333,2758.333333333333,3916.6666666666665,1450.0,1950.0,3169.4444444444434,648.1990720735903,2922.222222222222,835.886366989268,-629.7619047619046,-1713.095238095238,0.0,-1.0126696832579185,4.55312540418802e-05,-3.103896879333605e-06,0.49999999999999994,0.8660254037844387
vadodara,Mango,2017,1,4055.0,10,0.3,0.0096774193548387,4.9457989493898464e-05,2017-01-01,3050.0,2203.5714285714284,2833.333333333333,2758.333333333333,3154.1666666666665,6000.0,2598.4126984126974,343.9926907325584,3047.8174603174607,591.2538881410195,1851.4285714285716,1296.666666666667,0.0,-0.7126696832579185,4.756038379611713e-05,2.804965513497314e-06,0.49999999999999994,0.8660254037844387
girsomnath,Mango,2017,1,3450.0,2,0.0,0.0,4.197262420000229e-05,2017-01-01,4569.2307692307695,4055.0,2203.5714285714284,2833.333333333333,3420.833333333333,4625.0,3030.63492063492,941.3516218923357,3197.9563492063485,723.292776131338,-605.0,616.666666666667,0.29999999999965893,-1.0126696832579185,4.9457989493898464e-05,-3.5586298418779076e-06,0.49999999999999994,0.8660254037844387
rajkot,Mango,2017,1,4750.0,3,0.0,0.0,3.99966098272828e-05,2017-01-01,1016.6666666666666,3450.0,4055.0,2203.5714285714284,3916.6666666666665,4133.333333333333,3236.1904761904757,944.0512820441897,3202.8174603174607,725.1858064611212,1300.0,2546.4285714285716,0.29999999999965893,-1.0126696832579185,4.197262420000229e-05,-7.56377396883433e-06,0.49999999999999994,0.8660254037844387
surat,Mango,2017,1,1567.5,8,0.0,0.0,4.0816451523194136e-05,2017-01-01,3166.6666666666665,4750.0,3450.0,4055.0,2758.333333333333,3575.0,4084.9999999999995,650.519023549679,3341.7063492063485,937.8618928622394,-3182.5,-2487.5,0.29999999999965893,-1.0126696832579185,3.99966098272828e-05,-8.641537970704328e-06,0.49999999999999994,0.8660254037844387
bharuch,Mango,2017,1,3050.0,8,0.3,0.0096774193548387,4.12307340919807e-05,2017-01-01,2714.285714285714,1567.5,4750.0,3450.0,2833.333333333333,3550.0,3255.8333333333326,1600.1100222588943,3143.234126984127,1180.5982726031827,1482.5,-400.0,0.0,-0.7126696832579185,4.0816451523194136e-05,-7.418901080215898e-07,0.49999999999999994,0.8660254037844387
ahmadabad,Mango,2017,1,4569.2307692307695,13,0.0,0.0,3.994631387303658e-05,2017-01-01,1225.0,3050.0,1567.5,4750.0,2203.5714285714284,1450.0,3122.4999999999995,1592.488226016138,3179.345238095238,1172.5093972180455,1519.2307692307695,-180.7692307692305,0.29999999999965893,-1.0126696832579185,4.12307340919807e-05,-5.029595424622539e-08,0.49999999999999994,0.8660254037844387
mahesana,Mango,2017,1,1016.6666666666666,3,0.2,0.0064516129032258,5.250224538912861e-05,2017-01-01,4750.0,4569.2307692307695,3050.0,1567.5,4055.0,3154.1666666666665,3062.2435897435894,1500.9028389119896,3573.6217948717954,1176.5045410697692,-3552.564102564103,-550.8333333333334,0.29999999999965893,-0.8126696832579186,3.994631387303658e-05,1.1685793865934477e-05,0.49999999999999994,0.8660254037844387
banaskantha,Mango,2017,1,3166.6666666666665,3,0.2,0.0064516129032258,4.197262420000229e-05,2017-01-01,4590.0,1016.6666666666666,4569.2307692307695,3050.0,3450.0,3420.833333333333,2878.632478632478,1782.4710506040578,3067.2329059829062,1528.9559173717378,2150.0,116.66666666666652,0.49999999999965894,-0.8126696832579186,5.250224538912861e-05,7.418901080215898e-07,0.49999999999999994,0.8660254037844387
dahod,Mango,2017,1,2714.285714285714,7,0.3999999999999999,0.0129032258064516,4.714661266250754e-05,2017-01-01,3500.0,3166.6666666666665,1016.6666666666666,4569.2307692307695,4750.0,3916.6666666666665,2917.521367521367,1789.3386936998397,3020.0106837606836,1519.1134112502632,-452.3809523809523,-1854.9450549450553,0.39999999999965896,-0.6126696832579186,4.197262420000229e-05,7.2002987894709606e-06,0.49999999999999994,0.8660254037844387
kheda,Mango,2017,1,1225.0,4,0.0,0.0,5.291138808726605e-05,2017-01-01,1175.0,2714.285714285714,3166.6666666666665,1016.6666666666666,1567.5,2758.333333333333,2299.2063492063485,1133.5092233793425,2680.7249694749694,1260.8285948811722,-1489.2857142857142,208.33333333333337,0.7999999999996589,-1.0126696832579185,4.714661266250754e-05,4.091426981374342e-07,0.49999999999999994,0.8660254037844387
rajkot,Mango,2017,2,4750.0,5,0.0,0.0,3.371409783362518e-05,2017-02-01,3312.5,1225.0,2714.285714285714,3166.6666666666665,3050.0,2833.333333333333,2368.650793650793,1015.9306004264594,2623.6416361416364,1327.3099141326295,3525.0,1583.3333333333335,0.5999999999996588,-0.3375549656799657,5.291138808726605e-05,-8.258526366377108e-06,0.8660254037844386,0.5000000000000001
ahmadabad,Mango,2017,2,4590.0,10,0.0,0.0,3.7046376212644734e-05,2017-02-01,2900.0,4750.0,1225.0,2714.285714285714,4569.2307692307695,2203.5714285714284,2896.4285714285706,1769.5446491417356,2906.97496947497,1591.6475621962047,-160.0,1875.7142857142858,0.39999999999965885,-0.3375549656799657,3.371409783362518e-05,-1.0100236449862804e-05,0.8660254037844386,0.5000000000000001
banaskantha,Mango,2017,2,3500.0,1,0.0,0.0,4.197262420000229e-05,2017-02-01,775.0,4590.0,4750.0,1225.0,1016.6666666666666,4055.0,3521.666666666666,1990.5798987564804,2910.4365079365075,1596.0023074724215,-1090.0,2275.0,0.0,-0.3375549656799657,3.7046376212644734e-05,-1.0938763887263756e-05,0.8660254037844386,0.5000000000000001
kheda,Mango,2017,2,1175.0,2,0.0,0.0,5.038140814217268e-05,2017-02-01,4525.0,3500.0,4590.0,4750.0,3166.6666666666665,3450.0,4279.999999999999,680.2205524681153,3324.325396825397,1301.5001846087682,-2325.0,-3575.0,0.0,-0.3375549656799657,4.197262420000229e-05,1.6667310308547495e-05,0.8660254037844386,0.5000000000000001
valsad,Mango,2017,2,3312.5,6,0.0,0.0,4.036184852123461e-05,2017-02-01,3680.555555555556,1175.0,3500.0,4590.0,2714.285714285714,4750.0,3088.3333333333326,1744.321740199714,2992.3809523809527,1575.000593888237,2137.5,-1277.5,0.0,-0.3375549656799657,5.038140814217268e-05,3.3154723085898735e-06,0.8660254037844386,0.5000000000000001
dahod,Mango,2017,2,2900.0,7,0.0,0.0,4.061750810519805e-05,2017-02-01,3166.6666666666665,3312.5,1175.0,3500.0,1225.0,1567.5,2662.4999999999995,1291.6196227992295,3092.0833333333335,1572.808329602392,-412.5,-600.0,0.0,-0.3375549656799657,4.036184852123461e-05,-1.3551160948042443e-06,0.8660254037844386,0.5000000000000001
mahesana,Mango,2017,2,775.0,2,0.0,0.0,4.8312755157751605e-05,2017-02-01,1633.3333333333333,2900.0,3312.5,1175.0,4750.0,3050.0,2462.4999999999995,1133.9229471176707,3371.25,1300.1478281334005,-2125.0,-400.0,0.0,-0.3375549656799657,4.061750810519805e-05,-2.0686529844210727e-06,0.8660254037844386,0.5000000000000001
girsomnath,Mango,2017,2,4525.0,2,0.0,0.0,4.197262420000229e-05,2017-02-01,2370.833333333333,775.0,2900.0,3312.5,4590.0,4569.2307692307695,2329.166666666666,1361.658761706969,2708.75,1460.0032106129086,3750.0,1212.5,0.0,-0.3375549656799657,4.8312755157751605e-05,1.6107756787676837e-06,0.8660254037844386,0.5000000000000001
vadodara,Mango,2017,2,3680.555555555556,9,0.0,0.0,4.56623125551594e-05,2017-02-01,2466.6666666666665,4525.0,775.0,2900.0,3500.0,1016.6666666666666,2733.3333333333326,1880.5473493994662,2697.9166666666665,1443.3991276381828,-844.4444444444439,780.5555555555561,0.0,-0.3375549656799657,4.197262420000229e-05,5.044804449961351e-06,0.8660254037844386,0.5000000000000001
bharuch,Mango,2017,2,3166.6666666666665,6,0.0,0.0,3.592688228971392e-05,2017-02-01,3557.5,3680.555555555556,4525.0,775.0,1175.0,3166.6666666666665,2993.5185185185182,1967.1400351005768,2728.0092592592596,1465.1834926660451,-513.8888888888896,2391.6666666666665,0.0,-0.3375549656799657,4.56623125551594e-05,-1.2385872868037687e-05,0.8660254037844386,0.5000000000000001
surat,Mango,2017,2,1633.3333333333333,3,0.0,0.0,3.699894970931016e-05,2017-02-01,3100.0,3166.6666666666665,3680.555555555556,4525.0,3312.5,2714.285714285714,3790.7407407407404,685.8374022950757,3059.953703703704,1253.2576121810353,-1533.3333333333333,-2891.666666666667,0.0,-0.3375549656799657,3.592688228971392e-05,-4.973674490692134e-06,0.8660254037844386,0.5000000000000001
navsari,Mango,2017,2,2370.833333333333,6,0.0,0.0,4.321550186485403e-05,2017-02-01,1450.0,1633.3333333333333,3166.6666666666665,3680.555555555556,2900.0,1225.0,2826.8518518518517,1065.075249954607,2780.0925925925926,1367.8308238051372,737.4999999999998,-1309.722222222223,0.0,-0.3375549656799657,3.699894970931016e-05,-2.4468106903053694e-06,0.8660254037844386,0.5000000000000001
dahod,Mango,2017,3,2466.6666666666665,6,0.0,0.0,3.060484350884925e-05,2017-03-01,5100.0,2370.833333333333,1633.3333333333333,3166.6666666666665,775.0,4750.0,2390.277777777777,766.8515779423135,2691.8981481481483,1375.5908990328696,95.83333333333348,-700.0,0.0,-1.9086255656108597,4.321550186485403e-05,-5.3220387808646695e-06,1.0,6.123233995736766e-17
vadodara,Mango,2017,3,3557.5,10,0.0,0.0,3.977519006708761e-05,2017-03-01,2800.333333333333,2466.6666666666665,2370.833333333333,1633.3333333333333,4525.0,4590.0,2156.9444444444434,455.9851463630441,2973.8425925925926,1035.425158943736,1090.8333333333335,1924.1666666666667,0.0,-1.9086255656108597,3.060484350884925e-05,2.776240357777452e-06,1.0,6.123233995736766e-17
valsad,Mango,2017,3,3100.0,6,0.4,0.0129032258064516,3.670508754025624e-05,2017-03-01,1358.75,3557.5,2466.6666666666665,2370.833333333333,3680.555555555556,3500.0,2798.3333333333326,659.2014318687442,2812.5925925925926,792.3488613653683,-457.5,729.166666666667,0.0,-1.5086255656108598,3.977519006708761e-05,-6.510414324597787e-06,1.0,6.123233995736766e-17
mahesana,Mango,2017,3,1450.0,3,0.0,0.0,3.772916032035925e-05,2017-03-01,4342.857142857143,3100.0,3557.5,2466.6666666666665,3166.6666666666665,1175.0,3041.3888888888882,547.7734815022193,2715.833333333333,694.5722104688293,-1650.0,-1016.6666666666665,0.39999999999965896,-1.9086255656108597,3.670508754025624e-05,7.124316811510004e-06,1.0,6.123233995736766e-17
rajkot,Mango,2017,3,5100.0,5,0.0,0.0,2.4580562189188382e-05,2017-03-01,1980.0,1450.0,3100.0,3557.5,1633.3333333333333,3312.5,2702.4999999999995,1108.5548024342436,2429.722222222222,814.8716099734625,3650.0,1542.5,0.39999999999965896,-1.9086255656108597,3.772916032035925e-05,-1.5194627877899227e-05,1.0,6.123233995736766e-17
navsari,Mango,2017,3,2800.333333333333,6,0.2,0.0064516129032258,4.079862595516195e-05,2017-03-01,3625.0,5100.0,1450.0,3100.0,2370.833333333333,2900.0,3216.666666666666,1827.7946638868818,3007.5,1250.0611096173561,-2299.666666666667,-299.66666666666697,0.39999999999965896,-1.7086255656108598,2.4580562189188382e-05,4.093538414905707e-06,1.0,6.123233995736766e-17
surat,Mango,2017,3,1358.75,8,0.0,0.0,3.505428627061516e-05,2017-03-01,1016.6666666666666,2800.333333333333,5100.0,1450.0,2466.6666666666665,775.0,3116.7777777777774,1845.4614097333058,3079.0833333333335,1218.2029741020617,-1441.583333333333,-91.25,0.19999999999965895,-1.9086255656108597,4.079862595516195e-05,-2.674874049744096e-06,1.0,6.123233995736766e-17
ahmadabad,Mango,2017,3,4342.857142857143,14,0.0,0.0,2.960569478936636e-05,2017-03-01,4375.0,1358.75,2800.333333333333,5100.0,3557.5,4525.0,3086.361111111111,1886.9543735528941,2894.430555555555,1400.0003674768034,2984.107142857143,-757.1428571428569,0.19999999999965895,-1.9086255656108597,3.505428627061516e-05,5.025132600177976e-06,1.0,6.123233995736766e-17
bharuch,Mango,2017,3,1980.0,5,0.0,0.0,3.1185957024254604e-05,2017-03-01,5700.0,4342.857142857143,1358.75,2800.333333333333,3100.0,3680.555555555556,2833.9801587301577,1492.3380788739673,3025.323412698413,1507.015991621592,-2362.857142857143,-820.333333333333,0.19999999999965895,-1.9086255656108597,2.960569478936636e-05,-9.612668930907345e-06,1.0,6.123233995736766e-17
banaskantha,Mango,2017,3,3625.0,2,0.1,0.0032258064516129,4.197262420000229e-05,2017-03-01,3288.8571428571427,1980.0,4342.857142857143,1358.75,1450.0,3166.6666666666665,2560.5357142857138,1574.4809134072402,2838.656746031746,1564.1958811347022,1645.0,2266.25,0.0,-1.8086255656108596,3.1185957024254604e-05,6.918337929387134e-06,1.0,6.123233995736766e-17
kheda,Mango,2017,3,1016.6666666666666,3,0.0,0.0,4.1039926034348376e-05,2017-03-01,1816.6666666666667,3625.0,1980.0,4342.857142857143,5100.0,1633.3333333333333,3315.9523809523803,1211.3654661236772,3201.156746031746,1423.7327296621181,-2608.3333333333335,-3326.1904761904766,0.09999999999965895,-1.9086255656108597,4.197262420000229e-05,1.1434231244982018e-05,1.0,6.123233995736766e-17
girsomnath,Mango,2017,3,4375.0,2,0.0,0.0,4.197262420000229e-05,2017-03-01,2670.833333333333,1016.6666666666666,3625.0,1980.0,2800.333333333333,2370.833333333333,2207.2222222222217,1318.928788126247,2520.6011904761904,1305.5673438068427,3358.3333333333335,2395.0,0.09999999999965895,-1.9086255656108597,4.1039926034348376e-05,1.0786667175747687e-05,1.0,6.123233995736766e-17
girsomnath,Mango,2017,4,5700.0,1,0.0,0.0,4.197262420000229e-05,2017-04-01,1666.6666666666667,4375.0,1016.6666666666666,3625.0,1358.75,2466.6666666666665,3005.5555555555547,1762.7774276009109,2783.0456349206347,1514.5832958653425,1325.0,2075.0,0.09999999999965895,-0.978716960352423,4.197262420000229e-05,0.0,0.8660254037844387,-0.4999999999999998
navsari,Mango,2017,4,3288.8571428571427,7,0.0,0.0,4.132660150310407e-05,2017-04-01,2875.0,5700.0,4375.0,1016.6666666666666,4342.857142857143,3557.5,3697.2222222222213,2414.1126350721174,3506.5873015873017,1720.9731114957324,-2411.1428571428573,2272.190476190476,0.0,-0.978716960352423,4.197262420000229e-05,2.866754687556937e-07,0.8660254037844387,-0.4999999999999998
surat,Mango,2017,4,1816.6666666666667,3,0.2,0.0066666666666666,3.608139707924834e-05,2017-04-01,2806.818181818182,3288.8571428571427,5700.0,4375.0,1980.0,3100.0,4454.619047619047,1207.5416613705754,3330.9206349206347,1671.6248837818266,-1472.190476190476,-2558.333333333333,0.0,-0.7787169603524229,4.132660150310407e-05,-5.891227120753948e-06,0.8660254037844387,-0.4999999999999998
bharuch,Mango,2017,4,2670.833333333333,6,0.0,0.0,2.923506505991612e-05,2017-04-01,1612.5,1816.6666666666667,3288.8571428571427,5700.0,3625.0,1450.0,3601.84126984127,1960.4945147213452,3303.698412698413,1699.128069488304,854.1666666666663,-3029.166666666667,0.19999999999965895,-0.978716960352423,3.608139707924834e-05,-1.273755914008617e-05,0.8660254037844387,-0.4999999999999998
mahesana,Mango,2017,4,1666.6666666666667,3,0.2,0.0066666666666666,3.5191608514255805e-05,2017-04-01,3638.8888888888887,2670.833333333333,1816.6666666666667,3288.8571428571427,1016.6666666666666,5100.0,2592.119047619047,739.2449889097244,3144.6706349206347,1707.6724203817823,-1004.1666666666663,-1622.190476190476,0.19999999999965895,-0.7787169603524229,2.923506505991612e-05,-6.134992988848265e-06,0.8660254037844387,-0.4999999999999998
dahod,Mango,2017,4,2875.0,6,0.0,0.0,2.896243950657528e-05,2017-04-01,4900.0,1666.6666666666667,2670.833333333333,1816.6666666666667,4375.0,2800.333333333333,2051.3888888888882,541.6720085206842,3253.003968253968,1559.8976665965013,1208.3333333333333,1058.3333333333333,0.39999999999965896,-0.978716960352423,3.5191608514255805e-05,-7.118957572673063e-06,0.8660254037844387,-0.4999999999999998
valsad,Mango,2017,4,2806.818181818182,11,0.1,0.0033333333333333,3.580975773196047e-05,2017-04-01,5000.0,2875.0,1666.6666666666667,2670.833333333333,5700.0,1358.75,2404.166666666666,646.8003513020567,3003.003968253968,1461.1923594125421,-68.18181818181802,135.98484848484895,0.19999999999965895,-0.878716960352423,2.896243950657528e-05,6.574692672044351e-06,0.8660254037844387,-0.4999999999999998
kheda,Mango,2017,4,1612.5,2,0.2,0.0066666666666666,3.9879065482517306e-05,2017-04-01,1886.764705882353,2806.818181818182,2875.0,1666.6666666666667,3288.8571428571427,4342.857142857143,2449.494949494949,678.805775151901,2520.8069985569987,639.5362879561915,-1194.318181818182,-54.16666666666674,0.299999999999659,-0.7787169603524229,3.580975773196047e-05,4.6874569682615004e-06,0.8660254037844387,-0.4999999999999998
vadodara,Mango,2017,4,3638.8888888888887,9,0.0,0.0,3.67560732938184e-05,2017-04-01,4000.0,1612.5,2806.818181818182,2875.0,1816.6666666666667,1980.0,2431.4393939393935,710.0411877433809,2241.4141414141413,601.9620728579819,2026.3888888888887,763.8888888888887,0.299999999999659,-0.978716960352423,3.9879065482517306e-05,7.79363378724312e-06,0.8660254037844387,-0.4999999999999998
ahmadabad,Mango,2017,4,4900.0,12,0.0,0.0,2.5888256811143745e-05,2017-04-01,5541.666666666667,3638.8888888888887,1612.5,2806.818181818182,2670.833333333333,3625.0,2686.069023569023,1018.5765811496542,2545.1178451178453,778.5757895622686,1261.1111111111113,2093.181818181818,0.299999999999659,-0.978716960352423,3.67560732938184e-05,-9.921500920816727e-06,0.8660254037844387,-0.4999999999999998
rajkot,Mango,2017,4,5000.0,4,4.2,0.14,2.2741472324178563e-05,2017-04-01,2275.0,4900.0,3638.8888888888887,1612.5,1666.6666666666667,1016.6666666666666,3383.7962962962956,1658.5289372201905,2916.645622895623,1243.573041031747,100.0,3387.5,0.19999999999965895,3.2212830396475773,2.5888256811143745e-05,-1.7137593158338743e-05,0.8660254037844387,-0.4999999999999998
valsad,Mango,2017,5,1886.764705882353,17,17.3,0.5580645161290323,3.663101281072471e-05,2017-05-01,1381.25,5000.0,4900.0,3638.8888888888887,2875.0,4375.0,4512.962962962963,758.6198753172583,3472.2011784511783,1315.9358464330696,-3113.235294117647,-1752.1241830065358,4.199999999999659,9.882980030721967,2.2741472324178563e-05,-1.250604830936884e-07,0.49999999999999994,-0.8660254037844387
ahmadabad,Mango,2017,5,4000.0,8,0.6,0.0193548387096774,2.258314879310385e-05,2017-05-01,2245.0,1886.764705882353,5000.0,4900.0,2806.818181818182,5700.0,3928.9215686274506,1769.2663702910047,3307.4952960982373,1459.6319504968121,2113.235294117647,-900.0,21.49999999999966,-6.817019969278034,3.663101281072471e-05,-3.305108018039896e-06,0.49999999999999994,-0.8660254037844387
rajkot,Mango,2017,5,5541.666666666667,6,3.0,0.0967741935483871,2.090958966999901e-05,2017-05-01,3500.0,4000.0,1886.764705882353,5000.0,1612.5,3288.8571428571427,3628.9215686274506,1589.4442112912961,3506.3589324618733,1459.0566727520415,1541.666666666667,541.666666666667,22.09999999999966,-4.417019969278034,2.258314879310385e-05,-1.8318826541795534e-06,0.49999999999999994,-0.8660254037844387
bharuch,Mango,2017,5,2275.0,4,2.5,0.0806451612903225,2.7035714532730084e-05,2017-05-01,1375.0,5541.666666666667,4000.0,1886.764705882353,3638.8888888888887,1816.6666666666667,3809.477124183006,1834.8845496089036,4161.220043572985,1313.5409654278326,-3266.666666666667,388.2352941176471,20.89999999999966,-4.917019969278034,2.090958966999901e-05,-9.595298277994628e-06,0.49999999999999994,-0.8660254037844387
surat,Mango,2017,5,1381.25,8,6.6,0.2129032258064516,3.5491285602222525e-05,2017-05-01,2400.0,2275.0,5541.666666666667,4000.0,4900.0,2670.833333333333,3938.8888888888882,1634.190534700203,3933.9052287581703,1523.2802372972944,-893.75,-2618.75,6.099999999999659,-0.817019969278034,2.7035714532730084e-05,1.2908136809118676e-05,0.49999999999999994,-0.8660254037844387
navsari,Mango,2017,5,2245.0,5,16.5,0.532258064516129,4.112533264449733e-05,2017-05-01,1175.0,1381.25,2275.0,5541.666666666667,5000.0,1666.6666666666667,3065.9722222222213,2190.0900671695767,3347.446895424837,1739.0240226156443,863.75,-3296.666666666667,12.099999999999659,9.082980030721966,3.5491285602222525e-05,2.0215742974498323e-05,0.49999999999999994,-0.8660254037844387
banaskantha,Mango,2017,5,3500.0,1,0.7,0.0225806451612903,4.197262420000229e-05,2017-05-01,2732.1428571428573,2245.0,1381.25,2275.0,1886.764705882353,2875.0,1967.0833333333328,507.5682425382352,2888.2802287581703,1571.0172490011487,1255.0,1225.0,25.59999999999966,-6.7170199692780335,4.112533264449733e-05,1.4936909667272207e-05,0.49999999999999994,-0.8660254037844387
kheda,Mango,2017,5,1375.0,1,1.6,0.0516129032258064,3.6137354990320806e-05,2017-05-01,5600.0,3500.0,2245.0,1381.25,4000.0,2806.818181818182,2375.416666666666,1065.3786983196892,3157.152777777778,1501.858118036774,-2125.0,-6.25,23.79999999999966,-5.817019969278034,4.197262420000229e-05,6.460693880982812e-07,0.49999999999999994,-0.8660254037844387
dahod,Mango,2017,5,2400.0,6,4.7,0.1516129032258064,2.7877794318741347e-05,2017-05-01,4250.0,1375.0,3500.0,2245.0,5541.666666666667,1612.5,2373.3333333333326,1068.2969312571086,2719.652777777778,1587.143888681688,1025.0,155.0,18.799999999999663,-2.7170199692780335,3.6137354990320806e-05,-1.3247538325755985e-05,0.49999999999999994,-0.8660254037844387
mahesana,Mango,2017,5,1175.0,3,1.0,0.032258064516129,3.151520715406065e-05,2017-05-01,1212.5,2400.0,1375.0,3500.0,2275.0,3638.8888888888887,2424.9999999999995,1062.7205653416247,2196.0416666666665,785.9430707224734,-1225.0,-2325.0,6.9999999999996625,-6.417019969278034,2.7877794318741347e-05,-1.0457417045941643e-05,0.49999999999999994,-0.8660254037844387
vadodara,Mango,2017,5,2732.1428571428573,7,0.6,0.0193548387096774,3.243629367554827e-05,2017-05-01,1425.0,1175.0,2400.0,1375.0,1381.25,4900.0,1649.9999999999993,657.1719714047596,2012.7083333333333,885.7942822217087,1557.1428571428573,1357.1428571428573,7.299999999999662,-6.817019969278034,3.151520715406065e-05,-3.701061314772538e-06,0.49999999999999994,-0.8660254037844387
girsomnath,Mango,2017,5,5600.0,1,8.9,0.2870967741935484,4.197262420000229e-05,2017-05-01,2642.8571428571427,2732.1428571428573,1175.0,2400.0,2245.0,5000.0,2102.380952380952,820.1257784736605,2237.8571428571427,864.6215404229005,2867.8571428571427,3200.0,6.299999999999662,1.4829800307219667,3.243629367554827e-05,1.4094829881260944e-05,0.49999999999999994,-0.8660254037844387
rajkot,Mango,2017,6,4250.0,4,128.2,4.2733333333333325,2.417668383808903e-05,2017-06-01,2625.0,5600.0,2732.1428571428573,1175.0,3500.0,1886.764705882353,3169.0476190476184,2244.620363943827,2797.0238095238096,1622.7015403689138,-1350.0,3075.0,10.499999999999662,2.366902173913033,4.197262420000229e-05,-7.338523315971618e-06,1.2246467991473532e-16,-1.0
surat,Mango,2017,6,1212.5,4,253.2,8.44,4.5776861105148046e-05,2017-06-01,2500.0,4250.0,5600.0,2732.1428571428573,1375.0,4000.0,4194.047619047618,1434.7470681830632,2922.0238095238096,1714.002084671574,-3037.5,-1519.6428571428573,137.69999999999965,127.36690217391303,2.417668383808903e-05,1.3340567429599778e-05,1.2246467991473532e-16,-1.0
mahesana,Mango,2017,6,1425.0,2,69.4,2.313333333333333,3.014924453995508e-05,2017-06-01,1400.0,1212.5,4250.0,5600.0,2400.0,5541.666666666667,3687.4999999999995,2247.1857399868018,2894.9404761904766,1744.3510929695938,212.5,-4175.0,390.2999999999996,-56.43309782608695,4.5776861105148046e-05,-1.182337966004721e-05,1.2246467991473532e-16,-1.0
dahod,Mango,2017,6,2642.8571428571427,7,72.4,2.4133333333333336,3.7843643636534766e-05,2017-06-01,2108.333333333333,1425.0,1212.5,4250.0,1175.0,2275.0,2295.8333333333326,1695.6900021328647,2732.4404761904766,1842.342264960152,1217.8571428571427,-1607.1428571428573,450.79999999999967,-53.43309782608695,3.014924453995508e-05,1.3666959798445736e-05,1.2246467991473532e-16,-1.0
banaskantha,Mango,2017,6,2625.0,1,218.2,7.273333333333331,4.197262420000229e-05,2017-06-01,2929.1666666666665,2642.8571428571427,1425.0,1212.5,2732.1428571428573,1381.25,1760.119047619047,771.8218519117307,2977.0833333333335,1684.8993250471126,-17.857142857142662,1412.5,394.99999999999966,92.36690217391303,3.7843643636534766e-05,-3.804236905145755e-06,1.2246467991473532e-16,-1.0
girsomnath,Mango,2017,6,2500.0,2,263.7,8.79,4.197262420000229e-05,2017-06-01,2780.714285714286,2625.0,2642.8571428571427,1425.0,5600.0,2245.0,2230.9523809523803,698.032341413981,2959.2261904761904,1688.5782332571773,-125.0,1075.0,359.99999999999966,137.86690217391305,4.197262420000229e-05,1.182337966004721e-05,1.2246467991473532e-16,-1.0
kheda,Mango,2017,6,1400.0,2,78.9,2.6300000000000003,3.498875042401588e-05,2017-06-01,4771.428571428572,2500.0,2625.0,2642.8571428571427,4250.0,3500.0,2589.2857142857138,77.83748113479906,2442.559523809524,1085.5429943982306,-1100.0,-1242.8571428571427,554.2999999999997,-46.93309782608695,4.197262420000229e-05,-2.8548932125188855e-06,1.2246467991473532e-16,-1.0
valsad,Mango,2017,6,2108.333333333333,18,299.6,9.986666666666668,4.617304179513079e-05,2017-06-01,2439.285714285714,1400.0,2500.0,2625.0,1212.5,1375.0,2174.9999999999995,674.0734381356532,1967.5595238095239,686.7834082372237,708.333333333333,-516.666666666667,560.7999999999996,173.76690217391308,3.498875042401588e-05,4.200417595128501e-06,1.2246467991473532e-16,-1.0
vadodara,Mango,2017,6,2929.1666666666665,6,101.0,3.3666666666666667,3.772690697367215e-05,2017-06-01,1150.0,2108.333333333333,1400.0,2500.0,1425.0,2400.0,2002.7777777777771,557.5450488359669,2116.865079365079,578.6720550680744,820.8333333333335,429.1666666666665,642.1999999999996,-24.833097826086956,4.617304179513079e-05,-4.245717226330143e-06,1.2246467991473532e-16,-1.0
navsari,Mango,2017,6,2780.714285714286,7,334.5,11.15,5.063013913811363e-05,2017-06-01,1400.0,2929.1666666666665,2108.333333333333,1400.0,2642.8571428571427,1175.0,2145.8333333333326,765.272736422206,2367.5595238095234,543.7604418159734,-148.45238095238074,1380.7142857142858,479.49999999999966,208.66690217391306,3.772690697367215e-05,1.564138871409775e-05,1.2246467991473532e-16,-1.0
ahmadabad,Mango,2017,6,4771.428571428572,14,92.0,3.066666666666667,2.3348495267200336e-05,2017-06-01,3350.0,2780.714285714286,2929.1666666666665,2108.333333333333,2625.0,2732.1428571428573,2606.071428571428,437.39791487965056,2390.535714285714,560.378039662158,1990.7142857142858,2663.0952380952385,735.0999999999997,-33.833097826086956,5.063013913811363e-05,-2.2824546527930456e-05,1.2246467991473532e-16,-1.0
bharuch,Mango,2017,6,2439.285714285714,7,132.1,4.403333333333333,3.1872839135261334e-05,2017-06-01,2426.285714285714,4771.428571428572,2780.714285714286,2929.1666666666665,2500.0,5600.0,3493.769841269841,1108.9717762034115,2748.273809523809,1132.7785100264648,-2332.1428571428573,-489.8809523809523,527.4999999999997,6.266902173913039,2.3348495267200336e-05,-5.854067838410814e-06,1.2246467991473532e-16,-1.0
kheda,Mango,2017,7,1150.0,1,914.3,29.493548387096773,3.129355923564044e-05,2017-07-01,2068.75,2439.285714285714,4771.428571428572,2780.714285714286,1400.0,4250.0,3330.4761904761904,1259.5241920964509,2738.154761904762,1135.7072819740122,-1289.2857142857142,-1630.7142857142858,558.5999999999997,542.8707599118943,3.1872839135261334e-05,-1.9336579902473188e-05,-0.4999999999999997,-0.8660254037844388
surat,Mango,2017,7,1400.0,4,337.1,10.874193548387098,3.6421980886938726e-05,2017-07-01,900.0,1150.0,2439.285714285714,4771.428571428572,2108.333333333333,1212.5,2786.9047619047615,1835.5695236602999,2696.488095238095,1197.5237672739281,250.0,-3371.4285714285716,1138.3999999999996,-34.32924008810568,3.129355923564044e-05,1.307348561973839e-05,-0.4999999999999997,-0.8660254037844388
girsomnath,Mango,2017,7,3350.0,2,273.2,8.812903225806451,4.197262420000229e-05,2017-07-01,5750.0,1400.0,1150.0,2439.285714285714,2929.1666666666665,1425.0,1663.0952380952374,683.7241706248328,2578.4325396825398,1297.8172858987032,1950.0,910.7142857142858,1383.4999999999995,-98.22924008810571,3.6421980886938726e-05,1.0099785064740958e-05,-0.4999999999999997,-0.8660254037844388
navsari,Mango,2017,7,2426.285714285714,7,532.0,17.161290322580644,3.892789715014977e-05,2017-07-01,4450.0,3350.0,1400.0,1150.0,2780.714285714286,2642.8571428571427,1966.666666666666,1204.505431010318,2648.571428571429,1331.4979289108483,-923.7142857142858,1276.2857142857142,1524.5999999999997,160.5707599118943,4.197262420000229e-05,7.63433791450933e-06,-0.4999999999999997,-0.8660254037844388
bharuch,Mango,2017,7,2068.75,4,283.1,9.13225806451613,3.260329932785964e-05,2017-07-01,5038.888888888889,2426.285714285714,3350.0,1400.0,4771.428571428572,2625.0,2392.095238095237,975.4495074049809,2589.5,1332.3247558692442,-357.5357142857142,668.75,1142.2999999999997,-88.32924008810568,3.892789715014977e-05,-3.818681559079088e-06,-0.4999999999999997,-0.8660254037844388
mahesana,Mango,2017,7,900.0,1,1613.2,52.03870967741936,2.6826954596527293e-05,2017-07-01,2762.5,2068.75,2426.285714285714,3350.0,2439.285714285714,2500.0,2615.011904761904,661.1456510132725,2139.053571428571,796.0405312692764,-1168.75,-2450.0,1088.2999999999997,1241.7707599118944,3.260329932785964e-05,-1.5145669603474998e-05,-0.4999999999999997,-0.8660254037844388
rajkot,Mango,2017,7,5750.0,6,246.2,7.941935483870967,2.660087272817853e-05,2017-07-01,1310.0,900.0,2068.75,2426.285714285714,1150.0,1400.0,1798.3452380952374,798.2644122430606,1882.5059523809523,918.5441704511172,4850.0,3323.714285714286,2428.2999999999993,-125.22924008810571,2.6826954596527293e-05,-1.2327024421971243e-05,-0.4999999999999997,-0.8660254037844388
ahmadabad,Mango,2017,7,4450.0,10,733.0,23.64516129032258,2.088166042918639e-05,2017-07-01,4141.666666666667,5750.0,900.0,2068.75,1400.0,2108.333333333333,2906.2499999999995,2531.141973003495,2649.172619047619,1738.5566160914757,-1300.0,2381.25,2142.4999999999995,361.5707599118943,2.660087272817853e-05,-1.1721638898673246e-05,-0.4999999999999997,-0.8660254037844388
vadodara,Mango,2017,7,5038.888888888889,9,443.2,14.296774193548387,3.753362453743769e-05,2017-07-01,2043.75,4450.0,5750.0,900.0,3350.0,2929.1666666666665,3699.9999999999995,2510.4780421266446,3157.5059523809523,1746.1400799431906,588.8888888888887,4138.888888888889,2592.3999999999996,71.77075991189429,2.088166042918639e-05,1.0706669940910397e-05,-0.4999999999999997,-0.8660254037844388
dahod,Mango,2017,7,2762.5,8,530.6,17.116129032258065,3.941002398765948e-05,2017-07-01,3053.6666666666665,5038.888888888889,4450.0,5750.0,2426.285714285714,2780.714285714286,5079.629629629629,650.9568771947304,3438.987433862434,1911.658062668764,-2276.3888888888887,-2987.5,1422.3999999999994,159.17075991189432,3.753362453743769e-05,1.2809151259480949e-05,-0.4999999999999997,-0.8660254037844388
valsad,Mango,2017,7,1310.0,10,590.4,19.04516129032258,3.955330840374043e-05,2017-07-01,1940.0,2762.5,5038.888888888889,4450.0,2068.75,4771.428571428572,4083.7962962962956,1181.5521392723053,3495.0231481481483,1880.7133333136942,-1452.5,-3140.0,1706.7999999999993,218.97075991189428,3.941002398765948e-05,1.867164797455404e-05,-0.4999999999999997,-0.8660254037844388
ahmadabad,Mango,2017,8,4141.666666666667,12,225.9,7.287096774193548,4.0923991056534894e-05,2017-08-01,1200.0,1310.0,2762.5,5038.888888888889,900.0,2439.285714285714,3037.129629629629,1879.5529153292437,3368.5648148148152,2016.4093837768999,2831.666666666667,-897.2222222222217,1564.1999999999994,-81.2820108695652,3.955330840374043e-05,3.3903665190972038e-06,-0.8660254037844384,-0.5000000000000004
bharuch,Mango,2017,8,2043.75,4,249.9,8.061290322580644,4.61061415260785e-05,2017-08-01,1100.0,4141.666666666667,1310.0,2762.5,5750.0,1150.0,2738.0555555555547,1415.9915875194847,3908.8425925925926,1617.529460649776,-2097.916666666667,-718.75,1346.8999999999992,-57.2820108695652,4.0923991056534894e-05,6.696117538419019e-06,-0.8660254037844384,-0.5000000000000004
navsari,Mango,2017,8,3053.6666666666665,6,545.4,17.593548387096774,6.380070617499883e-05,2017-08-01,1445.0,2043.75,4141.666666666667,1310.0,4450.0,1400.0,2498.4722222222217,1469.5792773153946,3291.134259259259,1475.2176822439267,1009.9166666666665,1743.6666666666665,1066.1999999999994,238.21798913043477,4.61061415260785e-05,2.4247397771258396e-05,-0.8660254037844384,-0.5000000000000004
valsad,Mango,2017,8,1940.0,15,702.9,22.67419354838709,6.091790444068337e-05,2017-08-01,4175.0,3053.6666666666665,2043.75,4141.666666666667,5038.888888888889,3350.0,3079.694444444444,1049.200490364691,3058.412037037037,1361.601946693567,-1113.6666666666665,-2201.666666666667,1021.1999999999992,395.7179891304348,6.380070617499883e-05,1.9993913384148477e-05,-0.8660254037844384,-0.5000000000000004
kheda,Mango,2017,8,1200.0,2,281.1,9.067741935483872,5.629846272767829e-05,2017-08-01,5958.333333333333,1940.0,3053.6666666666665,2043.75,2762.5,2426.285714285714,2345.8055555555547,615.2166529708167,2541.930555555555,999.7837271917407,-740.0,-843.75,1498.1999999999994,-26.08201086956518,6.091790444068337e-05,1.0192321201599796e-05,-0.8660254037844384,-0.5000000000000004
mahesana,Mango,2017,8,1100.0,1,157.9,5.093548387096774,5.464430830859373e-05,2017-08-01,2300.0,1200.0,1940.0,3053.6666666666665,1310.0,2068.75,2064.5555555555547,933.0892736456746,2281.5138888888887,1126.3270573178552,-100.0,-1953.6666666666665,1529.3999999999992,-149.2820108695652,5.629846272767829e-05,-9.156397866405097e-06,-0.8660254037844384,-0.5000000000000004
surat,Mango,2017,8,1445.0,6,271.3,8.751612903225807,5.93847015777652e-05,2017-08-01,4138.636363636364,1100.0,1200.0,1940.0,4141.666666666667,900.0,1413.3333333333328,458.8391148685443,2246.5138888888887,1165.1479763158693,345.0,-495.0,1141.8999999999994,-35.88201086956519,5.464430830859373e-05,-1.5332028629181689e-06,-0.8660254037844384,-0.5000000000000004
girsomnath,Mango,2017,8,4175.0,2,343.2,11.070967741935483,4.197262420000229e-05,2017-08-01,2460.0,1445.0,1100.0,1200.0,2043.75,5750.0,1248.3333333333328,177.50586844763234,1797.0694444444443,724.7989575980289,2730.0,2975.0,710.2999999999994,36.017989130434785,5.93847015777652e-05,-1.4325838527676002e-05,-0.8660254037844384,-0.5000000000000004
rajkot,Mango,2017,8,5958.333333333333,6,232.9,7.512903225806451,5.487445056073153e-05,2017-08-01,2285.714285714286,4175.0,1445.0,1100.0,3053.6666666666665,4450.0,2239.9999999999995,1684.6141991565967,2152.277777777778,1221.747299142898,1783.333333333333,4858.333333333333,772.3999999999994,-74.2820108695652,4.197262420000229e-05,2.3014225213779965e-07,-0.8660254037844384,-0.5000000000000004
dahod,Mango,2017,8,2300.0,6,195.4,6.303225806451613,5.857724584136498e-05,2017-08-01,5500.0,5958.333333333333,4175.0,1445.0,1940.0,5038.888888888889,3859.444444444444,2273.153300137489,2636.3888888888887,1986.489761885038,-3658.333333333333,855.0,847.3999999999994,-111.7820108695652,5.487445056073153e-05,-8.074557364002246e-07,-0.8660254037844384,-0.5000000000000004
vadodara,Mango,2017,8,4138.636363636364,11,223.3,7.203225806451612,5.504342202146192e-05,2017-08-01,3200.0,2300.0,5958.333333333333,4175.0,1200.0,2762.5,4144.444444444444,1829.3580638918017,2696.3888888888887,1966.586274251418,1838.636363636364,-36.36363636363603,771.4999999999993,-83.88201086956519,5.857724584136498e-05,1.3070797821459629e-05,-0.8660254037844384,-0.5000000000000004
dahod,Mango,2017,9,2460.0,5,158.79999999999998,5.293333333333333,6.547249232502352e-05,2017-09-01,2450.0,4138.636363636364,2300.0,5958.333333333333,1100.0,1310.0,4132.323232323232,1829.1748375058935,3186.161616161616,1883.5573787763788,-1678.636363636364,-3498.333333333333,651.5999999999993,-47.77303042328046,5.504342202146192e-05,1.0598041764291992e-05,-1.0,-1.8369701987210297e-16
valsad,Mango,2017,9,2285.714285714286,7,169.20000000000002,5.640000000000001,6.940369641503178e-05,2017-09-01,4454.545454545455,2460.0,4138.636363636364,2300.0,1445.0,4141.666666666667,2966.2121212121206,1018.4959269275801,3412.8282828282827,1649.600905254871,-174.28571428571422,-14.28571428571422,577.4999999999993,-37.373030423280426,6.547249232502352e-05,1.0826450573666798e-05,-1.0,-1.8369701987210297e-16
rajkot,Mango,2017,9,5500.0,4,67.4,2.246666666666667,6.185791607081002e-05,2017-09-01,1100.0,2285.714285714286,2460.0,4138.636363636364,4175.0,2043.75,2961.450216450216,1023.190742919555,3552.9473304473304,1475.5442019706363,3214.285714285714,1361.363636363636,551.2999999999993,-139.17303042328044,6.940369641503178e-05,6.814494049348096e-06,-1.0,-1.8369701987210297e-16
girsomnath,Mango,2017,9,3200.0,1,105.0,3.5,4.197262420000229e-05,2017-09-01,3818.181818181818,5500.0,2285.714285714286,2460.0,5958.333333333333,3053.6666666666665,3415.238095238095,1807.5585819582484,3773.780663780664,1673.1774482997141,-2300.0,740.0,395.3999999999993,-101.57303042328044,6.185791607081002e-05,-2.349986812502123e-05,-1.0,-1.8369701987210297e-16
bharuch,Mango,2017,9,2450.0,3,139.9,4.663333333333333,5.355354860697308e-05,2017-09-01,3062.5,3200.0,5500.0,2285.714285714286,2300.0,1940.0,3661.9047619047615,1656.177879959776,3314.0584415584417,1287.3616913628414,-750.0,164.28571428571422,341.59999999999934,-66.67303042328044,4.197262420000229e-05,-1.5850147808058692e-05,-1.0,-1.8369701987210297e-16
ahmadabad,Mango,2017,9,4454.545454545455,11,68.3,2.2766666666666664,4.84972400308825e-05,2017-09-01,2645.0,2450.0,3200.0,5500.0,4138.636363636364,1200.0,3716.666666666666,1589.2870518988586,3339.0584415584417,1264.9927343250195,2004.545454545455,-1045.454545454545,312.29999999999933,-138.27303042328043,5.355354860697308e-05,-1.3360676039927517e-05,-1.0,-1.8369701987210297e-16
mahesana,Mango,2017,9,1100.0,1,31.3,1.0433333333333334,5.631046678239031e-05,2017-09-01,2271.0,4454.545454545455,2450.0,3200.0,2460.0,1100.0,3368.1818181818176,1012.8003074693189,3391.709956709957,1310.678177117265,-3354.545454545455,-2100.0,313.1999999999993,-175.27303042328043,4.84972400308825e-05,1.4337842582388018e-05,-1.0,-1.8369701987210297e-16
vadodara,Mango,2017,9,3818.181818181818,11,142.5,4.75,6.549974894120001e-05,2017-09-01,3100.0,1100.0,4454.545454545455,2450.0,2285.714285714286,1445.0,2668.1818181818176,1687.8821881256285,3165.04329004329,1591.5383021116145,2718.181818181818,1368.181818181818,239.49999999999932,-64.07303042328044,5.631046678239031e-05,1.1946200334226927e-05,-1.0,-1.8369701987210297e-16
banaskantha,Mango,2017,9,3062.5,2,26.7,0.89,4.197262420000229e-05,2017-09-01,4950.0,3818.181818181818,1100.0,4454.545454545455,5500.0,4175.0,3124.242424242424,1781.6867607687527,3420.4545454545455,1544.4696059283137,-755.681818181818,-1392.045454545455,242.0999999999993,-179.87303042328045,6.549974894120001e-05,-6.524615830880208e-06,-1.0,-1.8369701987210297e-16
surat,Mango,2017,9,2645.0,6,140.20000000000002,4.673333333333334,6.408501089862297e-05,2017-09-01,1566.6666666666667,3062.5,3818.181818181818,1100.0,3200.0,5958.333333333333,2660.227272727272,1403.0308654852024,3014.2045454545455,1161.0615489518823,-417.5,1545.0,200.49999999999932,-66.37303042328043,4.197262420000229e-05,7.774544116232658e-06,-1.0,-1.8369701987210297e-16
navsari,Mango,2017,9,2271.0,5,145.3,4.843333333333334,6.639118197287731e-05,2017-09-01,2450.0,2645.0,3062.5,3818.181818181818,2450.0,2300.0,3175.227272727272,594.6591234821201,2921.7045454545455,1165.3990001477837,-374.0,-1547.181818181818,309.3999999999993,-61.27303042328043,6.408501089862297e-05,8.914330316773042e-07,-1.0,-1.8369701987210297e-16
girsomnath,Mango,2017,10,3100.0,1,21.4,0.6903225806451613,4.197262420000229e-05,2017-10-01,4218.181818181818,2271.0,2645.0,3062.5,4454.545454545455,4138.636363636364,2659.4999999999995,395.9491760315002,2891.871212121212,1182.061352750637,829.0,37.5,312.19999999999936,-13.087389380530972,6.639118197287731e-05,0.0,-0.8660254037844386,0.5000000000000001
rajkot,Mango,2017,10,4950.0,5,15.7,0.5064516129032258,5.2506100307176826e-05,2017-10-01,1350.0,3100.0,2271.0,2645.0,1100.0,2460.0,2671.9999999999995,415.1590056833936,2666.113636363636,925.4094352954719,1850.0,2305.0,306.89999999999935,-18.78738938053097,4.197262420000229e-05,-1.1578910591446142e-05,-0.8660254037844386,0.5000000000000001
dahod,Mango,2017,10,1566.6666666666667,3,7.6,0.2451612903225806,5.001942173609643e-05,2017-10-01,1885.0,4950.0,3100.0,2271.0,3818.181818181818,2285.714285714286,3440.3333333333326,1371.54304829756,3307.7803030303025,956.5481114928555,-3383.333333333333,-704.3333333333333,182.39999999999932,-26.88738938053097,5.2506100307176826e-05,-1.6371760236780886e-05,-0.8660254037844386,0.5000000000000001
valsad,Mango,2017,10,2450.0,11,99.6,3.212903225806452,6.590256114779577e-05,2017-10-01,3825.0,1566.6666666666667,4950.0,3100.0,3062.5,5500.0,3205.5555555555547,1694.1347622289736,2932.527777777778,1140.2632757231822,883.3333333333333,-650.0,44.699999999999314,65.11261061946902,5.001942173609643e-05,2.392993694779348e-05,-0.8660254037844386,0.5000000000000001
ahmadabad,Mango,2017,10,4218.181818181818,11,0.3,0.0096774193548387,4.161186503880456e-05,2017-10-01,2175.0,2450.0,1566.6666666666667,4950.0,2645.0,3200.0,2988.8888888888882,1754.8609737061977,2830.444444444445,1153.6391052600395,1768.181818181818,-731.818181818182,122.89999999999931,-34.18738938053097,6.590256114779577e-05,-1.0894235268372263e-05,-0.8660254037844386,0.5000000000000001
kheda,Mango,2017,10,1350.0,3,0.1,0.0032258064516129,5.492322761407664e-05,2017-10-01,1487.5,4218.181818181818,2450.0,1566.6666666666667,2271.0,2450.0,2744.9494949494947,1350.140567906487,3092.6414141414148,1275.4103494098258,-2868.181818181818,-216.66666666666674,107.4999999999993,-34.38738938053097,4.161186503880456e-05,4.90380587798021e-06,-0.8660254037844386,0.5000000000000001
surat,Mango,2017,10,1885.0,5,50.4,1.6258064516129032,6.01591172480141e-05,2017-10-01,2125.833333333333,1350.0,4218.181818181818,2450.0,3100.0,4454.545454545455,2672.727272727272,1447.0046005626975,2939.1414141414148,1439.005822208997,535.0,-565.0,99.99999999999932,15.912610619469028,5.492322761407664e-05,-5.743443899781674e-06,-0.8660254037844386,0.5000000000000001
vadodara,Mango,2017,10,3825.0,12,8.2,0.264516129032258,6.032460698639477e-05,2017-10-01,4125.0,1885.0,1350.0,4218.181818181818,4950.0,1100.0,2484.3939393939386,1525.146404930967,2736.6414141414148,1496.1945005994776,1940.0,-393.181818181818,50.799999999999315,-26.28738938053097,6.01591172480141e-05,1.8712741947590205e-05,-0.8660254037844386,0.5000000000000001
bharuch,Mango,2017,10,2175.0,5,55.9,1.803225806451613,5.24667350159163e-05,2017-10-01,2200.0,3825.0,1885.0,1350.0,1566.6666666666667,3818.181818181818,2353.3333333333326,1302.2704532213565,2549.1414141414143,1205.6218810173268,-1650.0,825.0,58.69999999999932,21.412610619469028,6.032460698639477e-05,-2.4564925981603397e-06,-0.8660254037844386,0.5000000000000001
mahesana,Mango,2017,10,1487.5,2,0.0,0.0,5.16310398208758e-05,2017-10-01,4440.0,2175.0,3825.0,1885.0,2450.0,3062.5,2628.3333333333326,1046.4384039843715,2650.530303030303,1129.6607922335104,-687.5,-397.5,114.49999999999932,-34.48738938053097,5.24667350159163e-05,-8.5280774271383e-06,-0.8660254037844386,0.5000000000000001
navsari,Mango,2017,10,2125.833333333333,6,71.9,2.3193548387096774,6.418051646630532e-05,2017-10-01,1663.6363636363635,1487.5,2175.0,3825.0,4218.181818181818,2645.0,2495.8333333333326,1201.3230553574497,2490.1136363636365,1227.900123724636,638.333333333333,-1699.166666666667,64.09999999999931,37.412610619469035,5.16310398208758e-05,3.8559094799105545e-06,-0.8660254037844386,0.5000000000000001
girsomnath,Mango,2017,11,4125.0,2,0.0,0.0,4.197262420000229e-05,2017-11-01,1662.5,2125.833333333333,1487.5,2175.0,1350.0,2271.0,1929.4444444444437,383.5238053358368,2141.3888888888887,889.4403150712682,1999.166666666667,1950.0,127.79999999999933,-9.795056689342402,6.418051646630532e-05,-1.0494110815914006e-05,-0.5000000000000004,0.8660254037844384
mahesana,Mango,2017,11,2200.0,1,0.0,0.0,4.9515760721509646e-05,2017-11-01,1250.0,4125.0,2125.833333333333,1487.5,1885.0,3100.0,2579.444444444444,1376.0173845531956,2603.8888888888887,1093.6635256821032,-1925.0,712.5,71.89999999999932,-9.795056689342402,4.197262420000229e-05,-2.1152790993661524e-06,-0.5000000000000004,0.8660254037844384
ahmadabad,Mango,2017,11,4440.0,10,0.0,0.0,3.78238894816127e-05,2017-11-01,2122.333333333333,2200.0,4125.0,2125.833333333333,3825.0,4950.0,2816.944444444444,1133.4161530196893,2656.3888888888887,1059.272112069136,2240.0,2314.166666666667,71.89999999999932,-9.795056689342402,4.9515760721509646e-05,-2.6356626984692622e-05,-0.5000000000000004,0.8660254037844384
valsad,Mango,2017,11,1663.6363636363635,11,0.0,0.0,5.903744169775201e-05,2017-11-01,3250.0,4440.0,2200.0,4125.0,2175.0,1566.6666666666667,3588.3333333333326,1212.6039474343474,2758.8888888888887,1213.4962878973884,-2776.3636363636365,-2461.3636363636365,0.0,-9.795056689342402,3.78238894816127e-05,1.7064817497749716e-05,-0.5000000000000004,0.8660254037844384
dahod,Mango,2017,11,1662.5,4,0.0,0.0,4.8022458721307625e-05,2017-11-01,3187.5,1663.6363636363635,4440.0,2200.0,1487.5,2450.0,2767.8787878787875,1472.7231574951943,2673.661616161616,1278.9007729381249,-1.1363636363635123,-537.5,0.0,-9.795056689342402,5.903744169775201e-05,-1.493302000202021e-06,-0.5000000000000004,0.8660254037844384
kheda,Mango,2017,11,1250.0,2,0.0,0.0,4.995006901177191e-05,2017-11-01,3666.6666666666665,1662.5,1663.6363636363635,4440.0,2125.833333333333,4218.181818181818,2588.7121212121206,1603.2624334277891,2702.8282828282827,1248.0625146830935,-412.5,-3190.0,0.0,-9.795056689342402,4.8022458721307625e-05,1.2126179530159211e-05,-0.5000000000000004,0.8660254037844384
surat,Mango,2017,11,2122.333333333333,6,0.0,0.0,5.4027100998208186e-05,2017-11-01,2305.0,1250.0,1662.5,1663.6363636363635,4125.0,1350.0,1525.3787878787873,238.4857028016409,2556.8560606060605,1373.917007134388,872.333333333333,458.6969696969695,0.0,-9.795056689342402,4.995006901177191e-05,-5.010340699543821e-06,-0.5000000000000004,0.8660254037844384
banaskantha,Mango,2017,11,3250.0,1,0.0,0.0,4.197262420000229e-05,2017-11-01,1966.6666666666667,2122.333333333333,1250.0,1662.5,2200.0,1885.0,1678.2777777777771,436.38064211744813,2223.078282828283,1140.1340858596006,1127.666666666667,1587.5,0.0,-9.795056689342402,5.4027100998208186e-05,-6.049834521305334e-06,-0.5000000000000004,0.8660254037844384
vadodara,Mango,2017,11,3187.5,8,0.0,0.0,5.652344438852288e-05,2017-11-01,2920.0,3250.0,2122.333333333333,1250.0,4440.0,3825.0,2207.444444444444,1002.7127833661785,2398.0782828282827,1214.0687192045712,-62.5,1937.5,0.0,-9.795056689342402,4.197262420000229e-05,6.57337537675097e-06,-0.5000000000000004,0.8660254037844384
rajkot,Mango,2017,11,3666.6666666666665,3,0.0,0.0,4.50184435611653e-05,2017-11-01,3050.0,3187.5,3250.0,2122.333333333333,1663.6363636363635,2175.0,2853.2777777777774,633.7873445787421,2189.3282828282827,844.0494355474676,479.1666666666665,1544.3333333333335,0.0,-9.795056689342402,5.652344438852288e-05,-9.008657437042888e-06,-0.5000000000000004,0.8660254037844384
navsari,Mango,2017,11,2305.0,5,0.0,0.0,5.8845751471709935e-05,2017-11-01,1883.3333333333333,3666.6666666666665,3187.5,3250.0,1662.5,1487.5,3368.0555555555547,260.48610185436974,2523.1666666666665,979.7535971411958,-1361.6666666666665,-945.0,0.0,-9.795056689342402,4.50184435611653e-05,1.6873127271707644e-05,-0.5000000000000004,0.8660254037844384
bharuch,Mango,2017,11,1966.6666666666667,3,0.0,0.0,4.903120541817295e-05,2017-11-01,4460.0,2305.0,3666.6666666666665,3187.5,1250.0,2125.833333333333,3053.0555555555547,690.717387401884,2630.25,898.6249603947385,-338.33333333333326,-1220.8333333333333,0.0,-9.795056689342402,5.8845751471709935e-05,-7.492238970349933e-06,-0.5000000000000004,0.8660254037844384
surat,Mango,2017,12,2920.0,3,51.7,1.6677419354838707,5.164140630124079e-05,2017-12-01,2533.333333333333,1966.6666666666667,2305.0,3666.6666666666665,2122.333333333333,4125.0,2646.1111111111104,899.8708755108238,2749.694444444445,705.306319714796,953.3333333333333,-746.6666666666665,0.0,48.00055757868258,4.903120541817295e-05,6.622962740075492e-06,-2.4492935982947064e-16,1.0
navsari,Mango,2017,12,3050.0,4,30.0,0.9677419354838708,5.830107347944064e-05,2017-12-01,1794.4444444444443,2920.0,1966.6666666666667,2305.0,3250.0,2200.0,2397.2222222222213,483.31130217990824,2882.6388888888887,635.0845124571712,130.0,745.0,51.69999999999932,26.30055757868258,5.164140630124079e-05,-5.446779922692945e-07,-2.4492935982947064e-16,1.0
dahod,Mango,2017,12,1883.3333333333333,6,38.1,1.229032258064516,5.117076924104632e-05,2017-12-01,1187.5,3050.0,2920.0,1966.6666666666667,3187.5,4440.0,2645.5555555555547,591.5171955172706,2849.305555555555,616.9360710322753,-1166.6666666666667,-83.33333333333348,81.69999999999932,34.40055757868258,5.830107347944064e-05,2.139563822873373e-06,-2.4492935982947064e-16,1.0
ahmadabad,Mango,2017,12,4460.0,10,13.6,0.4387096774193549,4.252240565730429e-05,2017-12-01,5450.0,1883.3333333333333,3050.0,2920.0,3666.6666666666665,1663.6363636363635,2617.777777777777,639.3602126200112,2631.9444444444443,698.3269026487264,2576.666666666667,1540.0,119.79999999999933,9.900557578682578,5.117076924104632e-05,-9.119000643936502e-06,-2.4492935982947064e-16,1.0
bharuch,Mango,2017,12,2533.333333333333,3,60.0,1.935483870967742,4.834709761481502e-05,2017-12-01,5700.0,4460.0,1883.3333333333333,3050.0,2305.0,1662.5,3131.111111111111,1290.2468899544238,2764.1666666666665,959.6398340581279,-1926.666666666667,-516.666666666667,81.69999999999932,56.30055757868258,4.252240565730429e-05,-9.953975864625623e-06,-2.4492935982947064e-16,1.0
valsad,Mango,2017,12,1794.4444444444443,9,26.8,0.864516129032258,5.697805066108937e-05,2017-12-01,950.0,2533.333333333333,4460.0,1883.3333333333333,1966.6666666666667,1250.0,2958.8888888888882,1340.0096738180482,2802.222222222222,942.1574925354787,-738.8888888888887,-88.88888888888891,111.69999999999932,23.10055757868258,4.834709761481502e-05,5.807281420043045e-06,-2.4492935982947064e-16,1.0
kheda,Mango,2017,12,1187.5,2,30.4,0.9806451612903224,5.237646821219775e-05,2017-12-01,2742.8571428571427,1794.4444444444443,2533.333333333333,4460.0,2920.0,2122.333333333333,2929.2592592592587,1376.1775354413846,2773.5185185185182,974.7638945948713,-606.9444444444443,-3272.5,100.39999999999931,26.700557578682577,5.697805066108937e-05,9.85406255489346e-06,-2.4492935982947064e-16,1.0
rajkot,Mango,2017,12,5450.0,5,3.6,0.1161290322580645,4.483209546201784e-05,2017-12-01,1933.3333333333333,1187.5,1794.4444444444443,2533.333333333333,3050.0,3250.0,1838.4259259259252,673.993782102461,2484.7685185185187,1161.4268631898851,4262.5,2916.666666666667,117.19999999999932,-0.0994424213174212,5.237646821219775e-05,-3.515002152797176e-06,-2.4492935982947064e-16,1.0
girsomnath,Mango,2017,12,5700.0,1,6.1,0.196774193548387,4.197262420000229e-05,2017-12-01,3075.0,5450.0,1187.5,1794.4444444444443,1883.3333333333333,3187.5,2810.6481481481474,2305.8033389831558,2884.7685185185182,1688.6487440439814,250.0,3905.5555555555557,60.799999999999315,2.4005575786825784,4.483209546201784e-05,-1.5005426461087076e-05,-2.4492935982947064e-16,1.0
mahesana,Mango,2017,12,950.0,1,12.2,0.3935483870967741,5.421080748613793e-05,2017-12-01,2750.0,5700.0,5450.0,1187.5,4460.0,3666.6666666666665,4112.499999999999,2536.206566902631,3520.8796296296296,1936.621010622885,-4750.0,-237.5,40.09999999999932,8.500557578682578,4.197262420000229e-05,1.8343392739401829e-06,-2.4492935982947064e-16,1.0
vadodara,Mango,2017,12,2742.8571428571427,7,57.7,1.861290322580645,5.505802784600672e-05,2017-12-01,4221.428571428572,950.0,5700.0,5450.0,2533.333333333333,2305.0,4033.3333333333326,2673.1691553909122,2935.8796296296296,2117.8588099271415,1792.8571428571427,-2707.1428571428573,21.899999999999316,54.00055757868258,5.421080748613793e-05,1.0225932383988875e-05,-2.4492935982947064e-16,1.0
surat,Mango,2018,1,1933.3333333333333,3,0.0,0.0,4.671847593209793e-05,2018-01-01,4900.0,2742.8571428571427,950.0,5700.0,1794.4444444444443,1966.6666666666667,3130.9523809523803,2398.663885452519,2970.8002645502643,2111.6120452965997,-809.5238095238094,-3766.666666666667,75.99999999999932,-1.0126696832579185,5.505802784600672e-05,4.7458517320956355e-06,0.49999999999999994,0.8660254037844387
navsari,Mango,2018,1,3075.0,4,0.0,0.0,5.427344721786216e-05,2018-01-01,5250.0,1933.3333333333333,2742.8571428571427,950.0,1187.5,2920.0,1875.3968253968249,897.8316450690517,2993.948412698413,2096.8470018818325,1141.6666666666667,2125.0,69.89999999999932,-1.0126696832579185,4.671847593209793e-05,6.263973172423293e-08,0.49999999999999994,0.8660254037844387
girsomnath,Mango,2018,1,2750.0,1,0.0,0.0,4.197262420000229e-05,2018-01-01,4700.0,3075.0,1933.3333333333333,2742.8571428571427,5450.0,3050.0,2583.730158730158,587.2322728294839,3308.531746031746,1904.3830600433819,-325.0,7.142857142857338,57.69999999999932,-1.0126696832579185,5.427344721786216e-05,-1.3085403646004426e-05,0.49999999999999994,0.8660254037844387
vadodara,Mango,2018,1,4221.428571428572,7,0.0,0.0,5.217911588818834e-05,2018-01-01,3075.0,2750.0,3075.0,1933.3333333333333,5700.0,1883.3333333333333,2586.111111111111,588.2137114777207,2858.531746031746,1590.2481331837753,1471.4285714285716,2288.0952380952385,0.0,-1.0126696832579185,4.197262420000229e-05,5.460639956090411e-06,0.49999999999999994,0.8660254037844387
ahmadabad,Mango,2018,1,4900.0,5,0.0,0.0,4.299584114237011e-05,2018-01-01,5150.0,4221.428571428572,2750.0,3075.0,950.0,4460.0,3348.809523809523,772.9839918786857,2612.1031746031745,1101.2383301485472,678.5714285714284,1825.0,0.0,-1.0126696832579185,5.217911588818834e-05,-1.1277606075492054e-05,0.49999999999999994,0.8660254037844387
surendranagar,Mango,2018,1,5250.0,1,0.0,0.0,4.2222712772477965e-05,2018-01-01,3375.0,4900.0,4221.428571428572,2750.0,2742.8571428571427,2533.333333333333,3957.1428571428564,1099.0951751698592,3270.4365079365075,1089.5042499146157,350.0,2500.0,0.0,-1.0126696832579185,4.299584114237011e-05,2.500885724756742e-07,0.49999999999999994,0.8660254037844387
valsad,Mango,2018,1,4700.0,1,0.1,0.0032258064516129,5.3164386721915614e-05,2018-01-01,6000.0,5250.0,4900.0,4221.428571428572,1933.3333333333333,1794.4444444444443,4790.47619047619,522.9592666335091,3688.2936507936515,1305.9710283572674,-550.0,478.57142857142844,0.0,-0.9126696832579185,4.2222712772477965e-05,9.852708337272761e-07,0.49999999999999994,0.8660254037844387
dahod,Mango,2018,1,3075.0,4,0.0,0.0,4.830554208592008e-05,2018-01-01,950.0,4700.0,5250.0,4900.0,3075.0,1187.5,4949.999999999999,278.3882181415646,4149.404761904762,1019.3846099452321,-1625.0,-1825.0,0.09999999999931788,-1.0126696832579185,5.3164386721915614e-05,5.309700943549974e-06,0.49999999999999994,0.8660254037844387
bharuch,Mango,2018,1,5150.0,4,0.0,0.0,4.344141678271963e-05,2018-01-01,3000.0,3075.0,4700.0,5250.0,2750.0,5450.0,4341.666666666665,1130.9104002233626,4149.404761904762,1019.3846099452321,2075.0,-100.0,0.09999999999931788,-1.0126696832579185,4.830554208592008e-05,1.218704010241665e-06,0.49999999999999994,0.8660254037844387
rajkot,Mango,2018,1,3375.0,2,0.0,0.0,4.237617152027933e-05,2018-01-01,1975.0,5150.0,3075.0,4700.0,4221.428571428572,5700.0,4308.333333333333,1091.5394327890156,4549.404761904762,809.7631823963228,-1775.0,-1325.0,0.09999999999931788,-1.0126696832579185,4.344141678271963e-05,-1.0788215201636282e-05,0.49999999999999994,0.8660254037844387
banaskantha,Mango,2018,1,6000.0,1,0.0,0.0,4.197262420000229e-05,2018-01-01,4766.666666666667,3375.0,5150.0,3075.0,4900.0,950.0,3866.666666666666,1121.4759619953359,4408.333333333333,941.364258226677,2625.0,2925.0,0.0,-1.0126696832579185,4.237617152027933e-05,-6.332917885917792e-06,0.49999999999999994,0.8660254037844387
kheda,Mango,2018,1,950.0,1,0.1,0.0032258064516129,5.616616098738601e-05,2018-01-01,2740.0,6000.0,3375.0,5150.0,5250.0,2742.8571428571427,4841.666666666666,1339.3872977348142,4591.666666666667,1142.001167541724,-5050.0,-4200.0,0.0,-0.9126696832579185,4.197262420000229e-05,1.272474420466638e-05,0.49999999999999994,0.8660254037844387
girsomnath,Mango,2018,2,3000.0,1,0.5,0.0178571428571428,4.197262420000229e-05,2018-02-01,4700.0,950.0,6000.0,3375.0,4700.0,1933.3333333333333,3441.666666666666,2525.6599797544723,3875.0,1803.7461018668887,2050.0,-375.0,0.09999999999931788,0.16244503432003432,5.616616098738601e-05,-4.035473202770409e-07,0.8660254037844386,0.5000000000000001
dahod,Mango,2018,2,1975.0,4,0.7,0.0249999999999999,3.825984143824924e-05,2018-02-01,4250.0,3000.0,950.0,6000.0,3075.0,3075.0,3316.666666666666,2539.8490768810184,3591.6666666666665,1781.6191138025727,-1025.0,-4025.0,0.5999999999993179,0.3624450343200343,4.197262420000229e-05,-3.7127827617530537e-06,0.8660254037844386,0.5000000000000001
ahmadabad,Mango,2018,2,4766.666666666667,6,0.6,0.0214285714285714,3.7911311939491934e-05,2018-02-01,3404.1666666666665,1975.0,3000.0,950.0,5150.0,2750.0,1974.9999999999993,1025.000000000011,3408.3333333333335,1898.2009026092746,2791.666666666667,3816.666666666667,1.2999999999993177,0.2624450343200343,3.825984143824924e-05,-1.8254849047894076e-05,0.8660254037844386,0.5000000000000001
navsari,Mango,2018,2,2740.0,5,0.2,0.0071428571428571,4.621808495271875e-05,2018-02-01,1200.0,4766.666666666667,1975.0,3000.0,3375.0,4221.428571428572,3247.2222222222213,1412.1578576118336,3344.444444444445,1833.1944391831028,-2026.666666666667,-260.0,1.7999999999993177,-0.13755496567996567,3.7911311939491934e-05,4.245460752716461e-06,0.8660254037844386,0.5000000000000001
vadodara,Mango,2018,2,4700.0,6,0.1,0.0035714285714285,4.478107209885063e-05,2018-02-01,900.0,2740.0,4766.666666666667,1975.0,6000.0,4900.0,3160.5555555555547,1442.5674770789597,3238.6111111111113,1849.3363424232507,1960.0,2725.0,1.4999999999993177,-0.23755496567996567,4.621808495271875e-05,6.521230660601392e-06,0.8660254037844386,0.5000000000000001
bharuch,Mango,2018,2,4250.0,3,0.0,0.0,3.64153534763117e-05,2018-02-01,3375.0,4700.0,2740.0,4766.666666666667,950.0,5250.0,4068.8888888888882,1151.334169722415,3021.944444444445,1505.2539160725846,-450.0,-516.666666666667,0.8999999999993179,-0.3375549656799657,4.478107209885063e-05,-1.4959584631802337e-06,0.8660254037844386,0.5000000000000001
valsad,Mango,2018,2,3404.1666666666665,6,0.1,0.0035714285714285,4.406169263740236e-05,2018-02-01,1537.5,4250.0,4700.0,2740.0,3000.0,4700.0,3896.666666666666,1026.66125539701,3571.944444444445,1160.0959810227698,-845.8333333333335,664.1666666666665,0.2999999999993179,-0.23755496567996567,3.64153534763117e-05,-2.1563923153163935e-06,0.8660254037844386,0.5000000000000001
kheda,Mango,2018,2,1200.0,2,0.2,0.0071428571428571,4.97906538711901e-05,2018-02-01,3450.0,3404.1666666666665,4250.0,4700.0,1975.0,3075.0,4118.055555555555,657.9156551255583,3639.305555555555,1131.6286710198144,-2204.1666666666665,-3500.0,0.1999999999993179,-0.13755496567996567,4.406169263740236e-05,5.0095817723394694e-06,0.8660254037844386,0.5000000000000001
mahesana,Mango,2018,2,900.0,1,0.0,0.0,5.05699635516575e-05,2018-02-01,2562.5,1200.0,3404.1666666666665,4250.0,4766.666666666667,5150.0,2951.3888888888882,1574.6049622165758,3510.1388888888887,1377.1791234124053,-300.0,-3350.0,0.2999999999993179,-0.3375549656799657,4.97906538711901e-05,1.4154610075345799e-05,0.8660254037844386,0.5000000000000001
rajkot,Mango,2018,2,3375.0,2,1.2,0.0428571428571428,3.4542800082025584e-05,2018-02-01,2437.5,900.0,1200.0,3404.1666666666665,2740.0,3375.0,1834.7222222222215,1367.4307653947862,2865.694444444444,1563.6638258222852,2475.0,-29.166666666666515,0.2999999999993179,0.8624450343200343,5.05699635516575e-05,-9.518892555376775e-06,0.8660254037844386,0.5000000000000001
surat,Mango,2018,2,1537.5,4,0.8,0.0285714285714285,3.904491531546178e-05,2018-02-01,1916.6666666666667,3375.0,900.0,1200.0,4700.0,6000.0,1824.9999999999993,1350.6942659240183,2971.5277777777774,1574.9039138826734,-1837.5,337.5,1.3999999999993178,0.46244503432003436,3.4542800082025584e-05,-1.074573855572832e-05,0.8660254037844386,0.5000000000000001
girsomnath,Mango,2018,3,3450.0,2,0.0,0.0,4.197262420000229e-05,2018-03-01,4425.0,1537.5,3375.0,900.0,4250.0,950.0,1937.4999999999993,1285.0705233566066,2444.4444444444443,1400.2521267680759,1912.5,2550.0,1.9999999999993179,-1.9086255656108597,3.904491531546178e-05,-8.597339351655208e-06,1.0,6.123233995736766e-17
rajkot,Mango,2018,3,2562.5,2,0.0,0.0,2.6296540174868526e-05,2018-03-01,5250.0,3450.0,1537.5,3375.0,3404.1666666666665,3000.0,2787.4999999999995,1083.1810790445086,2311.1111111111113,1220.4896179023438,-887.5,-812.5,1.9999999999993179,-1.9086255656108597,4.197262420000229e-05,-8.246259907157057e-06,1.0,6.123233995736766e-17
navsari,Mango,2018,3,2437.5,4,0.0,0.0,4.195820131629725e-05,2018-03-01,3900.0,2562.5,3450.0,1537.5,1200.0,1975.0,2516.666666666666,957.0734471989902,2170.8333333333335,1113.4031914210902,-125.0,900.0,0.7999999999993179,-1.9086255656108597,2.6296540174868526e-05,2.9132860008354724e-06,1.0,6.123233995736766e-17
surat,Mango,2018,3,1916.6666666666667,3,0.3,0.0096774193548387,3.5447948303318576e-05,2018-03-01,3235.0,2437.5,2562.5,3450.0,900.0,4766.666666666667,2816.666666666666,552.0322303392795,2377.0833333333335,1007.143754221148,-520.8333333333333,-1533.3333333333333,0.0,-1.6086255656108597,4.195820131629725e-05,-6.524675896683715e-06,1.0,6.123233995736766e-17
vadodara,Mango,2018,3,4425.0,6,0.1,0.0032258064516129,4.110534158744603e-05,2018-03-01,5680.0,1916.6666666666667,2437.5,2562.5,3375.0,2740.0,2305.555555555555,342.53784597610536,2546.527777777778,765.4583624401988,2508.333333333333,1862.5,0.29999999999931787,-1.8086255656108596,3.5447948303318576e-05,1.4808801412577506e-05,1.0,6.123233995736766e-17
valsad,Mango,2018,3,5250.0,1,0.3,0.0096774193548387,3.889523515985915e-05,2018-03-01,1150.0,4425.0,1916.6666666666667,2437.5,1537.5,4700.0,2926.3888888888882,1323.70438053104,2721.527777777778,1057.182499837641,825.0,2812.5,0.3999999999993179,-1.6086255656108597,4.110534158744603e-05,-3.062966156438103e-06,1.0,6.123233995736766e-17
dahod,Mango,2018,3,3900.0,3,0.7,0.0225806451612903,3.0396303593983745e-05,2018-03-01,1875.0,5250.0,4425.0,1916.6666666666667,3450.0,4250.0,3863.8888888888882,1736.0622215338562,3340.2777777777774,1287.0365041299187,-1350.0,1983.3333333333333,0.6999999999993178,-1.2086255656108598,3.889523515985915e-05,-5.051644709334831e-06,1.0,6.123233995736766e-17
bharuch,Mango,2018,3,3235.0,5,0.0,0.0,3.264741376449153e-05,2018-03-01,5100.0,3900.0,5250.0,4425.0,2562.5,3404.1666666666665,4525.0,680.5328794408355,3415.2777777777774,1307.655521520466,-665.0,-1190.0,1.0999999999993177,-1.9086255656108597,3.0396303593983745e-05,-8.457927822954504e-06,1.0,6.123233995736766e-17
ahmadabad,Mango,2018,3,5680.0,5,0.0,0.0,3.029429668021601e-05,2018-03-01,3625.0,3235.0,3900.0,5250.0,2437.5,1200.0,4128.333333333333,1026.7221305364785,3527.361111111111,1247.373954517011,2445.0,430.0,0.9999999999993178,-1.9086255656108597,3.264741376449153e-05,-8.600938479643138e-06,1.0,6.123233995736766e-17
kheda,Mango,2018,4,1150.0,2,0.4,0.0133333333333333,3.852076791369065e-05,2018-04-01,4875.0,5680.0,3235.0,3900.0,1916.6666666666667,900.0,4271.666666666666,1264.1630960178227,4067.7777777777774,1376.4784644021715,-4530.0,-2750.0,0.6999999999993177,-0.5787169603524229,3.029429668021601e-05,8.124464319706902e-06,0.8660254037844387,-0.4999999999999998
mahesana,Mango,2018,4,1875.0,2,3.2,0.1066666666666666,3.579982622737643e-05,2018-04-01,3250.0,1150.0,5680.0,3235.0,4425.0,3375.0,3354.9999999999995,2267.3828525416757,3940.0,1628.5975561813907,725.0,-1360.0,0.3999999999993178,2.2212830396475773,3.852076791369065e-05,3.152412462884898e-06,0.8660254037844387,-0.4999999999999998
girsomnath,Mango,2018,4,5100.0,2,1.6,0.0533333333333333,4.197262420000229e-05,2018-04-01,2352.5,1875.0,1150.0,5680.0,5250.0,1537.5,2901.666666666666,2433.26084366912,3515.0,1800.3832925241222,3225.0,-580.0,3.599999999999318,0.6212830396475771,3.579982622737643e-05,1.1678327519786281e-05,0.8660254037844387,-0.4999999999999998
valsad,Mango,2018,4,3625.0,2,2.0,0.0666666666666666,3.6706201362292967e-05,2018-04-01,4520.0,5100.0,1875.0,1150.0,3900.0,3450.0,2708.3333333333326,2102.726404773896,3490.0,1772.2951221509354,-1475.0,2475.0,5.199999999999318,1.0212830396475772,4.197262420000229e-05,-1.814566551397681e-06,0.8660254037844387,-0.4999999999999998
ahmadabad,Mango,2018,4,4875.0,8,0.3,0.01,2.5025456354904493e-05,2018-04-01,4368.75,3625.0,5100.0,1875.0,3235.0,2562.5,3533.3333333333326,1614.452951724937,3444.1666666666665,1763.103560959102,1250.0,3000.0,6.799999999999318,-0.678716960352423,3.6706201362292967e-05,-1.0774369872471933e-05,0.8660254037844387,-0.4999999999999998
surendranagar,Mango,2018,4,3250.0,1,0.6,0.02,2.4349478993012568e-05,2018-04-01,2283.333333333333,4875.0,3625.0,5100.0,5680.0,2437.5,4533.333333333333,794.643525949448,3717.5,1849.2126703005251,-1625.0,-1850.0,3.899999999999318,-0.37871696035242297,2.5025456354904493e-05,-1.7623145206989723e-05,0.8660254037844387,-0.4999999999999998
surat,Mango,2018,4,2352.5,4,5.6000000000000005,0.1866666666666666,3.447823876421513e-05,2018-04-01,2250.0,3250.0,4875.0,3625.0,1150.0,1916.6666666666667,3916.666666666666,850.8574106942746,3312.5,1579.93275173344,-897.5,-1272.5,2.899999999999318,4.621283039647578,2.4349478993012568e-05,-2.227962598077837e-06,0.8660254037844387,-0.4999999999999998
dahod,Mango,2018,4,4520.0,5,1.3,0.0433333333333333,2.7893410328718884e-05,2018-04-01,4485.0,2352.5,3250.0,4875.0,1875.0,4425.0,3492.4999999999995,1278.6149733207521,3512.9166666666665,1302.699520866829,2167.5,-355.0,6.499999999999318,0.3212830396475771,3.447823876421513e-05,2.867953973814391e-06,0.8660254037844387,-0.4999999999999998
vadodara,Mango,2018,4,4368.75,8,0.4,0.0133333333333333,3.540822028242283e-05,2018-04-01,4437.5,4520.0,2352.5,3250.0,5100.0,5250.0,3374.166666666666,1089.0716612479455,3953.75,1063.0683773868911,-151.25,1118.75,7.499999999999319,-0.5787169603524229,2.7893410328718884e-05,1.1058741289410259e-05,0.8660254037844387,-0.4999999999999998
navsari,Mango,2018,4,2283.333333333333,3,0.5,0.0166666666666666,4.023351016695242e-05,2018-04-01,3450.0,4368.75,4520.0,2352.5,3625.0,3900.0,3747.0833333333326,1210.1099726195812,3831.875,940.1900572490639,-2085.416666666667,-69.16666666666697,7.299999999999319,-0.47871696035242295,3.540822028242283e-05,5.755271402737288e-06,0.8660254037844387,-0.4999999999999998
rajkot,Mango,2018,4,2250.0,1,0.1,0.0033333333333333,2.3294533443077072e-05,2018-04-01,1900.0,2283.333333333333,4368.75,4520.0,4875.0,3235.0,3724.0277777777774,1249.9678005112153,3608.2638888888887,1137.9770799496534,-33.33333333333303,-2270.0,2.199999999999319,-0.878716960352423,4.023351016695242e-05,-4.598876885641812e-06,0.8660254037844387,-0.4999999999999998
bharuch,Mango,2018,4,4485.0,5,2.1,0.07,2.855922132527244e-05,2018-04-01,3200.0,2250.0,2283.333333333333,4368.75,3250.0,5680.0,2967.361111111111,1213.7528130569779,3170.7638888888887,1055.1570583681253,2235.0,116.25,0.9999999999993188,1.1212830396475773,2.3294533443077072e-05,-6.848998957150388e-06,0.8660254037844387,-0.4999999999999998
vadodara,Mango,2018,5,4437.5,8,0.0,0.0,2.9869211554564053e-05,2018-05-01,1000.0,4485.0,2250.0,2283.333333333333,2352.5,1150.0,3006.111111111111,1280.863785512363,3376.597222222222,1186.045202924252,-47.5,2154.166666666667,2.699999999999319,-7.417019969278034,2.855922132527244e-05,-1.0364298612388364e-05,0.49999999999999994,-0.8660254037844387
navsari,Mango,2018,5,3450.0,2,0.4,0.0129032258064516,3.875633144227799e-05,2018-05-01,7733.333333333333,4437.5,4485.0,2250.0,4520.0,1875.0,3724.166666666666,1276.8866759949228,3724.097222222222,1130.1078001882365,-987.5,1200.0,2.199999999999319,-7.017019969278033,2.9869211554564053e-05,1.5461797999200915e-05,0.49999999999999994,-0.8660254037844387
mahesana,Mango,2018,5,1900.0,2,0.0,0.0,2.9362968594166933e-05,2018-05-01,1635.0,3450.0,4437.5,4485.0,4368.75,5100.0,4124.166666666666,584.3283180998216,3545.7638888888887,1061.7504027896923,-1550.0,-2585.0,2.4999999999993188,-7.417019969278034,3.875633144227799e-05,8.037472688944943e-07,0.49999999999999994,-0.8660254037844387
girsomnath,Mango,2018,5,3200.0,1,0.5,0.0161290322580645,4.197262420000229e-05,2018-05-01,3333.333333333333,1900.0,3450.0,4437.5,2283.333333333333,3625.0,3262.4999999999995,1279.0988038459047,3134.305555555555,1153.430922733789,1300.0,-1237.5,0.3999999999993188,-6.917019969278034,2.9362968594166933e-05,1.2103412645438238e-05,0.49999999999999994,-0.8660254037844387
kheda,Mango,2018,5,1000.0,1,0.0,0.0,3.3374743444793055e-05,2018-05-01,6000.0,3200.0,1900.0,3450.0,2250.0,4875.0,2849.9999999999995,832.1658488546741,3287.0833333333335,1076.3020215844006,-2200.0,-2450.0,0.8999999999993188,-7.417019969278034,4.197262420000229e-05,-5.381587997484932e-06,0.49999999999999994,-0.8660254037844387
ahmadabad,Mango,2018,5,7733.333333333333,6,0.5,0.0161290322580645,2.0058650853705864e-05,2018-05-01,4500.0,1000.0,3200.0,1900.0,4485.0,3250.0,2033.3333333333328,1106.0440015358097,3078.75,1391.8995563617375,6733.333333333333,5833.333333333333,0.49999999999931877,-6.917019969278034,3.3374743444793055e-05,-9.30431774046107e-06,0.49999999999999994,-0.8660254037844387
surat,Mango,2018,5,1635.0,2,0.1,0.0032258064516129,3.3403533981837505e-05,2018-05-01,2680.0,7733.333333333333,1000.0,3200.0,4437.5,2352.5,3977.7777777777774,3433.3872703422458,3620.138888888889,2350.145410197861,-6098.333333333333,-1565.0,0.9999999999993188,-7.317019969278034,2.0058650853705864e-05,-8.569090218164786e-06,0.49999999999999994,-0.8660254037844387
dahod,Mango,2018,5,3333.333333333333,3,1.4,0.0451612903225806,2.6208685465936613e-05,2018-05-01,6000.0,1635.0,7733.333333333333,1000.0,3450.0,4520.0,3456.111111111111,3717.7652835680374,3153.055555555556,2432.266984766513,1698.333333333333,2333.333333333333,0.5999999999993187,-6.017019969278033,3.3403533981837505e-05,-7.166057978856442e-06,0.49999999999999994,-0.8660254037844387
banaskantha,Mango,2018,5,6000.0,1,0.0,0.0,4.197262420000229e-05,2018-05-01,2875.0,3333.333333333333,1635.0,7733.333333333333,1900.0,4368.75,4233.888888888888,3147.32705523157,3133.6111111111113,2429.883494387395,2666.666666666667,-1733.333333333333,1.9999999999993188,-7.417019969278034,2.6208685465936613e-05,2.1913973346296427e-05,0.49999999999999994,-0.8660254037844387
valsad,Mango,2018,5,4500.0,1,0.6,0.0193548387096774,3.5739245285996814e-05,2018-05-01,5012.5,6000.0,3333.333333333333,1635.0,3200.0,2283.333333333333,3656.111111111111,2200.328468745155,3816.944444444445,2585.126349086392,-1500.0,2865.0,1.4999999999993188,-6.817019969278034,4.197262420000229e-05,2.335711304159308e-06,0.49999999999999994,-0.8660254037844387
bharuch,Mango,2018,5,2680.0,5,0.0,0.0,2.565481562358364e-05,2018-05-01,1440.0,4500.0,6000.0,3333.333333333333,1000.0,2250.0,4611.11111111111,1336.8010461684541,4033.6111111111113,2577.544140513658,-1820.0,-653.333333333333,1.9999999999993188,-7.417019969278034,3.5739245285996814e-05,-5.538698423529717e-07,0.49999999999999994,-0.8660254037844387
banaskantha,Mango,2018,6,6000.0,1,17.4,0.58,4.197262420000229e-05,2018-06-01,4450.0,2680.0,4500.0,6000.0,7733.333333333333,4485.0,4393.333333333333,1662.568294336617,4313.611111111111,2252.897496476399,3320.0,0.0,0.5999999999993187,-108.43309782608696,2.565481562358364e-05,0.0,1.2246467991473532e-16,-1.0
valsad,Mango,2018,6,2875.0,1,547.9,18.26333333333333,3.529631175842344e-05,2018-06-01,3300.0,6000.0,2680.0,4500.0,1635.0,4437.5,4393.333333333333,1662.568294336617,4024.7222222222226,1790.329707892644,-3125.0,-1625.0,17.999999999999318,422.06690217391304,4.197262420000229e-05,-4.429335275733725e-07,1.2246467991473532e-16,-1.0
ahmadabad,Mango,2018,6,5012.5,8,18.4,0.6133333333333333,1.889632265463069e-05,2018-06-01,1500.0,2875.0,6000.0,2680.0,3333.333333333333,3450.0,3851.666666666666,1863.0642322081558,4231.38888888889,1508.7229392461043,2137.5,2332.5,565.2999999999993,-107.43309782608696,3.529631175842344e-05,-6.75849296895295e-06,1.2246467991473532e-16,-1.0
surat,Mango,2018,6,1440.0,4,120.7,4.023333333333333,3.5329228942990054e-05,2018-06-01,1000.0,5012.5,2875.0,6000.0,6000.0,1900.0,4629.166666666666,1597.3774079200477,4511.25,1463.8935668278605,-3572.5,-4560.0,583.6999999999992,-5.133097826086953,1.889632265463069e-05,-6.643395257012237e-06,1.2246467991473532e-16,-1.0
vadodara,Mango,2018,6,4450.0,9,59.4,1.98,2.637589104681856e-05,2018-06-01,4441.666666666667,1440.0,5012.5,2875.0,4500.0,3200.0,3109.166666666666,1797.7248352663316,3751.25,1700.9128064071942,3010.0,1575.0,686.9999999999993,-66.43309782608696,3.5329228942990054e-05,-8.920420711604883e-06,1.2246467991473532e-16,-1.0
girsomnath,Mango,2018,6,3300.0,2,42.6,1.4200000000000002,4.197262420000229e-05,2018-06-01,2300.0,4450.0,1440.0,5012.5,2680.0,1000.0,3634.166666666666,1920.9052770330354,3742.9166666666665,1696.627844185832,-1150.0,-1712.5,198.49999999999932,-83.23309782608695,2.637589104681856e-05,2.30763015453716e-05,1.2246467991473532e-16,-1.0
dahod,Mango,2018,6,1500.0,2,71.7,2.39,2.5043568311519983e-05,2018-06-01,4500.0,3300.0,4450.0,1440.0,6000.0,7733.333333333333,3063.3333333333326,1518.8921401249527,3846.25,1636.7679661454758,-1800.0,60.0,222.6999999999993,-54.13309782608695,4.197262420000229e-05,-1.0285660631470072e-05,1.2246467991473532e-16,-1.0
mahesana,Mango,2018,6,1000.0,1,24.8,0.8266666666666667,2.873248628975813e-05,2018-06-01,4300.0,1500.0,3300.0,4450.0,2875.0,1635.0,3083.3333333333326,1486.8871286460715,3096.25,1475.5539214139205,-500.0,-3450.0,173.6999999999993,-101.03309782608696,2.5043568311519983e-05,2.356595242939573e-06,1.2246467991473532e-16,-1.0
bharuch,Mango,2018,6,4441.666666666667,3,76.0,2.533333333333333,2.3664482729533856e-05,2018-06-01,1550.0,1000.0,1500.0,3300.0,5012.5,3333.333333333333,1933.3333333333328,1209.6831541082774,2783.75,1711.4714064219709,3441.666666666667,1141.666666666667,139.0999999999993,-49.833097826086956,2.873248628975813e-05,-1.8308141470468435e-05,1.2246467991473532e-16,-1.0
navsari,Mango,2018,6,2300.0,3,162.1,5.403333333333333,4.169066105083479e-05,2018-06-01,5200.0,4441.666666666667,1000.0,1500.0,1440.0,6000.0,2313.8888888888882,1859.5910044156817,2688.611111111111,1573.0686276852027,-2141.666666666667,800.0,172.49999999999932,36.26690217391304,2.3664482729533856e-05,1.6647092739314805e-05,1.2246467991473532e-16,-1.0
rajkot,Mango,2018,6,4500.0,2,12.4,0.4133333333333333,1.8894072877763624e-05,2018-06-01,3750.0,2300.0,4441.666666666667,1000.0,4450.0,4500.0,2580.555555555555,1737.9012992474425,2831.944444444445,1472.511239974708,2200.0,3500.0,262.8999999999993,-113.43309782608695,4.169066105083479e-05,-9.838413411994507e-06,1.2246467991473532e-16,-1.0
vadodara,Mango,2018,7,4300.0,5,601.2,19.39354838709677,2.0991783270290963e-05,2018-07-01,4333.333333333333,4500.0,2300.0,4441.666666666667,3300.0,2680.0,3747.2222222222213,1253.6705367898076,2840.277777777778,1483.5993831319927,-200.0,-141.66666666666697,250.49999999999932,229.77075991189434,1.8894072877763624e-05,-2.672699459242893e-06,-0.4999999999999997,-0.8660254037844388
surat,Mango,2018,7,1550.0,3,477.7,15.40967741935484,1.985638210106607e-05,2018-07-01,5314.285714285715,4300.0,4500.0,2300.0,1500.0,6000.0,3699.9999999999995,1216.5525060596558,3006.944444444445,1597.379943903511,-2750.0,-750.0,775.6999999999994,106.27075991189429,2.0991783270290963e-05,-2.1834278949768718e-05,-0.4999999999999997,-0.8660254037844388
girsomnath,Mango,2018,7,5200.0,1,339.8,10.961290322580645,4.197262420000229e-05,2018-07-01,1100.0,1550.0,4300.0,4500.0,1000.0,2875.0,3449.9999999999995,1648.484152183462,3015.277777777778,1588.0492633929723,3650.0,700.0,1091.2999999999995,-31.62924008810569,1.985638210106607e-05,2.3078551322238667e-05,-0.4999999999999997,-0.8660254037844388
bharuch,Mango,2018,7,3750.0,3,398.5,12.85483870967742,1.6906681263339392e-05,2018-07-01,3000.0,5200.0,1550.0,4300.0,4441.666666666667,5012.5,3683.3333333333326,1901.5344680897483,3715.277777777778,1440.9142223936492,-1450.0,-550.0,1418.6999999999994,27.0707599118943,4.197262420000229e-05,-4.08510200695157e-06,-0.4999999999999997,-0.8660254037844388
rajkot,Mango,2018,7,4333.333333333333,3,196.5,6.338709677419355,1.5225694458965032e-05,2018-07-01,3666.6666666666665,3750.0,5200.0,1550.0,2300.0,1440.0,3499.9999999999995,1837.797594948918,3600.0,1398.2131454109558,583.333333333333,2783.333333333333,1215.9999999999993,-174.9292400881057,1.6906681263339392e-05,-4.630687642101038e-06,-0.4999999999999997,-0.8660254037844388
ahmadabad,Mango,2018,7,5314.285714285715,7,465.3,15.00967741935484,1.4190475758591477e-05,2018-07-01,1050.0,4333.333333333333,3750.0,5200.0,4500.0,4450.0,4427.777777777777,729.5990781345924,3938.8888888888887,1259.6589779542473,980.9523809523816,114.28571428571468,934.7999999999993,93.87075991189431,1.5225694458965032e-05,-2.7782148441410815e-05,-0.4999999999999997,-0.8660254037844388
mahesana,Mango,2018,7,1100.0,1,244.3,7.880645161290322,2.099562737166716e-05,2018-07-01,2870.0,5314.285714285715,4333.333333333333,3750.0,4300.0,3300.0,4465.873015873015,790.5204137562891,4074.6031746031745,1371.1356058334552,-4214.285714285715,-2650.0,1060.2999999999993,-127.12924008810569,1.4190475758591477e-05,4.088946108327769e-06,-0.4999999999999997,-0.8660254037844388
dahod,Mango,2018,7,3000.0,4,598.8,19.316129032258065,2.224989645224807e-05,2018-07-01,3700.0,1100.0,5314.285714285715,4333.333333333333,1550.0,1500.0,3582.539682539682,2205.1801173514687,3541.269841269841,1816.0868866172143,1900.0,-1333.333333333333,906.0999999999993,227.37075991189425,2.099562737166716e-05,7.024201993283037e-06,-0.4999999999999997,-0.8660254037844388
valsad,Mango,2018,7,3666.6666666666665,6,727.3,23.461290322580645,1.505764598400224e-05,2018-07-01,4557.142857142857,3000.0,1100.0,5314.285714285715,5200.0,1000.0,3138.095238095238,2110.533994394932,3782.9365079365075,1579.130057491518,666.6666666666665,-1647.6190476190482,1308.3999999999992,355.87075991189425,2.224989645224807e-05,8.671702254107634e-07,-0.4999999999999997,-0.8660254037844388
kheda,Mango,2018,7,1050.0,1,559.0,18.032258064516128,2.219133301261191e-05,2018-07-01,3126.6666666666665,3666.6666666666665,3000.0,1100.0,3750.0,4441.666666666667,2588.8888888888882,1331.8046792618384,3527.3809523809523,1419.9898996798331,-2616.6666666666665,-50.0,1570.3999999999992,187.5707599118943,1.505764598400224e-05,1.1957056409447488e-06,-0.4999999999999997,-0.8660254037844388
navsari,Mango,2018,7,2870.0,5,664.7,21.44193548387097,1.7590379098076992e-05,2018-07-01,2775.0,1050.0,3666.6666666666665,3000.0,4333.333333333333,2300.0,2572.2222222222213,1359.7725844719423,3077.3809523809523,1729.4342264926327,1820.0,-130.0,1885.099999999999,293.27075991189434,2.219133301261191e-05,-4.659517354171077e-06,-0.4999999999999997,-0.8660254037844388
bharuch,Mango,2018,8,3700.0,3,185.6,5.987096774193549,3.621281413639215e-05,2018-08-01,3125.0,2870.0,1050.0,3666.6666666666665,5314.285714285715,4500.0,2528.8888888888882,1341.2694374001549,2833.4920634920636,1616.3795008766099,830.0,33.333333333333485,1950.9999999999995,-121.58201086956521,1.7590379098076992e-05,2.115516815238991e-05,-0.8660254037844384,-0.5000000000000004
vadodara,Mango,2018,8,4557.142857142857,7,251.5,8.112903225806452,4.1151207881976416e-05,2018-08-01,5750.0,3700.0,2870.0,1050.0,1100.0,4300.0,2539.9999999999995,1355.470398053762,2564.4444444444443,1202.1308242111245,857.1428571428569,3507.142857142857,1409.2999999999993,-55.682010869565204,3.621281413639215e-05,1.8959874869364507e-05,-0.8660254037844384,-0.5000000000000004
surat,Mango,2018,8,3126.6666666666665,3,215.4,6.948387096774193,4.660350394376594e-05,2018-08-01,3275.0,4557.142857142857,3700.0,2870.0,3000.0,1550.0,3709.0476190476184,843.6078174483047,3140.6349206349205,1188.2650576856593,-1430.4761904761904,256.6666666666665,1101.7999999999993,-91.7820108695652,4.1151207881976416e-05,2.901312484568895e-05,-0.8660254037844384,-0.5000000000000004
dahod,Mango,2018,8,2775.0,4,400.1,12.906451612903224,4.020434155729861e-05,2018-08-01,2725.0,3126.6666666666665,4557.142857142857,3700.0,3666.6666666666665,5200.0,3794.6031746031736,719.9151709497419,3161.746031746032,1186.3905001074793,-351.6666666666665,-925.0,652.4999999999993,92.91798913043482,4.660350394376594e-05,3.991527420906458e-06,-0.8660254037844384,-0.5000000000000004
rajkot,Mango,2018,8,3125.0,1,152.29999999999998,4.912903225806451,3.939657236020683e-05,2018-08-01,3766.6666666666665,2775.0,3126.6666666666665,4557.142857142857,1050.0,3750.0,3486.2698412698405,943.9248504011664,3013.1349206349205,1166.167069090441,350.0,-1432.1428571428569,866.9999999999993,-154.88201086956522,4.020434155729861e-05,-1.7546355217695859e-06,-0.8660254037844384,-0.5000000000000004
banaskantha,Mango,2018,8,5750.0,2,115.8,3.735483870967742,4.197262420000229e-05,2018-08-01,1100.0,3125.0,2775.0,3126.6666666666665,2870.0,4333.333333333333,3008.8888888888882,202.5554336563914,3358.968253968254,669.438432994903,2625.0,2623.3333333333335,767.7999999999993,-191.3820108695652,3.939657236020683e-05,-4.630879743763652e-06,-0.8660254037844384,-0.5000000000000004
girsomnath,Mango,2018,8,3275.0,2,118.1,3.809677419354839,4.197262420000229e-05,2018-08-01,2729.1666666666665,5750.0,3125.0,2775.0,3700.0,5314.285714285715,3883.3333333333326,1626.0253175560836,3838.968253968254,1125.7248273886662,-2475.0,500.0,668.1999999999994,-189.0820108695652,4.197262420000229e-05,1.7682826427036828e-06,-0.8660254037844384,-0.5000000000000004
navsari,Mango,2018,8,2725.0,4,302.5,9.758064516129032,4.928899525855614e-05,2018-08-01,6000.0,3275.0,5750.0,3125.0,4557.142857142857,1100.0,4049.9999999999995,1474.152298780567,3768.1349206349205,1149.341183826853,-550.0,-400.0,386.1999999999993,-4.682010869565204,4.197262420000229e-05,9.892422898349307e-06,-0.8660254037844384,-0.5000000000000004
ahmadabad,Mango,2018,8,3766.6666666666665,3,257.2,8.296774193548387,3.51574889847144e-05,2018-08-01,4450.0,2725.0,3275.0,5750.0,3126.6666666666665,3000.0,3916.666666666666,1611.3529511976458,3462.7777777777774,1141.145460913271,1041.6666666666665,-1983.3333333333335,536.3999999999993,-49.982010869565215,4.928899525855614e-05,-6.8151352152878884e-06,-0.8660254037844384,-0.5000000000000004
kheda,Mango,2018,8,1100.0,1,339.3,10.94516129032258,4.733093909439672e-05,2018-08-01,4500.0,3766.6666666666665,2725.0,3275.0,2775.0,3666.6666666666665,3255.5555555555547,521.1054844519974,3569.444444444445,1133.3292483586506,-2666.6666666666665,-2175.0,677.7999999999993,32.11798913043481,3.51574889847144e-05,5.358314894394426e-06,-0.8660254037844384,-0.5000000000000004
valsad,Mango,2018,8,2729.1666666666665,6,413.5,13.338709677419354,5.047602010104243e-05,2018-08-01,3070.0,1100.0,3766.6666666666665,2725.0,3125.0,1050.0,2530.5555555555547,1343.9249455454276,3290.277777777778,1511.395755462357,1629.1666666666665,4.166666666666515,898.9999999999993,106.3179891304348,4.733093909439672e-05,1.1870248424862909e-06,-0.8660254037844384,-0.5000000000000004
banaskantha,Mango,2018,9,6000.0,2,58.4,1.9466666666666663,4.197262420000229e-05,2018-09-01,4125.0,2729.1666666666665,1100.0,3766.6666666666665,5750.0,2870.0,2531.944444444444,1344.2284893132946,3224.305555555555,1528.5941631907208,3270.8333333333335,2233.3333333333335,1009.9999999999993,-148.17303042328044,5.047602010104243e-05,6.8151352152878884e-06,-1.0,-1.8369701987210297e-16
girsomnath,Mango,2018,9,4450.0,2,27.0,0.9,4.197262420000229e-05,2018-09-01,3170.0,6000.0,2729.1666666666665,1100.0,3275.0,3700.0,3276.3888888888882,2495.413617092444,3265.972222222222,1612.3232389480254,-1550.0,3350.0,811.1999999999994,-179.57303042328044,4.197262420000229e-05,-5.358314894394426e-06,-1.0,-1.8369701987210297e-16
vadodara,Mango,2018,9,4500.0,6,94.6,3.1533333333333333,6.527250868633212e-05,2018-09-01,1300.0,4450.0,6000.0,2729.1666666666665,2725.0,4557.142857142857,4393.055555555555,1636.160039826776,3461.805555555555,1683.4290745600404,50.0,1770.8333333333335,498.8999999999993,-111.97303042328045,4.197262420000229e-05,1.479648858528969e-05,-1.0,-1.8369701987210297e-16
surat,Mango,2018,9,3070.0,4,36.8,1.2266666666666668,6.453983900701252e-05,2018-09-01,3678.571428571429,4500.0,4450.0,6000.0,3766.6666666666665,3126.6666666666665,4983.333333333333,880.8140174482735,3757.6388888888887,1684.0147479450097,-1430.0,-2930.0,179.99999999999932,-169.77303042328043,6.527250868633212e-05,2.256721480701023e-05,-1.0,-1.8369701987210297e-16
rajkot,Mango,2018,9,4125.0,2,16.2,0.5399999999999999,5.311227165799909e-05,2018-09-01,3083.333333333333,3070.0,4500.0,4450.0,1100.0,2775.0,4006.666666666666,811.562279392876,3641.5277777777774,1707.1264368219172,1055.0,-325.0,158.3999999999993,-190.37303042328045,6.453983900701252e-05,1.1139647457996799e-05,-1.0,-1.8369701987210297e-16
navsari,Mango,2018,9,3170.0,5,48.8,1.6266666666666665,7.178810787779642e-05,2018-09-01,2000.0,4125.0,3070.0,4500.0,2729.1666666666665,3125.0,3898.3333333333326,741.4568991744293,4145.694444444444,1167.962425273968,-955.0,-1330.0,147.5999999999993,-157.77303042328043,5.311227165799909e-05,6.515599191464296e-06,-1.0,-1.8369701987210297e-16
kheda,Mango,2018,9,1300.0,1,78.4,2.6133333333333337,6.604602946934177e-05,2018-09-01,4212.5,3170.0,4125.0,3070.0,6000.0,5750.0,3454.9999999999995,582.3873281588665,4219.166666666667,1070.8614133802112,-1870.0,-1770.0,101.79999999999932,-128.17303042328044,7.178810787779642e-05,1.5061904623292531e-06,-1.0,-1.8369701987210297e-16
valsad,Mango,2018,9,3678.571428571429,7,75.2,2.506666666666667,7.293874993034298e-05,2018-09-01,4000.0,1300.0,3170.0,4125.0,4450.0,3275.0,2864.9999999999995,1436.9846902455222,3435.8333333333335,1216.7350437406928,2378.571428571429,-446.4285714285711,143.39999999999932,-131.37303042328045,6.604602946934177e-05,1.9826478272343885e-05,-1.0,-1.8369701987210297e-16
bharuch,Mango,2018,9,3083.333333333333,3,42.1,1.403333333333333,4.949560265056844e-05,2018-09-01,4525.0,3678.571428571429,1300.0,3170.0,4500.0,2725.0,2716.1904761904757,1252.54054749907,3307.261904761905,1125.4710049544576,-595.2380952380959,-86.66666666666697,202.39999999999932,-164.47303042328045,7.293874993034298e-05,-2.2292505227227976e-05,-1.0,-1.8369701987210297e-16
dahod,Mango,2018,9,2000.0,2,170.6,5.6866666666666665,6.996243787663621e-05,2018-09-01,6000.0,3083.333333333333,3678.571428571429,1300.0,3070.0,3766.6666666666665,2687.3015873015866,1237.7525472011014,3071.1507936507937,961.9203725355949,-1083.333333333333,700.0,195.69999999999933,-35.97303042328045,4.949560265056844e-05,3.916408407294441e-06,-1.0,-1.8369701987210297e-16
ahmadabad,Mango,2018,9,4212.5,8,36.9,1.23,4.316152749301148e-05,2018-09-01,2715.0,2000.0,3083.333333333333,3678.571428571429,4125.0,1100.0,2920.63492063492,851.030898572454,2892.8174603174607,1056.6929589281006,2212.5,533.9285714285711,287.8999999999993,-169.67303042328044,6.996243787663621e-05,-2.9777222437331497e-05,-1.0,-1.8369701987210297e-16
valsad,Mango,2018,10,4000.0,1,2.4,0.0774193548387096,5.77419416611831e-05,2018-10-01,2825.0,4212.5,2000.0,3083.333333333333,3170.0,2729.1666666666665,3098.61111111111,1106.3291193719845,2907.4007936507937,1077.498232018865,-212.5,916.666666666667,249.59999999999934,-32.08738938053097,4.316152749301148e-05,8.24633901061466e-06,-0.8660254037844386,0.5000000000000001
girsomnath,Mango,2018,10,4525.0,2,0.1,0.0032258064516129,4.197262420000229e-05,2018-10-01,3082.0,4000.0,4212.5,2000.0,1300.0,6000.0,3404.166666666666,1220.676895551544,3045.734126984127,1167.4767848562913,525.0,2525.0,209.89999999999932,-34.38738938053097,5.77419416611831e-05,-2.7989813676633923e-05,-0.8660254037844386,0.5000000000000001
banaskantha,Mango,2018,10,6000.0,1,0.0,0.0,4.197262420000229e-05,2018-10-01,5345.0,4525.0,4000.0,4212.5,3678.571428571429,4450.0,4245.833333333333,264.0825312915647,3583.234126984127,918.9355360246215,1475.0,1787.5,39.39999999999932,-34.48738938053097,4.197262420000229e-05,-1.1889032930091875e-06,-0.8660254037844386,0.5000000000000001
surat,Mango,2018,10,2715.0,4,0.4,0.0129032258064516,5.321420328969096e-05,2018-10-01,1600.0,6000.0,4525.0,4000.0,3083.333333333333,4500.0,4841.666666666666,1036.9225300538922,3970.1388888888887,1353.1968749621788,-3285.0,-1285.0,2.499999999999318,-34.08738938053097,4.197262420000229e-05,-4.527738371492142e-06,-0.8660254037844386,0.5000000000000001
dahod,Mango,2018,10,2825.0,4,0.7999999999999999,0.0258064516129032,5.3251540610626695e-05,2018-10-01,1400.0,2715.0,6000.0,4525.0,2000.0,3070.0,4413.333333333333,1645.3444421559159,3908.75,1408.6906597972456,110.0,-1700.0,0.4999999999993179,-33.68738938053097,5.321420328969096e-05,1.1278916410624404e-05,-0.8660254037844386,0.5000000000000001
navsari,Mango,2018,10,3082.0,5,3.5,0.1129032258064516,5.913857017235109e-05,2018-10-01,6400.0,2825.0,2715.0,6000.0,4212.5,4125.0,3846.666666666666,1865.652254128126,4046.25,1211.593733476696,257.0,-2918.0,1.1999999999993178,-30.98738938053097,5.3251540610626695e-05,1.7165945972348796e-05,-0.8660254037844386,0.5000000000000001
vadodara,Mango,2018,10,5345.0,10,1.5,0.0483870967741935,5.83801011381041e-05,2018-10-01,4000.0,3082.0,2825.0,2715.0,4000.0,3170.0,2873.9999999999995,188.34277262485534,3857.8333333333335,1267.1961831802785,2263.0,2630.0,4.699999999999318,-32.98738938053097,5.913857017235109e-05,5.165897848413139e-06,-0.8660254037844386,0.5000000000000001
mahesana,Mango,2018,10,1600.0,2,0.0,0.0,4.934078224025351e-05,2018-10-01,2500.0,5345.0,3082.0,2825.0,4525.0,1300.0,3750.666666666666,1386.6997992836652,4082.0,1408.4658320314338,-3745.0,-1225.0,5.799999999999318,-34.48738938053097,5.83801011381041e-05,-3.910758370373188e-06,-0.8660254037844386,0.5000000000000001
kheda,Mango,2018,10,1400.0,1,0.1,0.0032258064516129,5.578330879525567e-05,2018-10-01,3300.0,1600.0,5345.0,3082.0,6000.0,3678.571428571429,3342.3333333333326,1886.0239482396173,3594.5,1700.4127440124646,-200.0,-1682.0,4.999999999999318,-34.38738938053097,4.934078224025351e-05,-3.355261377095414e-06,-0.8660254037844386,0.5000000000000001
ahmadabad,Mango,2018,10,6400.0,3,0.0,0.0,3.76061135588367e-05,2018-10-01,4450.0,1400.0,1600.0,5345.0,2715.0,3083.333333333333,2781.666666666666,2222.1629853215877,2827.8333333333335,1411.3646469522564,5000.0,1055.0,1.599999999999318,-34.48738938053097,5.578330879525567e-05,-2.07739875792674e-05,-0.8660254037844386,0.5000000000000001
bharuch,Mango,2018,10,4000.0,3,0.4,0.0129032258064516,4.517980936513936e-05,2018-10-01,4814.285714285715,6400.0,1400.0,1600.0,2825.0,2000.0,3133.3333333333326,2830.783166074956,3442.0,2022.087535197228,-2400.0,2400.0,0.09999999999931788,-34.08738938053097,3.76061135588367e-05,-4.160972875114149e-06,-0.8660254037844386,0.5000000000000001
surendranagar,Mango,2018,11,2500.0,1,0.0,0.0,3.3563443287001667e-05,2018-11-01,6000.0,4000.0,6400.0,1400.0,3082.0,4212.5,3933.3333333333326,2500.6665778014785,3637.8333333333335,2007.2249915409748,-1500.0,1100.0,0.4999999999993179,-9.795056689342402,4.517980936513936e-05,-2.2219865508254007e-05,-0.5000000000000004,0.8660254037844384
bharuch,Mango,2018,11,3300.0,2,0.0,0.0,4.644780290845706e-05,2018-11-01,5675.0,2500.0,4000.0,6400.0,5345.0,4000.0,4299.999999999999,1967.231557290607,3540.8333333333335,2052.9988228605166,800.0,-3100.0,0.3999999999993179,-9.795056689342402,3.3563443287001667e-05,8.84168934962036e-06,-0.5000000000000004,0.8660254037844384
girsomnath,Mango,2018,11,4450.0,2,0.1,0.0033333333333333,4.197262420000229e-05,2018-11-01,4000.0,3300.0,2500.0,4000.0,1600.0,4525.0,3266.666666666666,750.5553499465257,3200.0,1853.6450577173614,1150.0,450.0,0.3999999999993179,-9.695056689342403,4.644780290845706e-05,-3.2071851651370667e-06,-0.5000000000000004,0.8660254037844384
ahmadabad,Mango,2018,11,4814.285714285715,7,0.0,0.0,3.4604197805304365e-05,2018-11-01,1667.5,4450.0,3300.0,2500.0,1400.0,6000.0,3416.666666666666,980.2210635021842,3675.0,1722.135302466098,364.2857142857147,2314.2857142857147,0.09999999999931788,-9.795056689342402,4.197262420000229e-05,1.040754518302699e-06,-0.5000000000000004,0.8660254037844384
banaskantha,Mango,2018,11,6000.0,1,0.0,0.0,4.197262420000229e-05,2018-11-01,4500.0,4814.285714285715,4450.0,3300.0,6400.0,2715.0,4188.095238095238,790.3865411011049,4244.047619047619,1342.2522700530562,1185.7142857142853,2700.0,0.09999999999931788,-9.795056689342402,3.4604197805304365e-05,-4.475178708454766e-06,-0.5000000000000004,0.8660254037844384
vadodara,Mango,2018,11,5675.0,10,0.0,0.0,5.595160963934956e-05,2018-11-01,4312.5,6000.0,4814.285714285715,4450.0,4000.0,2825.0,5088.095238095238,810.4651389767696,4177.380952380952,1217.9308035257457,-325.0,1225.0,0.09999999999931788,-9.795056689342402,4.197262420000229e-05,1.397898543934727e-05,-0.5000000000000004,0.8660254037844384
dahod,Mango,2018,11,4000.0,4,0.0,0.0,4.881245546414909e-05,2018-11-01,1137.5,5675.0,6000.0,4814.285714285715,2500.0,3082.0,5496.428571428572,612.6952000491804,4456.547619047619,1353.5561941597757,-1675.0,-814.2857142857147,0.0,-9.795056689342402,5.595160963934956e-05,1.4208257658844723e-05,-0.5000000000000004,0.8660254037844384
surat,Mango,2018,11,1667.5,4,0.0,0.0,4.967413737368953e-05,2018-11-01,1400.0,4000.0,5675.0,6000.0,3300.0,5345.0,5225.0,1073.2543966833014,4706.547619047619,1016.4574754114037,-2332.5,-4332.5,0.0,-9.795056689342402,4.881245546414909e-05,7.70151317368724e-06,-0.5000000000000004,0.8660254037844384
valsad,Mango,2018,11,4500.0,1,0.4,0.0133333333333333,5.368392969299968e-05,2018-11-01,3550.0,1667.5,4000.0,5675.0,4450.0,1600.0,3780.8333333333335,2012.7194497329613,4434.464285714285,1547.8492937700642,2832.5,-1175.0,0.0,-9.395056689342402,4.967413737368953e-05,-2.267679946349879e-06,-0.5000000000000004,0.8660254037844384
rajkot,Mango,2018,11,4312.5,2,0.0,0.0,3.70279396188504e-05,2018-11-01,2625.0,4500.0,1667.5,4000.0,4814.285714285715,1400.0,3389.166666666666,1511.8207841319518,4442.797619047619,1548.084240982017,-187.5,312.5,0.3999999999993179,-9.795056689342402,5.368392969299968e-05,-1.1784515845298688e-05,-0.5000000000000004,0.8660254037844384
mahesana,Mango,2018,11,1137.5,2,0.0,0.0,4.538995829619759e-05,2018-11-01,2125.0,4312.5,4500.0,1667.5,6000.0,6400.0,3493.3333333333326,1583.9948179629096,4359.166666666667,1537.5196475709388,-3175.0,-530.0,0.3999999999993179,-9.795056689342402,3.70279396188504e-05,-4.284179077491939e-06,-0.5000000000000004,0.8660254037844384
kheda,Mango,2018,11,1400.0,1,0.0,0.0,5.067490268993096e-05,2018-11-01,4240.0,1137.5,4312.5,4500.0,5675.0,4000.0,3316.666666666666,1889.540839286981,3548.75,1764.4253667979265,262.5,-3100.0,0.3999999999993179,-9.795056689342402,4.538995829619759e-05,-3.009027003068724e-06,-0.5000000000000004,0.8660254037844384
navsari,Mango,2018,11,3550.0,4,0.2,0.0066666666666666,5.598415397234179e-05,2018-11-01,3325.0,1400.0,1137.5,4312.5,4000.0,2500.0,2283.3333333333326,1762.2044669485258,2836.25,1588.4731269366814,2150.0,-762.5,0.0,-9.595056689342403,5.067490268993096e-05,1.895621435349139e-05,-0.5000000000000004,0.8660254037844384
surendranagar,Mango,2018,12,2625.0,1,0.0,0.0,3.366420346334879e-05,2018-12-01,5831.25,3550.0,1400.0,1137.5,1667.5,3300.0,2029.166666666666,1323.603824160891,2761.25,1532.1624832242824,-925.0,1487.5,0.1999999999993179,-3.6994424213174213,5.598415397234179e-05,-1.17257548328488e-05,-2.4492935982947064e-16,1.0
valsad,Mango,2018,12,2125.0,6,0.0,0.0,4.919739649019935e-05,2018-12-01,4656.75,2625.0,3550.0,1400.0,4500.0,4450.0,2524.9999999999995,1078.4827305061526,2920.8333333333335,1442.711567385063,-500.0,725.0,0.1999999999993179,-3.6994424213174213,3.366420346334879e-05,-1.477506199731606e-06,-2.4492935982947064e-16,1.0
dahod,Mango,2018,12,4240.0,5,0.0,0.0,4.78822503222136e-05,2018-12-01,2700.0,2125.0,2625.0,3550.0,4312.5,4814.285714285715,2766.666666666666,722.9857075581386,2525.0,1233.4149747753186,2115.0,690.0,0.1999999999993179,-3.6994424213174213,4.919739649019935e-05,-8.101903650128191e-06,-2.4492935982947064e-16,1.0
bharuch,Mango,2018,12,3325.0,5,0.0,0.0,4.438306500936908e-05,2018-12-01,6000.0,4240.0,2125.0,2625.0,1137.5,6000.0,2996.666666666666,1105.399626077983,2512.9166666666665,1212.5803237998982,-915.0,700.0,0.0,-3.6994424213174213,4.78822503222136e-05,1.071886154602029e-05,-2.4492935982947064e-16,1.0
vadodara,Mango,2018,12,5831.25,8,0.0,0.0,5.209525347148433e-05,2018-12-01,5400.0,3325.0,4240.0,2125.0,1400.0,5675.0,3229.9999999999995,1060.6955265296508,2877.5,1031.6915721280266,2506.25,3706.25,0.0,-3.6994424213174213,4.438306500936908e-05,2.897856981284977e-06,-2.4492935982947064e-16,1.0
navsari,Mango,2018,12,4656.75,4,0.0,0.0,5.1797120291758365e-05,2018-12-01,4062.5,5831.25,3325.0,4240.0,3550.0,4000.0,4465.416666666666,1268.239634624844,3616.0416666666665,1310.794228861519,-1174.5,416.75,0.0,-3.6994424213174213,5.209525347148433e-05,3.914869969544764e-06,-2.4492935982947064e-16,1.0
surat,Mango,2018,12,2700.0,4,0.0,0.0,4.520767765218802e-05,2018-12-01,4850.0,4656.75,5831.25,3325.0,2625.0,1667.5,4604.333333333333,1253.9469270401198,3800.5,1375.897570678863,-1956.75,-625.0,0.0,-3.6994424213174213,5.1797120291758365e-05,8.246126428189399e-07,-2.4492935982947064e-16,1.0
banaskantha,Mango,2018,12,6000.0,1,0.0,0.0,4.197262420000229e-05,2018-12-01,2800.0,2700.0,4656.75,5831.25,2125.0,4500.0,4395.999999999999,1581.8263376553143,3813.0,1363.3659174997726,3300.0,168.75,0.0,-3.6994424213174213,4.520767765218802e-05,-1.0122629271482038e-05,-2.4492935982947064e-16,1.0
ahmadabad,Mango,2018,12,5400.0,6,0.0,0.0,3.623375331813844e-05,2018-12-01,5125.0,6000.0,2700.0,4656.75,4240.0,4312.5,4452.249999999999,1659.4773838471028,4458.833333333333,1320.9734257988166,-600.0,743.25,0.0,-3.6994424213174213,4.197262420000229e-05,-1.556336697361992e-05,-2.4492935982947064e-16,1.0
rajkot,Mango,2018,12,4062.5,2,0.0,0.0,3.304415780274123e-05,2018-12-01,1975.0,5400.0,6000.0,2700.0,3325.0,1137.5,4699.999999999999,1757.8395831247024,4652.166666666667,1366.637769003426,-1337.5,1362.5,0.0,-3.6994424213174213,3.623375331813844e-05,-1.2163519849446793e-05,-2.4492935982947064e-16,1.0
girsomnath,Mango,2018,12,4850.0,2,0.0,0.0,4.197262420000229e-05,2018-12-01,4800.0,4062.5,5400.0,6000.0,5831.25,1400.0,5154.166666666666,991.8679767657417,4775.083333333333,1251.7330652605858,787.5,-1150.0,0.0,-3.6994424213174213,3.304415780274123e-05,0.0,-2.4492935982947064e-16,1.0
girsomnath,Mango,2019,1,2800.0,1,0.0,0.0,4.197262420000229e-05,2019-01-01,10700.0,4850.0,4062.5,5400.0,4656.75,3550.0,4770.833333333333,672.2552218713975,4611.541666666667,1145.7597961251136,-2050.0,-2600.0,0.0,-1.0126696832579185,4.197262420000229e-05,5.738870881863848e-06,0.49999999999999994,0.8660254037844387
valsad,Mango,2019,1,5125.0,1,0.9,0.0290322580645161,4.212283719738757e-05,2019-01-01,3750.0,2800.0,4850.0,4062.5,2700.0,2625.0,3904.166666666666,1034.1310764759717,4302.083333333333,1361.5344438047323,2325.0,1062.5,0.0,-0.11266968325791848,4.197262420000229e-05,9.078679394646339e-06,0.49999999999999994,0.8660254037844387
mahesana,Mango,2019,1,1975.0,2,0.0,0.0,4.99843946481372e-05,2019-01-01,2683.333333333333,5125.0,2800.0,4850.0,6000.0,2125.0,4258.333333333333,1270.4165983382602,4706.25,1131.3087001344927,-3150.0,-2875.0,0.8999999999993179,-1.0126696832579185,4.212283719738757e-05,8.011770448134912e-06,0.49999999999999994,0.8660254037844387
amreli,Mango,2019,1,4800.0,1,0.0,0.0,3.157605078545908e-05,2019-01-01,4000.0,1975.0,5125.0,2800.0,5400.0,4240.0,3299.9999999999995,1633.439622391967,4035.4166666666665,1377.3256846754373,2825.0,2000.0,0.8999999999993179,-1.0126696832579185,4.99843946481372e-05,-1.039657341454321e-05,0.49999999999999994,0.8660254037844387
ahmadabad,Mango,2019,1,10700.0,8,0.0,0.0,3.767640241886117e-05,2019-01-01,5750.0,4800.0,1975.0,5125.0,4062.5,3325.0,3966.666666666666,1732.4717409912791,3935.4166666666665,1276.5289035766725,5900.0,5575.0,0.8999999999993179,-1.0126696832579185,3.157605078545908e-05,-4.446434778526398e-06,0.49999999999999994,0.8660254037844387
kheda,Mango,2019,1,3750.0,1,0.0,0.0,5.131353746541466e-05,2019-01-01,4842.857142857143,10700.0,4800.0,1975.0,4850.0,5831.25,5825.0,4451.895663647121,5041.666666666667,3051.174637195757,-6950.0,1775.0,0.0,-1.0126696832579185,3.767640241886117e-05,1.3291428172774544e-06,0.49999999999999994,0.8660254037844387
navsari,Mango,2019,1,2683.333333333333,3,0.8,0.0258064516129032,4.570764264862823e-05,2019-01-01,1350.0,3750.0,10700.0,4800.0,2800.0,4656.75,6416.666666666667,3746.4427572476507,4858.333333333333,3097.6873093756026,-1066.666666666667,-2116.666666666667,0.0,-0.21266968325791846,5.131353746541466e-05,1.413159186316915e-05,0.49999999999999994,0.8660254037844387
gandhinagar,Mango,2019,1,4000.0,2,0.0,0.0,4.883863494820808e-05,2019-01-01,1669.1666666666667,2683.333333333333,3750.0,10700.0,5125.0,2700.0,5711.11111111111,4353.298026060673,4838.888888888889,3113.5174225850633,1316.666666666667,-6700.0,0.7999999999993179,-1.0126696832579185,4.570764264862823e-05,1.1162232529346912e-05,0.49999999999999994,0.8660254037844387
rajkot,Mango,2019,1,5750.0,4,0.0,0.0,3.126577198005523e-05,2019-01-01,5529.166666666667,4000.0,2683.333333333333,3750.0,1975.0,6000.0,3477.7777777777774,699.2721083251515,4651.388888888889,3126.6880625896683,1750.0,2000.0,0.7999999999993179,-1.0126696832579185,4.883863494820808e-05,-2.0047765485359425e-05,0.49999999999999994,0.8660254037844387
vadodara,Mango,2019,1,4842.857142857143,7,0.0,0.0,4.8658415261998366e-05,2019-01-01,1570.8,5750.0,4000.0,2683.333333333333,4800.0,5400.0,4144.444444444444,1538.4275281141088,5280.555555555556,2847.7947933770047,-907.1428571428569,2159.52380952381,0.7999999999993179,-1.0126696832579185,3.126577198005523e-05,2.950772613370136e-06,0.49999999999999994,0.8660254037844387
anand,Mango,2019,1,1350.0,1,0.0,0.0,5.434062601975575e-05,2019-01-01,3033.0,4842.857142857143,5750.0,4000.0,10700.0,4062.5,4864.285714285714,875.1967708779194,5287.6984126984125,2846.4018009402785,-3492.857142857143,-2650.0,0.0,-1.0126696832579185,4.8658415261998366e-05,5.5019910715476715e-06,0.49999999999999994,0.8660254037844387
surat,Mango,2019,1,1669.1666666666667,6,0.0,0.0,3.954447381975026e-05,2019-01-01,2400.0,1350.0,4842.857142857143,5750.0,3750.0,4850.0,3980.9523809523803,2323.178827371153,3729.3650793650795,1558.9778518487014,319.16666666666674,-4080.833333333333,0.0,-1.0126696832579185,5.434062601975575e-05,8.278701839695028e-06,0.49999999999999994,0.8660254037844387
bharuch,Mango,2019,1,5529.166666666667,6,0.0,0.0,3.94106014310312e-05,2019-01-01,4350.0,1669.1666666666667,1350.0,4842.857142857143,2683.333333333333,2800.0,2620.674603174603,1931.0717930802703,3382.5595238095234,1770.559620703252,3860.0,686.3095238095239,0.0,-1.0126696832579185,3.954447381975026e-05,-9.247813830967164e-06,0.49999999999999994,0.8660254037844387
surat,Mango,2019,2,1570.8,5,0.1,0.0035714285714285,3.51562011313144e-05,2019-02-01,3625.0,5529.166666666667,1669.1666666666667,1350.0,4000.0,5125.0,2849.444444444444,2326.1879183508586,3856.8650793650795,1920.604969922576,-3958.366666666667,220.79999999999995,0.0,-0.23755496567996567,3.94106014310312e-05,-1.918442488844135e-05,0.8660254037844386,0.5000000000000001
navsari,Mango,2019,2,3033.0,4,0.0,0.0,4.048506477999164e-05,2019-02-01,3000.0,1570.8,5529.166666666667,1669.1666666666667,5750.0,1975.0,2923.044444444444,2257.5038822000215,3451.9984126984127,2129.1181783723105,1462.2,1363.8333333333333,0.09999999999931788,-0.3375549656799657,3.51562011313144e-05,9.405909602413825e-07,0.8660254037844386,0.5000000000000001
mahesana,Mango,2019,2,2400.0,1,0.0,0.0,4.943737652297831e-05,2019-02-01,6500.0,3033.0,1570.8,5529.166666666667,4842.857142857143,4800.0,3377.655555555555,2001.5637026899617,2999.1650793650792,1807.2145027812078,-633.0,-3129.166666666667,0.09999999999931788,-0.3375549656799657,4.048506477999164e-05,1.0026775091947109e-05,0.8660254037844386,0.5000000000000001
bharuch,Mango,2019,2,4350.0,7,0.2,0.0071428571428571,3.459536349155516e-05,2019-02-01,1250.0,2400.0,3033.0,1570.8,1350.0,10700.0,2334.5999999999995,733.2905836024448,2592.0222222222224,1568.1407989033307,1950.0,2779.2,0.09999999999931788,-0.13755496567996567,4.943737652297831e-05,-5.608376397592461e-07,0.8660254037844386,0.5000000000000001
valsad,Mango,2019,2,3625.0,1,0.1,0.0035714285714285,3.692199806967298e-05,2019-02-01,5820.0,4350.0,2400.0,3033.0,1669.1666666666667,3750.0,3260.9999999999995,994.7929432801691,3092.0222222222224,1571.1902808121333,-725.0,592.0,0.1999999999993179,-0.23755496567996567,3.459536349155516e-05,-3.563066710318665e-06,0.8660254037844386,0.5000000000000001
gandhinagar,Mango,2019,2,3000.0,1,0.0,0.0,4.825239431293437e-05,2019-02-01,5785.714285714285,3625.0,4350.0,2400.0,5529.166666666667,2683.333333333333,3458.3333333333326,985.6258586975874,3417.9944444444445,1411.7502990443613,-625.0,600.0,0.2999999999993179,-0.3375549656799657,3.692199806967298e-05,-1.1849822100439442e-06,0.8660254037844386,0.5000000000000001
rajkot,Mango,2019,2,6500.0,2,0.2,0.0071428571428571,2.9625963319673805e-05,2019-02-01,4625.0,3000.0,3625.0,4350.0,1570.8,4000.0,3658.3333333333326,675.6170019569948,2996.4666666666667,960.911206442436,3500.0,2150.0,0.2999999999993179,-0.13755496567996567,4.825239431293437e-05,-4.969400171881352e-06,0.8660254037844386,0.5000000000000001
anand,Mango,2019,2,1250.0,1,0.0,0.0,5.723673303626746e-05,2019-02-01,2050.0,6500.0,3000.0,3625.0,3033.0,5750.0,4374.999999999999,1866.6480653835179,3818.0,1470.3380563666274,-5250.0,-2375.0,0.2999999999993179,-0.3375549656799657,2.9625963319673805e-05,2.0314734966594484e-05,0.8660254037844386,0.5000000000000001
ahmadabad,Mango,2019,2,5820.0,10,0.0,0.0,3.612484381064527e-05,2019-02-01,3550.0,1250.0,6500.0,3000.0,2400.0,4842.857142857143,3583.3333333333326,2673.1691553909113,3520.8333333333335,1803.2204986264599,4570.0,2820.0,0.1999999999993179,-0.3375549656799657,5.723673303626746e-05,-1.21275505022891e-05,0.8660254037844386,0.5000000000000001
vadodara,Mango,2019,2,5785.714285714285,7,0.0,0.0,4.428682187767256e-05,2019-02-01,7700.0,5820.0,1250.0,6500.0,4350.0,1350.0,4523.333333333333,2855.1065362492805,4090.8333333333335,1915.1251047037786,-34.285714285714675,-714.2857142857147,0.1999999999993179,-0.3375549656799657,3.612484381064527e-05,1.4660858557998759e-05,0.8660254037844386,0.5000000000000001
rajkot,Mango,2019,3,4625.0,2,0.2,0.0064516129032258,2.351075315646281e-05,2019-03-01,4584.0,5785.714285714285,5820.0,1250.0,3625.0,1669.1666666666667,4285.2380952380945,2628.6491965721643,4330.119047619048,2039.6288386173894,-1160.7142857142853,3375.0,0.0,-1.7086255656108598,4.428682187767256e-05,-3.372597987980465e-05,1.0,6.123233995736766e-17
mahesana,Mango,2019,3,2050.0,2,1.5,0.0483870967741935,3.868095220001852e-05,2019-03-01,2429.8571428571427,4625.0,5785.714285714285,5820.0,3000.0,5529.166666666667,5410.2380952380945,680.2521791298593,4496.785714285715,2011.145158097438,-2575.0,-3770.0,0.1999999999993179,-0.4086255656108597,2.351075315646281e-05,2.556108389373256e-06,1.0,6.123233995736766e-17
girsomnath,Mango,2019,3,3550.0,1,0.4,0.0129032258064516,4.197262420000229e-05,2019-03-01,2750.0,2050.0,4625.0,5785.714285714285,6500.0,1570.8,4153.5714285714275,1911.9555380792374,4338.452380952381,2182.6360404414677,1500.0,-2235.7142857142853,1.6999999999993178,-1.5086255656108598,3.868095220001852e-05,-2.314197677670272e-06,1.0,6.123233995736766e-17
ahmadabad,Mango,2019,3,7700.0,7,0.2,0.0064516129032258,2.742355743063716e-05,2019-03-01,2750.0,3550.0,2050.0,4625.0,1250.0,3033.0,3408.3333333333326,1293.332259449736,3846.785714285714,1914.0769475714615,4150.0,3075.0,2.099999999999318,-1.7086255656108598,4.197262420000229e-05,3.912804274174348e-06,1.0,6.123233995736766e-17
navsari,Mango,2019,3,4584.0,3,0.6,0.0193548387096774,3.786803473203897e-05,2019-03-01,5125.0,7700.0,3550.0,2050.0,5820.0,2400.0,4433.333333333333,2926.744494029734,4921.785714285715,1974.2678182980496,-3116.0,2534.0,2.099999999999318,-1.3086255656108596,2.742355743063716e-05,-8.129174679795506e-07,1.0,6.123233995736766e-17
surat,Mango,2019,3,2429.8571428571427,7,0.0,0.0,3.244856705474733e-05,2019-03-01,4866.666666666667,4584.0,7700.0,3550.0,5785.714285714285,4350.0,5277.999999999999,2160.289795374694,4715.785714285715,1925.6874812674557,-2154.1428571428573,-1120.1428571428573,1.1999999999993178,-1.9086255656108597,3.786803473203897e-05,-9.524057145254964e-06,1.0,6.123233995736766e-17
gandhinagar,Mango,2019,3,2750.0,2,0.3,0.0096774193548387,3.82935522536757e-05,2019-03-01,4612.5,2429.8571428571427,4584.0,7700.0,4625.0,3625.0,4904.619047619047,2649.6601412154,4156.47619047619,2036.9153542904553,320.14285714285734,-4950.0,0.7999999999993178,-1.6086255656108597,3.244856705474733e-05,1.086999482303854e-05,1.0,6.123233995736766e-17
surendranagar,Mango,2019,3,2750.0,1,0.7,0.0225806451612903,2.672879570879724e-05,2019-03-01,1250.0,2750.0,2429.8571428571427,4584.0,2050.0,3000.0,3254.6190476190473,1162.3524205936365,3843.9761904761904,2093.697400151548,0.0,-1834.0,0.8999999999993178,-1.2086255656108598,3.82935522536757e-05,-1.1139239023241734e-05,1.0,6.123233995736766e-17
valsad,Mango,2019,3,5125.0,1,1.0,0.032258064516129,3.3616763018096824e-05,2019-03-01,5000.0,2750.0,2750.0,2429.8571428571427,3550.0,6500.0,2643.2857142857138,184.83456475061044,3960.642857142857,1990.7089532964599,2375.0,2695.1428571428573,0.9999999999993179,-0.9086255656108597,2.672879570879724e-05,1.1681959633494968e-06,1.0,6.123233995736766e-17
vadodara,Mango,2019,3,4866.666666666667,6,0.0,0.0,3.955607391118127e-05,2019-03-01,4500.0,5125.0,2750.0,2750.0,7700.0,1250.0,3541.666666666666,1371.2068893253702,4223.142857142857,2029.2004920004053,-258.33333333333303,2116.666666666667,1.9999999999993179,-1.9086255656108597,3.3616763018096824e-05,1.2625216575055722e-06,1.0,6.123233995736766e-17
bharuch,Mango,2019,3,4612.5,6,0.0,0.0,3.022471143172967e-05,2019-03-01,9166.666666666666,4866.666666666667,5125.0,2750.0,4584.0,5820.0,4247.222222222222,1303.0501965829428,3750.9206349206347,1230.926279051493,-254.16666666666697,1862.5,1.6999999999993178,-1.9086255656108597,3.955607391118127e-05,3.4959157229324316e-06,1.0,6.123233995736766e-17
anand,Mango,2019,4,1250.0,1,0.3,0.01,4.044486564062108e-05,2019-04-01,1916.6666666666667,4612.5,4866.666666666667,5125.0,2429.8571428571427,5785.714285714285,4868.055555555555,256.2528229294193,3755.6706349206347,1234.8327758127652,-3362.5,-3875.0,0.9999999999993179,-0.678716960352423,3.022471143172967e-05,6.828102622524258e-06,0.8660254037844387,-0.4999999999999998
valsad,Mango,2019,4,5000.0,1,0.1,0.0033333333333333,3.3040072181688925e-05,2019-04-01,2125.0,1250.0,4612.5,4866.666666666667,2750.0,4625.0,3576.3888888888882,2018.7159583186524,3559.027777777778,1543.544839418761,3750.0,133.33333333333303,0.29999999999931787,-0.878716960352423,4.044486564062108e-05,-6.516001729492346e-06,0.8660254037844387,-0.4999999999999998
gandhinagar,Mango,2019,4,4500.0,1,0.3,0.01,3.6571896503740174e-05,2019-04-01,4767.857142857143,5000.0,1250.0,4612.5,2750.0,2050.0,3620.8333333333326,2062.3232247476044,3934.027777777778,1580.5554945323142,-500.0,-112.5,0.3999999999993179,-0.678716960352423,3.3040072181688925e-05,6.347185072010504e-06,0.8660254037844387,-0.4999999999999998
ahmadabad,Mango,2019,4,9166.666666666666,6,0.1,0.0033333333333333,2.434595138310186e-05,2019-04-01,5400.0,4500.0,5000.0,1250.0,5125.0,3550.0,3583.3333333333326,2036.1319538117755,4225.694444444444,1476.3986228381925,4666.666666666666,7916.666666666666,0.6999999999993178,-0.878716960352423,3.6571896503740174e-05,-1.609891425751922e-05,0.8660254037844387,-0.4999999999999998
navsari,Mango,2019,4,1916.6666666666667,3,0.0,0.0,3.762023970774867e-05,2019-04-01,4500.0,9166.666666666666,4500.0,5000.0,4866.666666666667,7700.0,6222.222222222222,2562.1894572444994,4899.305555555556,2521.1389851429058,-7249.999999999999,-3083.333333333333,0.4999999999993179,-0.978716960352423,2.434595138310186e-05,4.580167526059743e-06,0.8660254037844387,-0.4999999999999998
mahesana,Mango,2019,4,2125.0,2,0.2,0.0066666666666666,3.394042210454543e-05,2019-04-01,4508.333333333333,1916.6666666666667,9166.666666666666,4500.0,4612.5,4584.0,5194.444444444443,3674.5496070695317,4407.638888888889,2800.905628178671,208.33333333333326,-2375.0,0.3999999999993179,-0.7787169603524229,3.762023970774867e-05,-2.6314743991947415e-06,0.8660254037844387,-0.4999999999999998
bharuch,Mango,2019,4,4767.857142857143,7,0.3,0.01,2.7846343043587423e-05,2019-04-01,6000.0,2125.0,1916.6666666666667,9166.666666666666,1250.0,2429.8571428571427,4402.777777777777,4126.963617928286,3993.055555555555,2944.9128296223075,2642.857142857143,-4398.809523809523,0.2999999999993178,-0.678716960352423,3.394042210454543e-05,3.500391660485562e-06,0.8660254037844387,-0.4999999999999998
girsomnath,Mango,2019,4,5400.0,1,0.0,0.0,4.197262420000229e-05,2019-04-01,1956.8,4767.857142857143,2125.0,1916.6666666666667,5000.0,2750.0,2936.5079365079364,1589.41203944772,4579.365079365079,2622.059055129487,632.1428571428569,3483.333333333333,0.4999999999993179,-0.978716960352423,2.7846343043587423e-05,4.352384492253623e-06,0.8660254037844387,-0.4999999999999998
amreli,Mango,2019,4,4500.0,1,0.0,0.0,2.285470441189334e-05,2019-04-01,2750.0,5400.0,4767.857142857143,2125.0,4500.0,2750.0,4097.619047619047,1737.331453186558,4646.031746031746,2639.917033271083,-900.0,2375.0,0.4999999999993179,-0.978716960352423,4.197262420000229e-05,-1.1085717692652093e-05,0.8660254037844387,-0.4999999999999998
vadodara,Mango,2019,4,4508.333333333333,6,0.0,0.0,3.559507081676795e-05,2019-04-01,1940.0,4500.0,5400.0,4767.857142857143,9166.666666666666,5125.0,4889.285714285714,462.12408882184417,4646.031746031746,2639.917033271083,8.33333333333303,-259.5238095238101,0.29999999999931787,-0.978716960352423,2.285470441189334e-05,7.748727773180527e-06,0.8660254037844387,-0.4999999999999998
rajkot,Mango,2019,4,6000.0,2,0.1,0.0033333333333333,2.1492770705935984e-05,2019-04-01,3945.8333333333335,4508.333333333333,4500.0,5400.0,1916.6666666666667,4866.666666666667,4802.777777777777,517.2263993148254,3869.6428571428573,1470.5068676635954,1491.666666666667,600.0,0.0,-0.878716960352423,3.559507081676795e-05,-2.0479853494066307e-05,0.8660254037844387,-0.4999999999999998
surat,Mango,2019,4,1956.8,10,0.4,0.0133333333333333,3.271651831486328e-05,2019-04-01,1783.3333333333333,6000.0,4508.333333333333,4500.0,2125.0,4612.5,5002.777777777777,863.6298289669683,4550.1984126984125,1323.4290770267498,-4043.2,-2543.2,0.09999999999931788,-0.5787169603524229,2.1492770705935984e-05,9.861813902969943e-06,0.8660254037844387,-0.4999999999999998
surendranagar,Mango,2019,4,2750.0,1,1.5,0.05,2.437905954387202e-05,2019-04-01,5750.0,1956.8,6000.0,4508.333333333333,4767.857142857143,1250.0,4155.044444444444,2044.6213192812213,4522.16507936508,1385.405023014169,793.2,-1758.333333333333,0.4999999999993179,0.521283039647577,3.271651831486328e-05,-1.1216011272895929e-05,0.8660254037844387,-0.4999999999999998
surat,Mango,2019,5,1940.0,6,0.0,0.0,3.351504349884723e-05,2019-05-01,6916.666666666667,2750.0,1956.8,6000.0,5400.0,5000.0,3568.933333333333,2142.3947846588285,4185.855555555556,1549.0845872703378,-810.0,-4060.0,1.9999999999993179,-7.417019969278034,2.437905954387202e-05,1.2022272792911247e-05,0.49999999999999994,-0.8660254037844387
bharuch,Mango,2019,5,3945.8333333333335,6,0.0,0.0,2.6259218317015715e-05,2019-05-01,900.0,1940.0,2750.0,1956.8,4500.0,4500.0,2215.5999999999995,462.8802004838832,3609.1888888888893,1647.5903052865012,2005.8333333333335,1989.0333333333335,1.8999999999993178,-7.417019969278034,3.351504349884723e-05,-6.457299997847567e-06,0.49999999999999994,-0.8660254037844387
navsari,Mango,2019,5,1783.3333333333333,3,0.2,0.0064516129032258,3.823370839756147e-05,2019-05-01,4770.0,3945.8333333333335,1940.0,2750.0,4508.333333333333,9166.666666666666,2878.611111111111,1009.082481120206,3516.827777777778,1602.5835808214529,-2162.5,-966.6666666666667,1.4999999999993179,-7.2170199692780335,2.6259218317015715e-05,1.3854648853689446e-05,0.49999999999999994,-0.8660254037844387
ahmadabad,Mango,2019,5,5750.0,4,0.0,0.0,2.192138801217912e-05,2019-05-01,3000.0,1783.3333333333333,3945.8333333333335,1940.0,6000.0,1916.6666666666667,2556.3888888888882,1205.8412039979655,3062.6611111111106,1650.7989715981832,3966.666666666667,3810.0,0.1999999999993179,-7.417019969278034,3.823370839756147e-05,-1.159365548666811e-05,0.49999999999999994,-0.8660254037844387
rajkot,Mango,2019,5,6916.666666666667,3,0.0,0.0,1.9946754065942204e-05,2019-05-01,2950.0,5750.0,1783.3333333333333,3945.8333333333335,1956.8,2125.0,3826.3888888888882,1986.0290387082987,3020.9944444444445,1562.6324015607117,1166.666666666667,2970.8333333333335,0.1999999999993179,-7.417019969278034,2.192138801217912e-05,-6.312464251073511e-06,0.49999999999999994,-0.8660254037844387
anand,Mango,2019,5,900.0,1,0.0,0.0,3.953351072000872e-05,2019-05-01,1250.0,6916.666666666667,5750.0,1783.3333333333333,2750.0,4767.857142857143,4816.666666666666,2690.9312720898574,3847.638888888889,2104.889837224705,-6016.666666666667,-883.3333333333333,0.1999999999993179,-7.417019969278034,1.9946754065942204e-05,1.2998023224472516e-06,0.49999999999999994,-0.8660254037844387
vadodara,Mango,2019,5,4770.0,5,0.0,0.0,3.099693132192509e-05,2019-05-01,3566.4,900.0,6916.666666666667,5750.0,1940.0,5400.0,4522.222222222222,3190.712796249166,3539.305555555556,2411.064219654111,3870.0,-980.0,0.0,-7.417019969278034,3.953351072000872e-05,9.075543309745968e-06,0.49999999999999994,-0.8660254037844387
mahesana,Mango,2019,5,3000.0,1,0.0,0.0,3.176826074811054e-05,2019-05-01,2500.0,4770.0,900.0,6916.666666666667,3945.8333333333335,4500.0,4195.555555555555,3049.189934926862,4010.9722222222226,2310.331891541574,-1770.0,-3916.666666666667,0.0,-7.417019969278034,3.099693132192509e-05,1.1821506682168336e-05,0.49999999999999994,-0.8660254037844387
girsomnath,Mango,2019,5,2950.0,2,0.0,0.0,4.197262420000229e-05,2019-05-01,1250.0,3000.0,4770.0,900.0,1783.3333333333333,4508.333333333333,2889.9999999999995,1937.3435420699152,3853.3333333333335,2347.632377050924,-50.0,2050.0,0.0,-7.417019969278034,3.176826074811054e-05,2.4391134799935717e-06,0.49999999999999994,-0.8660254037844387
mahesana,Mango,2019,6,1250.0,1,49.0,1.6333333333333333,3.449411286802495e-05,2019-06-01,7400.0,2950.0,3000.0,4770.0,5750.0,6000.0,3573.3333333333326,1036.6452302178145,4047.777777777778,2184.543345788685,-1700.0,-3520.0,0.0,-76.83309782608696,4.197262420000229e-05,3.49718154609986e-06,1.2246467991473532e-16,-1.0
navsari,Mango,2019,6,3566.4,5,131.3,4.376666666666667,3.222878388262428e-05,2019-06-01,4375.0,1250.0,2950.0,3000.0,6916.666666666667,1956.8,2399.9999999999995,996.2429422585636,3297.777777777778,2254.601878299053,2316.4,566.4000000000001,48.99999999999932,5.466902173913056,3.449411286802495e-05,4.605231345137411e-07,1.2246467991473532e-16,-1.0
gandhinagar,Mango,2019,6,2500.0,1,66.1,2.203333333333333,3.5007833873466675e-05,2019-06-01,2281.25,3566.4,1250.0,2950.0,900.0,2750.0,2588.7999999999993,1199.698428772832,2739.3999999999996,1450.6022749189342,-1066.4,-450.0,180.29999999999933,-59.73309782608696,3.222878388262428e-05,-6.964790326535617e-06,1.2246467991473532e-16,-1.0
anand,Mango,2019,6,1250.0,1,92.5,3.083333333333333,3.2783021078139106e-05,2019-06-01,5200.0,2500.0,3566.4,1250.0,4770.0,1940.0,2438.7999999999993,1159.4120578983125,3006.066666666666,1163.4851209476872,-1250.0,0.0,246.39999999999932,-33.333097826086956,3.5007833873466675e-05,-1.7110917898858433e-06,1.2246467991473532e-16,-1.0
ahmadabad,Mango,2019,6,7400.0,8,104.7,3.49,1.9577523116147428e-05,2019-06-01,4093.75,1250.0,2500.0,3566.4,3000.0,3945.8333333333335,2438.7999999999993,1159.4120578983125,2419.4,967.0295548740924,6150.0,3833.6,289.8999999999993,-21.133097826086953,3.2783021078139106e-05,-1.2651260766476854e-05,1.2246467991473532e-16,-1.0
rajkot,Mango,2019,6,4375.0,2,64.3,2.143333333333333,2.0132571407388938e-05,2019-06-01,4100.0,7400.0,1250.0,2500.0,2950.0,1783.3333333333333,3716.666666666666,3250.5127800599935,3152.7333333333336,2276.7671876295685,-3025.0,1875.0,263.29999999999933,-61.53309782608696,1.9577523116147428e-05,-1.4875262466077737e-05,1.2246467991473532e-16,-1.0
surat,Mango,2019,6,2281.25,8,182.1,6.069999999999999,3.115269394106064e-05,2019-06-01,2500.0,4375.0,7400.0,1250.0,1250.0,5750.0,4341.666666666666,3075.1354983696824,3390.2333333333336,2325.198556396132,-2093.75,1031.25,261.4999999999993,56.26690217391304,2.0132571407388938e-05,-1.6303271370784632e-06,1.2246467991473532e-16,-1.0
girsomnath,Mango,2019,6,5200.0,2,138.2,4.6066666666666665,4.197262420000229e-05,2019-06-01,2207.1428571428573,2281.25,4375.0,7400.0,3566.4,6916.666666666667,4685.416666666666,2573.4547345607925,3562.1083333333336,2168.167007039969,2918.75,-2200.0,351.09999999999934,12.366902173913033,3.115269394106064e-05,2.2395101083854864e-05,1.2246467991473532e-16,-1.0
vadodara,Mango,2019,6,4093.75,8,102.8,3.4266666666666667,2.740396306854798e-05,2019-06-01,3500.0,5200.0,2281.25,4375.0,2500.0,900.0,3952.0833333333326,1504.6326032734205,3834.375,2269.03665544433,-1106.25,-281.25,384.59999999999934,-23.03309782608696,4.197262420000229e-05,7.271391661159043e-06,1.2246467991473532e-16,-1.0
bharuch,Mango,2019,6,4100.0,4,229.9,7.663333333333333,2.626159135933671e-05,2019-06-01,1400.0,4093.75,5200.0,2281.25,1250.0,4770.0,3858.3333333333326,1473.5471305096928,4100.0,2172.832972181707,6.25,1818.75,423.0999999999993,104.06690217391305,2.740396306854798e-05,-4.891102581723932e-06,1.2246467991473532e-16,-1.0
gandhinagar,Mango,2019,7,2500.0,1,158.9,5.125806451612903,3.180918611259555e-05,2019-07-01,6500.0,4100.0,4093.75,5200.0,7400.0,3000.0,4464.583333333333,636.8971823091665,4575.0,1681.057145072705,-1600.0,-2700.0,470.8999999999993,-212.5292400881057,2.626159135933671e-05,-1.0163438087406742e-05,-0.4999999999999997,-0.8660254037844388
surat,Mango,2019,7,2207.1428571428573,7,309.5,9.983870967741936,3.2288327806119665e-05,2019-07-01,1250.0,2500.0,4100.0,4093.75,4375.0,2950.0,3564.5833333333326,921.9615072405929,3758.3333333333335,1136.0544844621918,-292.85714285714266,-1886.6071428571427,491.59999999999934,-61.9292400881057,3.180918611259555e-05,4.884364737571684e-06,-0.4999999999999997,-0.8660254037844388
vadodara,Mango,2019,7,3500.0,7,237.3,7.65483870967742,3.090845971274299e-05,2019-07-01,2192.4,2207.1428571428573,2500.0,4100.0,2281.25,1250.0,2935.714285714285,1018.8779342482419,3397.0238095238096,1240.6244912951495,1292.8571428571427,-600.0,698.2999999999993,-134.1292400881057,3.2288327806119665e-05,4.646868353406276e-06,-0.4999999999999997,-0.8660254037844388
anand,Mango,2019,7,1400.0,1,282.7,9.119354838709675,2.4560332725881127e-05,2019-07-01,4500.0,3500.0,2207.1428571428573,2500.0,5200.0,3566.4,2735.714285714285,677.8943990965952,3600.1488095238096,1114.7950439468648,-2100.0,-1100.0,705.6999999999994,-88.72924008810571,3.090845971274299e-05,-7.248853386714423e-06,-0.4999999999999997,-0.8660254037844388
girsomnath,Mango,2019,7,6500.0,2,190.6,6.148387096774194,4.197262420000229e-05,2019-07-01,4500.0,1400.0,3500.0,2207.1428571428573,4093.75,2500.0,2369.0476190476184,1059.3204727303146,2966.8154761904766,1103.476708930164,5100.0,4292.857142857143,829.4999999999993,-180.8292400881057,2.4560332725881127e-05,9.684296393882627e-06,-0.4999999999999997,-0.8660254037844388
mahesana,Mango,2019,7,1250.0,1,98.6,3.1806451612903226,3.1289912663737694e-05,2019-07-01,5433.333333333333,6500.0,1400.0,3500.0,4100.0,1250.0,3799.9999999999995,2563.2011235952623,3367.8571428571427,1807.5789987534934,-5250.0,-2250.0,710.5999999999993,-272.82924008810573,4.197262420000229e-05,3.8145295099470665e-07,-0.4999999999999997,-0.8660254037844388
navsari,Mango,2019,7,2192.4,5,478.7,15.441935483870967,3.838996540211851e-05,2019-07-01,3600.0,1250.0,6500.0,1400.0,2500.0,7400.0,3049.9999999999995,2988.7288267756926,2892.8571428571427,1945.880001334055,942.4000000000001,792.4000000000001,571.8999999999994,107.27075991189429,3.1289912663737694e-05,1.3829632676237384e-05,-0.4999999999999997,-0.8660254037844388
valsad,Mango,2019,7,4500.0,1,720.6,23.24516129032258,3.0039412728419443e-05,2019-07-01,5000.0,2192.4,1250.0,6500.0,2207.1428571428573,4375.0,3314.1333333333328,2798.9889698484603,2841.5904761904762,1962.2832999125358,2307.6,-2000.0,767.8999999999994,349.1707599118943,3.838996540211851e-05,-1.1933211471582849e-05,-0.4999999999999997,-0.8660254037844388
rajkot,Mango,2019,7,4500.0,2,180.6,5.825806451612904,1.942452277411923e-05,2019-07-01,3175.0,4500.0,2192.4,1250.0,3500.0,2281.25,2647.466666666666,1672.1062326698434,3223.7333333333336,2035.896762281097,0.0,3250.0,1297.8999999999992,-190.8292400881057,3.0039412728419443e-05,-1.1865389889618464e-05,-0.4999999999999997,-0.8660254037844388
ahmadabad,Mango,2019,7,5433.333333333333,3,230.0,7.419354838709677,1.7490397494106505e-05,2019-07-01,4305.0,4500.0,4500.0,2192.4,1400.0,5200.0,3730.7999999999993,1332.2934811819862,3390.4,2102.8668431453257,933.333333333333,3240.933333333333,1379.8999999999994,-141.4292400881057,1.942452277411923e-05,-2.0899567908012007e-05,-0.4999999999999997,-0.8660254037844388
bharuch,Mango,2019,7,3600.0,4,262.5,8.46774193548387,2.44659520577502e-05,2019-07-01,2750.0,5433.333333333333,4500.0,4500.0,6500.0,4093.75,4811.11111111111,538.8602512436762,4062.6222222222223,1980.4460582478941,-1833.333333333333,-900.0,1131.1999999999994,-108.9292400881057,1.7490397494106505e-05,-5.573460670669243e-06,-0.4999999999999997,-0.8660254037844388
valsad,Mango,2019,8,5000.0,1,647.7,20.89354838709677,4.763481427267391e-05,2019-08-01,4122.222222222223,3600.0,5433.333333333333,4500.0,1250.0,4100.0,4511.11111111111,916.717170325938,3579.288888888889,1580.0237447817242,1400.0,500.0,673.0999999999993,340.51798913043484,2.44659520577502e-05,2.821029149855468e-05,-0.8660254037844384,-0.5000000000000004
girsomnath,Mango,2019,8,3175.0,2,324.7,10.474193548387095,4.197262420000229e-05,2019-08-01,2750.0,5000.0,3600.0,5433.333333333333,2192.4,2500.0,4677.777777777777,958.2004738822529,4204.288888888889,1160.2981085655244,-1825.0,-2258.333333333333,1140.1999999999994,17.517989130434785,4.763481427267391e-05,2.4482226705895786e-05,-0.8660254037844384,-0.5000000000000004
bharuch,Mango,2019,8,4305.0,5,479.3,15.461290322580645,3.956892256768381e-05,2019-08-01,6537.5,3175.0,5000.0,3600.0,4500.0,2207.1428571428573,3925.0,954.9214627392241,4368.055555555556,846.4372501954961,1130.0,705.0,1234.8999999999994,172.1179891304348,4.197262420000229e-05,1.5102970509933613e-05,-0.8660254037844384,-0.5000000000000004
surat,Mango,2019,8,2750.0,5,604.6999999999999,19.506451612903223,4.418320735808509e-05,2019-08-01,2627.4,4305.0,3175.0,5000.0,4500.0,3500.0,4159.999999999999,921.0998860058671,4335.555555555556,844.0982477483565,-1555.0,-2250.0,1451.6999999999994,297.5179891304347,3.956892256768381e-05,-3.4516069145888213e-06,-0.8660254037844384,-0.5000000000000004
vadodara,Mango,2019,8,4122.222222222223,9,784.7,25.31290322580645,4.639639236573711e-05,2019-08-01,5300.0,2750.0,4305.0,3175.0,5433.333333333333,1400.0,3409.9999999999995,803.6945937357145,4043.888888888889,1052.5243025257896,1372.2222222222226,947.2222222222226,1408.6999999999994,477.51798913043484,4.418320735808509e-05,4.423768165734819e-06,-0.8660254037844384,-0.5000000000000004
surendranagar,Mango,2019,8,2750.0,1,615.1,19.84193548387097,4.070206471967421e-05,2019-08-01,2000.0,4122.222222222223,2750.0,4305.0,3600.0,6500.0,3725.7407407407404,849.9437768866425,3825.3703703703704,815.8572456425704,-1372.2222222222226,-1555.0,1868.6999999999994,307.9179891304348,4.639639236573711e-05,1.1331421519903987e-06,-0.8660254037844384,-0.5000000000000004
ahmadabad,Mango,2019,8,6537.5,8,768.9,24.80322580645161,3.2052080498776885e-05,2019-08-01,2500.0,2750.0,4122.222222222223,2750.0,5000.0,1250.0,3207.407407407407,792.2528693879951,3683.703703703704,928.7979531954587,3787.5,3787.5,2004.4999999999993,461.7179891304348,4.070206471967421e-05,-1.2131126859308204e-05,-0.8660254037844384,-0.5000000000000004
navsari,Mango,2019,8,2627.4,5,465.2,15.006451612903223,5.232870728743073e-05,2019-08-01,5750.0,6537.5,2750.0,4122.222222222223,3175.0,2192.4,4469.907407407407,1917.538214351403,3939.953703703704,1437.4186012022722,-3910.1,-1494.8222222222225,2168.6999999999994,158.01798913043478,3.2052080498776885e-05,5.9323149216936185e-06,-0.8660254037844384,-0.5000000000000004
amreli,Mango,2019,8,5300.0,1,297.4,9.593548387096773,5.662337852556345e-05,2019-08-01,3000.0,2627.4,6537.5,2750.0,4305.0,4500.0,3971.6333333333328,2222.9510798335964,3848.6870370370366,1511.1933433575673,2672.6,2550.0,1849.1999999999994,-9.782010869565227,5.232870728743073e-05,1.592131380588924e-05,-0.8660254037844384,-0.5000000000000004
mahesana,Mango,2019,8,2000.0,2,404.3,13.041935483870969,4.863834769990194e-05,2019-08-01,3841.6666666666665,5300.0,2627.4,6537.5,2750.0,4500.0,4821.633333333332,1998.4610337290446,4014.52037037037,1621.826762306674,-3300.0,-4537.5,1531.4999999999993,97.11798913043481,5.662337852556345e-05,1.6586267201125057e-05,-0.8660254037844384,-0.5000000000000004
gandhinagar,Mango,2019,8,2500.0,1,428.2,13.812903225806451,4.4968491447685695e-05,2019-08-01,4875.0,2000.0,5300.0,2627.4,4122.222222222223,5433.333333333333,3309.1333333333328,1752.446933100499,3889.52037037037,1761.654948633602,500.0,-127.40000000000009,1166.8999999999992,121.01798913043478,4.863834769990194e-05,-7.360215839745034e-06,-0.8660254037844384,-0.5000000000000004
rajkot,Mango,2019,8,5750.0,4,446.3,14.396774193548389,4.9464769038724174e-05,2019-08-01,4125.0,2500.0,2000.0,5300.0,2750.0,3600.0,3266.666666666666,1778.5762095938833,3619.15,1841.4753147951753,3250.0,450.0,1129.8999999999992,139.1179891304348,4.4968491447685695e-05,-7.158609486839275e-06,-0.8660254037844384,-0.5000000000000004
girsomnath,Mango,2019,9,3000.0,2,437.8,14.593333333333334,4.197262420000229e-05,2019-09-01,4129.166666666667,5750.0,2500.0,2000.0,6537.5,5000.0,3416.666666666666,2036.1319538117725,4119.150000000001,1961.6450583630037,-2750.0,1000.0,1278.7999999999993,231.22696957671957,4.9464769038724174e-05,-6.665723499899651e-06,-1.0,-1.8369701987210297e-16
vadodara,Mango,2019,9,3841.6666666666665,6,359.5,11.983333333333333,6.204968964763722e-05,2019-09-01,3259.4,3000.0,5750.0,2500.0,2627.4,3175.0,3749.9999999999995,1750.0000000000045,3529.566666666667,1584.8460892675525,841.6666666666665,1341.6666666666665,1312.2999999999993,152.92696957671956,4.197262420000229e-05,1.7081198199951522e-05,-1.0,-1.8369701987210297e-16
rajkot,Mango,2019,9,4875.0,3,596.5999999999999,19.886666666666663,6.448370235933862e-05,2019-09-01,8683.333333333334,3841.6666666666665,3000.0,5750.0,5300.0,4305.0,4197.222222222222,1409.0563561528813,3731.944444444445,1522.9213216223093,1033.3333333333335,-875.0,1243.5999999999992,390.02696957671947,6.204968964763722e-05,1.5018933320614442e-05,-1.0,-1.8369701987210297e-16
valsad,Mango,2019,9,4125.0,2,603.7,20.12333333333333,7.277726674578762e-05,2019-09-01,1937.5,4875.0,3841.6666666666665,3000.0,2000.0,2750.0,3905.5555555555547,939.131296780493,3661.111111111111,1443.1992496097216,-750.0,1125.0,1393.8999999999992,397.1269695767196,6.448370235933862e-05,3.080464254578533e-05,-1.0,-1.8369701987210297e-16
bharuch,Mango,2019,9,4129.166666666667,6,406.6,13.553333333333336,5.0450704757393794e-05,2019-09-01,1909.5,4125.0,4875.0,3841.6666666666665,2500.0,4122.222222222223,4280.555555555555,533.9406264676007,4015.2777777777774,1193.0984017658761,4.16666666666697,287.50000000000045,1559.7999999999993,200.02696957671958,7.277726674578762e-05,-1.1598984890243423e-05,-1.0,-1.8369701987210297e-16
navsari,Mango,2019,9,3259.4,5,645.5,21.516666666666666,7.055899071301885e-05,2019-09-01,5750.0,4129.166666666667,4125.0,4875.0,5750.0,2750.0,4376.388888888888,431.8149144835001,4286.805555555556,937.2255771197246,-869.7666666666669,-1615.6,1606.8999999999992,438.92696957671956,5.0450704757393794e-05,6.075288353680233e-06,-1.0,-1.8369701987210297e-16
ahmadabad,Mango,2019,9,8683.333333333334,6,420.0,14.0,4.731467871431298e-05,2019-09-01,4400.0,3259.4,4129.166666666667,4125.0,3000.0,6537.5,3837.8555555555554,500.9615380372115,3871.7055555555557,674.2010153315291,5423.933333333334,4558.333333333334,1655.7999999999993,213.42696957671956,7.055899071301885e-05,-2.5462588031474643e-05,-1.0,-1.8369701987210297e-16
mahesana,Mango,2019,9,1937.5,2,401.4,13.38,6.180093425448374e-05,2019-09-01,2750.0,8683.333333333334,3259.4,4129.166666666667,3841.6666666666665,2627.4,5357.3,2913.073431007959,4818.927777777778,1963.7335212312807,-6745.833333333334,-2191.666666666667,1472.0999999999995,194.82696957671953,4.731467871431298e-05,1.1350229497089943e-05,-1.0,-1.8369701987210297e-16
surat,Mango,2019,9,1909.5,6,342.3,11.41,6.304016037413622e-05,2019-09-01,1100.0,1937.5,8683.333333333334,3259.4,4875.0,5300.0,4626.7444444444445,3574.7433421985165,4501.566666666667,2281.426090068324,-28.0,-1349.9,1466.8999999999994,135.72696957671957,6.180093425448374e-05,-7.518830338882631e-06,-1.0,-1.8369701987210297e-16
rajkot,Mango,2019,10,5750.0,4,29.3,0.9451612903225808,5.974101832152863e-05,2019-10-01,3871.428571428572,1909.5,1937.5,8683.333333333334,4125.0,2000.0,4176.777777777777,3902.8167048276177,4007.316666666667,2495.523343798739,3840.5,-2933.333333333334,1163.6999999999994,-5.18738938053097,6.304016037413622e-05,1.2426339607215653e-05,-0.8660254037844386,0.5000000000000001
girsomnath,Mango,2019,10,4400.0,2,30.9,0.996774193548387,4.197262420000229e-05,2019-10-01,2478.125,5750.0,1909.5,1937.5,4129.166666666667,2500.0,3198.9999999999995,2209.275163939524,4278.150000000001,2596.9665174541187,-1350.0,2462.5,772.9999999999993,-3.587389380530972,5.974101832152863e-05,-1.9828310054481446e-05,-0.8660254037844386,0.5000000000000001
surendranagar,Mango,2019,10,2750.0,1,32.9,1.0612903225806452,5.023535101038924e-05,2019-10-01,8183.333333333333,4400.0,5750.0,1909.5,3259.4,5750.0,4019.8333333333326,1948.2697665706753,4323.288888888889,2596.21269302178,-1650.0,840.5,402.4999999999993,-1.587389380530972,4.197262420000229e-05,-1.2804809363746977e-05,-0.8660254037844386,0.5000000000000001
mahesana,Mango,2019,10,1100.0,1,47.0,1.5161290322580645,5.738741140815781e-05,2019-10-01,5500.0,2750.0,4400.0,5750.0,8683.333333333334,3000.0,4299.999999999999,1502.4979201316796,4238.38888888889,2645.8167751012925,-1650.0,-4650.0,93.09999999999931,12.51261061946903,5.023535101038924e-05,-2.35360691337082e-06,-0.8660254037844386,0.5000000000000001
vadodara,Mango,2019,10,3871.428571428572,7,65.7,2.1193548387096777,6.539029630718842e-05,2019-10-01,5000.0,1100.0,2750.0,4400.0,1937.5,3841.6666666666665,2749.9999999999995,1650.000000000002,2974.5,1761.2038496437565,2771.428571428572,-528.571428571428,110.79999999999932,31.212610619469032,5.738741140815781e-05,2.3417672107186125e-05,-0.8660254037844386,0.5000000000000001
surat,Mango,2019,10,2478.125,8,70.2,2.264516129032258,6.392132017576672e-05,2019-10-01,3915.0,3871.428571428572,1100.0,2750.0,1909.5,4875.0,2573.8095238095234,1394.0898086414047,3296.821428571429,1709.6760068707106,-1393.303571428572,-271.875,145.5999999999993,35.71261061946903,6.539029630718842e-05,1.3685969165377477e-05,-0.8660254037844386,0.5000000000000001
ahmadabad,Mango,2019,10,8183.333333333333,6,18.5,0.5967741935483871,4.7615255253428885e-05,2019-10-01,2340.0,2478.125,3871.428571428572,1100.0,5750.0,4125.0,2483.1845238095234,1385.7212132021873,3391.592261904762,1631.359817650592,5705.208333333333,7083.333333333333,182.89999999999932,-15.98738938053097,6.392132017576672e-05,-9.772156154728925e-06,-0.8660254037844386,0.5000000000000001
amreli,Mango,2019,10,5500.0,1,32.4,1.0451612903225806,6.711231418138825e-05,2019-10-01,3333.333333333333,8183.333333333333,2478.125,3871.428571428572,4400.0,4129.166666666667,4844.295634920634,2974.424864424181,3797.1478174603176,2437.971199907044,-2683.333333333333,1628.571428571428,154.39999999999932,-2.087389380530972,4.7615255253428885e-05,1.7220178741998363e-06,-0.8660254037844386,0.5000000000000001
valsad,Mango,2019,10,5000.0,1,123.8,3.9935483870967743,7.036499680314234e-05,2019-10-01,6800.0,5500.0,8183.333333333333,2478.125,2750.0,3259.4,5387.1527777777765,2854.2777375995693,3980.4811507936506,2531.921246516234,-500.0,2521.875,121.09999999999931,89.31261061946903,6.711231418138825e-05,6.443676627375622e-06,-0.8660254037844386,0.5000000000000001
bharuch,Mango,2019,10,3915.0,5,67.9,2.1903225806451614,5.353456246495037e-05,2019-10-01,1200.0,5000.0,5500.0,8183.333333333333,1100.0,8683.333333333334,6227.7777777777765,1711.913592488883,4355.481150793651,2479.30275739895,-1085.0,-4268.333333333333,174.6999999999993,33.412610619469035,7.036499680314234e-05,5.919307211521483e-06,-0.8660254037844386,0.5000000000000001
navsari,Mango,2019,10,2340.0,5,81.7,2.635483870967742,7.000822373714349e-05,2019-10-01,1516.6666666666667,3915.0,5000.0,5500.0,3871.428571428572,1937.5,4804.999999999999,810.2931568266081,4824.647817460317,1949.8652655296607,-1575.0,-3160.0,224.09999999999934,47.21261061946903,5.353456246495037e-05,2.8959095557552355e-06,-0.8660254037844386,0.5000000000000001
bharuch,Mango,2019,11,3333.333333333333,3,59.6,1.9866666666666668,5.424557020671004e-05,2019-11-01,3057.1428571428573,2340.0,3915.0,5000.0,2478.125,1909.5,3751.666666666666,1337.5007788159796,4569.409722222222,2185.5819226391686,993.333333333333,-1666.666666666667,273.3999999999993,49.8049433106576,7.000822373714349e-05,-1.6119426596432298e-05,-0.5000000000000004,0.8660254037844384
ahmadabad,Mango,2019,11,6800.0,6,10.4,0.3466666666666666,4.514273753635781e-05,2019-11-01,2415.8,3333.333333333333,2340.0,3915.0,8183.333333333333,5750.0,3196.111111111111,796.4161623822787,4711.944444444444,2045.3047631279967,3466.666666666667,2885.0,209.19999999999933,0.6049433106575979,5.424557020671004e-05,-8.39182492859256e-06,-0.5000000000000004,0.8660254037844384
kheda,Mango,2019,11,1200.0,1,14.7,0.49,5.775576388106251e-05,2019-11-01,6333.333333333333,6800.0,3333.333333333333,2340.0,5500.0,4400.0,4157.777777777777,2341.5126481574907,4481.388888888889,1606.6647360523198,-5600.0,-1140.0,151.69999999999933,4.904943310657597,4.514273753635781e-05,-1.225245985608098e-05,-0.5000000000000004,0.8660254037844384
mahesana,Mango,2019,11,1516.6666666666667,3,10.4,0.3466666666666667,5.4775277837057136e-05,2019-11-01,3375.0,1200.0,6800.0,3333.333333333333,5000.0,2750.0,3777.7777777777774,2826.3312169928295,3764.722222222222,1977.6316971644706,316.66666666666674,-1816.6666666666663,84.69999999999933,0.6049433106575979,5.775576388106251e-05,5.297076303470948e-07,-0.5000000000000004,0.8660254037844384
vadodara,Mango,2019,11,3057.1428571428573,7,31.4,1.0466666666666666,6.42235737395206e-05,2019-11-01,4250.0,1516.6666666666667,1200.0,6800.0,3915.0,1100.0,3172.2222222222213,3145.7349138393974,3184.1666666666665,2052.3503464185733,1540.4761904761906,-3742.8571428571427,35.49999999999933,21.604943310657596,5.4775277837057136e-05,1.908083620316279e-05,-0.5000000000000004,0.8660254037844384
surat,Mango,2019,11,2415.8,5,61.3,2.043333333333333,6.020043022358165e-05,2019-11-01,5000.0,3057.1428571428573,1516.6666666666667,1200.0,2340.0,3871.428571428572,1924.603174603174,993.5059354829006,3041.1904761904757,2020.89456741506,-641.3428571428572,1215.8000000000002,56.49999999999933,51.504943310657595,6.42235737395206e-05,2.4446663425191386e-06,-0.5000000000000004,0.8660254037844384
rajkot,Mango,2019,11,6333.333333333333,3,11.4,0.38,5.693106886869939e-05,2019-11-01,3629.571428571429,2415.8,3057.1428571428573,1516.6666666666667,3333.333333333333,2478.125,2329.869841269841,773.8247330568801,3053.82380952381,2015.8651651428163,3917.533333333333,4816.666666666666,103.09999999999933,1.6049433106575979,6.020043022358165e-05,2.1557910316422567e-06,-0.5000000000000004,0.8660254037844384
valsad,Mango,2019,11,3375.0,1,17.7,0.59,6.579264493107062e-05,2019-11-01,2500.0,6333.333333333333,2415.8,3057.1428571428573,6800.0,8183.333333333333,3935.425396825396,2101.262006289999,3553.82380952381,2428.811189163889,-2958.333333333333,317.85714285714266,104.09999999999934,7.904943310657597,5.693106886869939e-05,1.5690711915500218e-06,-0.5000000000000004,0.8660254037844384
gandhinagar,Mango,2019,11,4250.0,2,27.6,0.92,5.785751677323661e-05,2019-11-01,3537.5,3375.0,6333.333333333333,2415.8,1200.0,5500.0,4041.3777777777773,2042.0115968038729,2982.9904761904763,1845.7970035521207,875.0,1834.1999999999998,90.39999999999932,17.8049433106576,6.579264493107062e-05,-2.3429134503450392e-06,-0.5000000000000004,0.8660254037844384
girsomnath,Mango,2019,11,5000.0,2,33.0,1.1,4.197262420000229e-05,2019-11-01,3750.3333333333335,4250.0,3375.0,6333.333333333333,1516.6666666666667,5000.0,4652.777777777777,1519.7389517550407,3491.32380952381,1667.973280372403,750.0,-1333.333333333333,56.699999999999335,23.204943310657598,5.785751677323661e-05,-1.4958444668697102e-05,-0.5000000000000004,0.8660254037844384
navsari,Mango,2019,11,3629.571428571429,7,34.7,1.1566666666666665,6.685070524458127e-05,2019-11-01,1520.0,5000.0,4250.0,3375.0,3057.1428571428573,3915.0,4208.333333333333,813.3008873309786,4071.879365079365,1432.846036218538,-1370.428571428571,254.5714285714289,78.29999999999933,24.9049433106576,4.197262420000229e-05,1.0580603135106444e-06,-0.5000000000000004,0.8660254037844384
gandhinagar,Mango,2019,12,2500.0,1,0.0,0.0,5.220916708258792e-05,2019-12-01,3850.0,3629.571428571429,5000.0,4250.0,2415.8,2340.0,4293.190476190476,686.2344207864638,4167.2841269841265,1369.4212307489604,-1129.571428571429,-1750.0,95.29999999999933,-3.6994424213174213,6.685070524458127e-05,-5.6483496906486886e-06,-2.4492935982947064e-16,1.0
bharuch,Mango,2019,12,3537.5,6,0.0,0.0,5.0800148699438615e-05,2019-12-01,6416.666666666667,2500.0,3629.571428571429,5000.0,6333.333333333333,3333.333333333333,3709.8571428571427,1251.9322453466855,4181.31746031746,1348.1491492026535,1037.5,-1462.5,67.69999999999933,-3.6994424213174213,5.220916708258792e-05,8.827524499436323e-06,-2.4492935982947064e-16,1.0
navsari,Mango,2019,12,3750.3333333333335,6,1.2,0.0387096774193548,5.988962259321217e-05,2019-12-01,2250.0,3537.5,2500.0,3629.571428571429,3375.0,6800.0,3222.3571428571427,627.2712079853171,3715.345238095238,844.7577848922424,212.83333333333348,120.76190476190459,34.699999999999335,-2.499442421317421,5.0800148699438615e-05,-6.961082651369096e-06,-2.4492935982947064e-16,1.0
surat,Mango,2019,12,1520.0,8,1.2,0.0387096774193548,5.269354569491128e-05,2019-12-01,1750.0,3750.3333333333335,3537.5,2500.0,4250.0,1200.0,3262.611111111111,668.959107148598,3777.9007936507937,828.2498024399816,-2230.3333333333335,-980.0,1.199999999999332,-2.499442421317421,5.988962259321217e-05,4.843786123233615e-07,-2.4492935982947064e-16,1.0
vadodara,Mango,2019,12,3850.0,3,0.4,0.0129032258064516,5.8514054855634245e-05,2019-12-01,4583.333333333333,1520.0,3750.3333333333335,3537.5,5000.0,1516.6666666666667,2935.944444444444,1230.8527569369405,3322.9007936507937,1188.5349813566838,2330.0,312.5,2.399999999999332,-3.2994424213174214,5.269354569491128e-05,7.71390615619563e-06,-2.4492935982947064e-16,1.0
ahmadabad,Mango,2019,12,6416.666666666667,6,0.2,0.0064516129032258,4.1205177997909736e-05,2019-12-01,3600.0,3850.0,1520.0,3750.3333333333335,3629.571428571429,3057.1428571428573,3040.111111111111,1317.3977014188663,3131.234126984127,928.206029744778,2566.666666666667,2666.3333333333335,2.799999999999332,-3.499442421317421,5.8514054855634245e-05,-1.8684444595302433e-05,-2.4492935982947064e-16,1.0
surendranagar,Mango,2019,12,2250.0,1,0.1,0.0032258064516129,4.485364669259024e-05,2019-12-01,3125.0,6416.666666666667,3850.0,1520.0,2500.0,2415.8,3928.8888888888882,2449.286366210314,3595.75,1646.74886350179,-4166.666666666667,730.0,1.7999999999993321,-3.599442421317421,4.1205177997909736e-05,-7.839899002321043e-06,-2.4492935982947064e-16,1.0
mahesana,Mango,2019,12,1750.0,2,0.1,0.0032258064516129,5.39483539914381e-05,2019-12-01,4083.3333333333335,2250.0,6416.666666666667,3850.0,3537.5,6333.333333333333,4172.222222222222,2101.9391399724614,3554.0833333333335,1682.787415602786,-500.0,-2100.0,0.6999999999993322,-3.599442421317421,4.485364669259024e-05,-4.565700864196148e-06,-2.4492935982947064e-16,1.0
rajkot,Mango,2019,12,4583.333333333333,3,0.1,0.0032258064516129,5.079674371183486e-05,2019-12-01,5600.0,1750.0,2250.0,6416.666666666667,3750.3333333333335,3375.0,3472.2222222222213,2562.1894572444926,3256.1666666666665,1837.4320697949904,2833.333333333333,-1833.333333333334,0.3999999999993321,-3.599442421317421,5.39483539914381e-05,9.591565713925124e-06,-2.4492935982947064e-16,1.0
girsomnath,Mango,2019,12,3600.0,2,6.4,0.2064516129032258,4.197262420000229e-05,2019-12-01,1775.0,4583.333333333333,1750.0,2250.0,1520.0,4250.0,2861.111111111111,1512.2952876462452,3395.0,1912.1875198607231,-983.333333333333,1350.0,0.30000000000000004,2.700557578682579,5.079674371183486e-05,-2.8810224925879466e-06,-2.4492935982947064e-16,1.0
valsad,Mango,2019,12,3125.0,1,3.7,0.1193548387096774,5.7668752650069965e-05,2019-12-01,3375.0,3600.0,4583.333333333333,1750.0,3850.0,5000.0,3311.111111111111,1438.5885572452764,3741.6666666666665,1678.549307520566,-475.0,1375.0,6.599999999999333,0.0005575786825788853,4.197262420000229e-05,3.720398658631868e-06,-2.4492935982947064e-16,1.0
surendranagar,Mango,2020,1,4083.3333333333335,3,3.6,0.1161290322580645,4.780111409955998e-05,2020-01-01,1226.0,3125.0,3600.0,4583.333333333333,6416.666666666667,3629.571428571429,3769.444444444444,743.7859857463087,3620.8333333333335,1695.2036095341973,958.3333333333335,-499.99999999999955,10.199999999999333,2.5873303167420816,5.7668752650069965e-05,-2.995629612274881e-06,0.49999999999999994,0.8660254037844387
ahmadabad,Mango,2020,1,5600.0,1,2.7,0.0870967741935483,4.694991872433266e-05,2020-01-01,6200.0,4083.3333333333335,3125.0,3600.0,2250.0,2500.0,3602.7777777777774,479.17270527597367,3231.944444444445,1082.4408717065019,1516.6666666666665,2000.0,13.699999999999333,1.6873303167420817,4.780111409955998e-05,4.97729452433037e-06,0.49999999999999994,0.8660254037844387
surat,Mango,2020,1,1775.0,1,0.2,0.0064516129032258,4.687790910114213e-05,2020-01-01,4000.0,5600.0,4083.3333333333335,3125.0,1750.0,3537.5,4269.444444444444,1247.9520260247516,3790.2777777777774,1313.8833098307648,-3825.0,-1350.0,9.999999999999332,-0.8126696832579186,4.694991872433266e-05,-1.0790843548927836e-05,0.49999999999999994,0.8660254037844387
vadodara,Mango,2020,1,3375.0,2,0.0,0.0,5.541830544026704e-05,2020-01-01,3970.0,1775.0,5600.0,4083.3333333333335,4583.333333333333,3750.3333333333335,3819.444444444444,1926.1059833922109,3794.444444444444,1306.1358048613224,1600.0,-708.3333333333335,6.499999999999332,-1.0126696832579185,4.687790910114213e-05,7.617191340707064e-06,0.49999999999999994,0.8660254037844387
surat,Mango,2020,2,1226.0,2,0.0,0.0,4.160692861898745e-05,2020-02-01,1200.0,3375.0,1775.0,5600.0,3600.0,1520.0,3583.3333333333326,1920.991497465136,3593.055555555556,1252.2137804112542,-2149.0,-4374.0,2.8999999999993324,-0.3375549656799657,5.541830544026704e-05,-5.342990105345209e-06,0.8660254037844386,0.5000000000000001
ahmadabad,Mango,2020,2,6200.0,2,0.0,0.0,4.576876473882365e-05,2020-02-01,3000.0,1226.0,3375.0,1775.0,3125.0,3850.0,2125.3333333333326,1116.5125764331206,3197.388888888889,1581.378377895077,4974.0,4425.0,0.1999999999993321,-0.3375549656799657,4.160692861898745e-05,-1.1091443623184783e-06,0.8660254037844386,0.5000000000000001
girsomnath,Mango,2020,2,4000.0,1,0.0,0.0,4.197262420000229e-05,2020-02-01,3800.0,6200.0,1226.0,3375.0,4083.3333333333335,6416.666666666667,3600.3333333333326,2494.6443300264964,3709.888888888889,1996.9118009418278,-2200.0,625.0,0.0,-0.3375549656799657,4.576876473882365e-05,-1.3445681240264752e-05,0.8660254037844386,0.5000000000000001
vadodara,Mango,2020,2,3970.0,5,0.0,0.0,5.045621608682709e-05,2020-02-01,3916.6666666666665,4000.0,6200.0,1226.0,5600.0,2250.0,3808.666666666666,2492.5138582028685,3696.0,1994.082746527835,-30.0,2744.0,0.0,-0.3375549656799657,4.197262420000229e-05,8.849287467839635e-06,0.8660254037844386,0.5000000000000001
amreli,Mango,2020,2,1200.0,1,0.0,0.0,4.0911711896084144e-05,2020-02-01,6200.0,3970.0,4000.0,6200.0,1775.0,1750.0,4723.333333333333,1278.9188142072833,3424.3333333333335,1782.6313883320522,-2770.0,-5000.0,0.0,-0.3375549656799657,5.045621608682709e-05,-4.857052842739507e-06,0.8660254037844386,0.5000000000000001
surendranagar,Mango,2020,2,3000.0,1,0.0,0.0,4.579149309465169e-05,2020-02-01,800.0,1200.0,3970.0,4000.0,3375.0,4583.333333333333,3056.666666666666,1607.9904643166699,3328.5,1900.5855676606598,1800.0,-1000.0,0.0,-0.3375549656799657,4.0911711896084144e-05,3.8188688946493965e-06,0.8660254037844386,0.5000000000000001
girsomnath,Mango,2020,3,3800.0,1,0.3,0.0096774193548387,4.197262420000229e-05,2020-03-01,2133.333333333333,3000.0,1200.0,3970.0,1226.0,3600.0,2723.3333333333326,1405.5722440818668,3266.0,1904.9115465028797,800.0,-170.0,0.0,-1.6086255656108597,4.579149309465169e-05,-8.483591886824797e-06,1.0,6.123233995736766e-17
surendranagar,Mango,2020,3,3916.6666666666665,3,5.0,0.1612903225806451,3.490564412810204e-05,2020-03-01,2633.333333333333,3800.0,3000.0,1200.0,6200.0,3125.0,2666.666666666666,1331.6656236958788,3695.0,1622.5134822244142,116.66666666666652,2716.6666666666665,0.2999999999993321,3.0913744343891403,4.197262420000229e-05,-6.006067767982106e-06,1.0,6.123233995736766e-17
ahmadabad,Mango,2020,3,6200.0,2,3.1,0.0999999999999999,3.514142870276463e-05,2020-03-01,1300.0,3916.6666666666665,3800.0,3000.0,4000.0,4083.3333333333335,3572.2222222222213,498.980441982945,3314.444444444445,1101.6284242816075,2283.3333333333335,3200.0,5.299999999999332,1.1913744343891404,3.490564412810204e-05,-1.065006439188706e-05,1.0,6.123233995736766e-17
amreli,Mango,2020,3,800.0,1,0.1,0.0032258064516129,3.259821518959986e-05,2020-03-01,3185.6666666666665,6200.0,3916.6666666666665,3800.0,3970.0,5600.0,4638.888888888888,1353.2197544019718,3681.111111111111,1619.7347748136838,-5400.0,-3000.0,8.399999999999332,-1.8086255656108596,3.514142870276463e-05,-9.374409010402433e-06,1.0,6.123233995736766e-17
surat,Mango,2020,3,2133.333333333333,3,1.4,0.0451612903225806,3.953166421880055e-05,2020-03-01,2000.0,800.0,6200.0,3916.6666666666665,1200.0,1775.0,3638.8888888888882,2710.6955510293637,3152.7777777777774,1982.9388029629881,1333.333333333333,-1783.3333333333335,8.199999999999331,-0.5086255656108598,3.259821518959986e-05,4.6260200906985134e-06,1.0,6.123233995736766e-17
vadodara,Mango,2020,3,2633.333333333333,3,2.1,0.0677419354838709,4.543229181175652e-05,2020-03-01,1600.0,2133.333333333333,800.0,6200.0,3000.0,3375.0,3044.444444444444,2812.9330942261317,3308.3333333333335,1829.8072151033937,500.0,-3566.666666666667,4.599999999999332,0.19137443438914037,3.953166421880055e-05,1.0290863108991896e-05,1.0,6.123233995736766e-17
amreli,Mango,2020,4,1300.0,2,0.0,0.0,2.9116431858045795e-05,2020-04-01,4200.0,2633.333333333333,2133.333333333333,800.0,3800.0,1226.0,1855.5555555555547,947.7067838462151,3247.222222222222,1848.194814967856,-1333.333333333333,500.0,3.599999999999332,-0.978716960352423,4.543229181175652e-05,-3.4817833315540638e-06,0.8660254037844387,-0.4999999999999998
surat,Mango,2020,4,3185.6666666666665,3,0.0,0.0,3.7689789465913e-05,2020-04-01,4262.5,1300.0,2633.333333333333,2133.333333333333,3916.6666666666665,6200.0,2022.2222222222215,673.5753140545569,2830.555555555555,1976.0346563162689,1885.6666666666665,1052.3333333333335,3.499999999999332,-0.978716960352423,2.9116431858045795e-05,-1.8418747528875482e-06,0.8660254037844387,-0.4999999999999998
valsad,Mango,2020,4,2000.0,1,0.6,0.02,3.685761381363834e-05,2020-04-01,6375.0,3185.6666666666665,1300.0,2633.333333333333,6200.0,4000.0,2372.9999999999995,969.4146572946863,2708.722222222222,1917.3404081541528,-1185.6666666666665,-633.333333333333,2.099999999999332,-0.37871696035242297,3.7689789465913e-05,-8.574677998118182e-06,0.8660254037844387,-0.4999999999999998
mahesana,Mango,2020,4,1600.0,1,0.0,0.0,3.6053723865415934e-05,2020-04-01,3000.0,2000.0,3185.6666666666665,1300.0,800.0,3970.0,2161.8888888888882,953.2002432352275,2008.722222222222,866.5146127296782,-400.0,300.0,0.5999999999993321,-0.978716960352423,3.685761381363834e-05,6.937292007370139e-06,0.8660254037844387,-0.4999999999999998
bharuch,Mango,2020,4,4200.0,2,0.0,0.0,3.156879068135987e-05,2020-04-01,9200.0,1600.0,2000.0,3185.6666666666665,2133.333333333333,1200.0,2261.8888888888882,824.6356995892378,2142.055555555555,686.0926538228056,2600.0,1014.3333333333335,0.5999999999993321,-0.978716960352423,3.6053723865415934e-05,-6.120998784553133e-06,0.8660254037844387,-0.4999999999999998
vadodara,Mango,2020,4,4262.5,4,0.0,0.0,3.976692767913327e-05,2020-04-01,3900.0,4200.0,1600.0,2000.0,2633.333333333333,3000.0,2599.9999999999995,1400.0,2486.5,1084.1423389532868,62.5,2262.5,0.5999999999993321,-0.978716960352423,3.156879068135987e-05,2.90931386549493e-06,0.8660254037844387,-0.4999999999999998
banaskantha,Mango,2020,4,6375.0,1,0.0,0.0,4.197262420000229e-05,2020-04-01,6400.0,4262.5,4200.0,1600.0,1300.0,3800.0,3354.166666666666,1519.4742786020909,2758.0277777777774,1308.9747914416162,2112.5,4775.0,0.0,-0.978716960352423,3.976692767913327e-05,5.918900334586358e-06,0.8660254037844387,-0.4999999999999998
rajkot,Mango,2020,4,3000.0,1,0.0,0.0,2.82602773687054e-05,2020-04-01,3500.0,6375.0,4262.5,4200.0,3185.6666666666665,3916.6666666666665,4945.833333333333,1238.0890853784986,3603.861111111111,1745.3431703843814,-3375.0,-1200.0,0.0,-0.978716960352423,4.197262420000229e-05,-3.30851331265447e-06,0.8660254037844387,-0.4999999999999998
ahmadabad,Mango,2020,4,9200.0,2,0.0,0.0,2.816312634585569e-05,2020-04-01,7200.0,3000.0,6375.0,4262.5,2000.0,6200.0,4545.833333333333,1705.246194346541,3572.9166666666665,1755.8547894591577,6200.0,4937.5,0.0,-0.978716960352423,2.82602773687054e-05,-1.160380133327758e-05,0.8660254037844387,-0.4999999999999998
girsomnath,Mango,2020,4,3900.0,1,0.0,0.0,4.197262420000229e-05,2020-04-01,900.0,9200.0,3000.0,6375.0,1600.0,800.0,6191.666666666667,3104.063197380715,4772.916666666667,2681.9817377578597,-5300.0,-2475.0,0.0,-0.978716960352423,2.816312634585569e-05,0.0,0.8660254037844387,-0.4999999999999998
banaskantha,Mango,2020,5,6400.0,1,0.8999999999999999,0.0290322580645161,4.197262420000229e-05,2020-05-01,3007.0,3900.0,9200.0,3000.0,4200.0,2133.333333333333,5366.666666666666,3350.124375800602,5156.25,2270.596700209001,2500.0,3400.0,0.0,-6.517019969278033,4.197262420000229e-05,1.3712346831296891e-05,0.49999999999999994,-0.8660254037844387
vadodara,Mango,2020,5,3500.0,2,0.1,0.0032258064516129,3.344214532244791e-05,2020-05-01,3500.0,6400.0,3900.0,9200.0,4262.5,2633.333333333333,6500.0,2651.4147167125816,5522.916666666667,2262.913175901071,-2900.0,-5700.0,0.899999999999332,-7.317019969278034,4.197262420000229e-05,5.279018976592221e-06,0.49999999999999994,-0.8660254037844387
ahmadabad,Mango,2020,5,7200.0,3,0.1,0.0032258064516129,2.3623283581452148e-05,2020-05-01,5000.0,3500.0,6400.0,3900.0,6375.0,1300.0,4599.999999999999,1571.6233645501813,5395.833333333333,2366.8764578377704,3700.0,3300.0,0.999999999999332,-7.317019969278034,3.344214532244791e-05,-1.8349340618550143e-05,0.49999999999999994,-0.8660254037844387
amreli,Mango,2020,5,900.0,1,0.0,0.0,2.4862334792156973e-05,2020-05-01,6250.0,7200.0,3500.0,6400.0,3000.0,3185.6666666666665,5700.0,1946.7922333931906,5533.333333333333,2457.3698676973054,-6300.0,-5500.0,1.099999999999332,-7.417019969278034,2.3623283581452148e-05,-1.7110289407845318e-05,0.49999999999999994,-0.8660254037844387
surat,Mango,2020,5,3007.0,4,0.5,0.0161290322580645,3.645630194427926e-05,2020-05-01,3700.0,900.0,7200.0,3500.0,9200.0,2000.0,3866.666666666666,3165.96483450675,5183.333333333333,2983.5660989270327,2107.0,-493.0,0.1999999999993321,-6.917019969278034,2.4862334792156973e-05,3.014156621831351e-06,0.49999999999999994,-0.8660254037844387
surendranagar,Mango,2020,5,3500.0,1,0.2,0.0064516129032258,2.512790337785965e-05,2020-05-01,1350.0,3007.0,900.0,7200.0,3900.0,1600.0,3702.3333333333326,3207.0416793882414,4151.166666666667,2311.663506366501,493.0,-3700.0,0.5999999999993321,-7.2170199692780335,3.645630194427926e-05,1.5046197964075035e-06,0.49999999999999994,-0.8660254037844387
valsad,Mango,2020,5,5000.0,1,0.6,0.0193548387096774,3.709461942957236e-05,2020-05-01,6800.0,3500.0,3007.0,900.0,6400.0,4200.0,2468.9999999999995,1380.9717593057424,4084.5,2326.0785670307873,1500.0,4100.0,0.699999999999332,-6.817019969278034,2.512790337785965e-05,1.2232284637415387e-05,0.49999999999999994,-0.8660254037844387
bharuch,Mango,2020,5,6250.0,2,0.1,0.0032258064516129,2.879386561518217e-05,2020-05-01,6725.0,5000.0,3500.0,3007.0,3500.0,4262.5,3835.666666666666,1038.0348420613602,3851.1666666666665,2107.2798026523833,1250.0,3243.0,1.2999999999993321,-7.317019969278034,3.709461942957236e-05,-7.662436329097092e-06,0.49999999999999994,-0.8660254037844387
girsomnath,Mango,2020,5,3700.0,1,0.2,0.0064516129032258,4.197262420000229e-05,2020-05-01,2802.333333333333,6250.0,5000.0,3500.0,7200.0,6375.0,4916.666666666666,1376.892636821539,4309.5,2305.376650354558,-2550.0,200.0,0.8999999999993321,-7.2170199692780335,2.879386561518217e-05,1.684472082214264e-05,0.49999999999999994,-0.8660254037844387
mahesana,Mango,2020,6,1350.0,1,41.0,1.3666666666666667,3.392357980736192e-05,2020-06-01,1000.0,3700.0,6250.0,5000.0,900.0,3000.0,4983.333333333333,1275.081696729026,3726.1666666666665,1819.2658317757375,-2350.0,-3650.0,0.8999999999993321,-84.83309782608696,4.197262420000229e-05,-3.171039622210441e-06,1.2246467991473532e-16,-1.0
ahmadabad,Mango,2020,6,6800.0,5,81.6,2.72,2.700453068926787e-05,2020-06-01,4325.0,1350.0,3700.0,6250.0,3007.0,9200.0,3766.666666666666,2450.6801776921757,3801.1666666666665,1683.676978124565,5450.0,550.0,41.29999999999933,-44.23309782608696,3.392357980736192e-05,-1.7893349259142996e-06,1.2246467991473532e-16,-1.0
bharuch,Mango,2020,6,6725.0,2,139.8,4.66,3.210143364746755e-05,2020-06-01,2750.0,6800.0,1350.0,3700.0,3500.0,3900.0,3949.9999999999995,2733.5873865673334,4433.333333333333,2006.904747781187,-75.0,3025.0,122.79999999999933,13.966902173913056,2.700453068926787e-05,-9.871190552534744e-06,1.2246467991473532e-16,-1.0
surat,Mango,2020,6,2802.333333333333,6,132.9,4.430000000000001,4.128600039192535e-05,2020-06-01,3500.0,6725.0,6800.0,1350.0,5000.0,6400.0,4958.333333333333,3125.1333304890168,4970.833333333333,2134.7374936199235,-3922.666666666667,1452.333333333333,262.39999999999935,7.06690217391305,3.210143364746755e-05,7.362420584563428e-06,1.2246467991473532e-16,-1.0
amreli,Mango,2020,6,1000.0,1,89.6,2.9866666666666664,3.271860761230986e-05,2020-06-01,2750.0,2802.333333333333,6725.0,6800.0,6250.0,3500.0,5442.444444444444,2286.710794844706,4604.555555555556,2310.0695195567578,-1802.333333333333,-5800.0,354.2999999999994,-36.23309782608696,4.128600039192535e-05,5.714076923041989e-06,1.2246467991473532e-16,-1.0
vadodara,Mango,2020,6,4325.0,4,112.6,3.753333333333333,3.8762276231057335e-05,2020-06-01,1600.0,1000.0,2802.333333333333,6725.0,3700.0,7200.0,3509.111111111111,2927.20982684371,3729.555555555556,2544.5506188425197,3325.0,-2400.0,362.29999999999933,-13.233097826086961,3.271860761230986e-05,6.660842583589787e-06,1.2246467991473532e-16,-1.0
surendranagar,Mango,2020,6,2750.0,1,65.2,2.1733333333333333,2.489050177223153e-05,2020-06-01,1100.0,4325.0,1000.0,2802.333333333333,1350.0,900.0,2709.1111111111104,1664.4590824159764,3833.7222222222226,2555.866414668347,-1575.0,-52.33333333333303,335.09999999999934,-60.63309782608695,3.8762276231057335e-05,-1.6395498619693818e-05,1.2246467991473532e-16,-1.0
girsomnath,Mango,2020,6,3500.0,1,142.1,4.736666666666666,4.197262420000229e-05,2020-06-01,7400.0,2750.0,4325.0,1000.0,6800.0,3007.0,2691.666666666666,1663.2673667613785,4067.055555555556,2338.4258277422127,750.0,2500.0,267.39999999999935,16.26690217391304,2.489050177223153e-05,9.254016587692432e-06,1.2246467991473532e-16,-1.0
surendranagar,Mango,2020,7,2750.0,1,230.7,7.441935483870967,3.8261222611583625e-05,2020-07-01,7300.0,3500.0,2750.0,4325.0,6725.0,3500.0,3524.9999999999995,787.7975628294438,3517.055555555556,1917.2242135924482,-750.0,-1575.0,319.8999999999993,-140.7292400881057,4.197262420000229e-05,-5.010536194737097e-07,-0.4999999999999997,-0.8660254037844388
mahesana,Mango,2020,7,1600.0,1,151.7,4.893548387096774,4.595611948988968e-05,2020-07-01,6500.0,2750.0,3500.0,2750.0,2802.333333333333,5000.0,2999.9999999999995,433.0127018922216,2854.555555555555,1099.342766619452,-1150.0,-1150.0,437.9999999999993,-219.7292400881057,3.8261222611583625e-05,2.106561771765815e-05,-0.4999999999999997,-0.8660254037844388
amreli,Mango,2020,7,1100.0,2,304.9,9.83548387096774,5.348506780328316e-05,2020-07-01,2501.0,1600.0,2750.0,3500.0,1000.0,6250.0,2616.666666666666,956.9918146637036,2654.1666666666665,1214.3328072100574,-500.0,-2400.0,524.4999999999993,-66.52924008810572,4.595611948988968e-05,1.1512443603280866e-05,-0.4999999999999997,-0.8660254037844388
vadodara,Mango,2020,7,7400.0,2,220.3,7.106451612903226,4.857728993262487e-05,2020-07-01,1450.0,1100.0,1600.0,2750.0,4325.0,3700.0,1816.666666666666,846.069343099792,2670.8333333333335,1187.47806997294,6300.0,4650.0,687.2999999999993,-151.1292400881057,5.348506780328316e-05,1.0316067321041246e-05,-0.4999999999999997,-0.8660254037844388
ahmadabad,Mango,2020,7,7300.0,3,211.4,6.819354838709677,3.4942667638827434e-05,2020-07-01,5750.0,7400.0,1100.0,1600.0,2750.0,1350.0,3366.666666666666,3501.9042438840816,3183.3333333333335,2240.68441924932,-100.0,5700.0,676.8999999999993,-160.0292400881057,4.857728993262487e-05,-1.1013451851062247e-05,-0.4999999999999997,-0.8660254037844388
bharuch,Mango,2020,7,6500.0,2,248.8,8.025806451612903,4.269240501429462e-05,2020-07-01,5100.0,7300.0,7400.0,1100.0,3500.0,6800.0,5266.666666666666,3608.785575970589,3941.6666666666665,2771.717277549546,-800.0,5400.0,736.5999999999993,-122.62924008810569,3.4942667638827434e-05,-1.0792662788988536e-05,-0.4999999999999997,-0.8660254037844388
surat,Mango,2020,7,2501.0,2,273.5,8.82258064516129,5.231124119015144e-05,2020-07-01,2911.0,6500.0,7300.0,7400.0,2750.0,6725.0,7066.666666666667,493.2882862317026,4441.666666666667,2941.499050937577,-3999.0,-4899.0,680.4999999999993,-97.9292400881057,4.269240501429462e-05,3.7339512575265723e-06,-0.4999999999999997,-0.8660254037844388
mahesana,Mango,2020,8,1450.0,2,708.2,22.845161290322583,4.4699258758492965e-05,2020-08-01,6250.0,2501.0,6500.0,7300.0,1600.0,2802.333333333333,5433.666666666666,2571.0698810676813,4400.166666666667,2971.740258950413,-1051.0,-5850.0,733.6999999999994,401.01798913043484,5.231124119015144e-05,9.756591119665531e-06,-0.8660254037844384,-0.5000000000000004
valsad,Mango,2020,8,5750.0,1,743.3,23.97741935483871,5.544348439719253e-05,2020-08-01,1500.0,1450.0,2501.0,6500.0,1100.0,1000.0,3483.666666666666,2664.554434297289,4375.166666666667,3000.4999861134256,4300.0,-750.0,1230.4999999999995,436.11798913043475,4.4699258758492965e-05,1.2751079382897906e-05,-0.8660254037844384,-0.5000000000000004
ahmadabad,Mango,2020,8,5100.0,4,664.0,21.41935483870968,3.650853071117915e-05,2020-08-01,3000.0,5750.0,1450.0,2501.0,7400.0,4325.0,3233.666666666666,2241.6735563710745,5150.166666666667,2552.4380828272156,-650.0,2599.0,1724.9999999999993,356.8179891304348,5.544348439719253e-05,-1.5802710478972294e-05,-0.8660254037844384,-0.5000000000000004
surat,Mango,2020,8,2911.0,11,633.6,20.43870967741936,4.8321866696095074e-05,2020-08-01,3750.0,5100.0,5750.0,1450.0,7300.0,2750.0,4099.999999999999,2317.865397299857,4766.833333333333,2307.9775056673907,-2189.0,1461.0,2115.499999999999,326.4179891304348,3.650853071117915e-05,3.6226079376021084e-06,-0.8660254037844384,-0.5000000000000004
surendranagar,Mango,2020,8,6250.0,1,773.6,24.95483870967742,4.190124032749782e-05,2020-08-01,4500.0,2911.0,5100.0,5750.0,6500.0,3500.0,4586.999999999999,1487.3994083634807,4035.3333333333335,2022.3961695638832,3339.0,500.0,2040.8999999999992,466.4179891304348,4.8321866696095074e-05,-1.3542244069694705e-05,-0.8660254037844384,-0.5000000000000004
gandhinagar,Mango,2020,8,1500.0,1,784.2,25.296774193548387,4.9331770948101697e-05,2020-08-01,1000.0,6250.0,2911.0,5100.0,2501.0,2750.0,4753.666666666666,1696.2282668713456,3993.6666666666665,1963.1699535869702,-4750.0,-3600.0,2071.1999999999994,477.01798913043484,4.190124032749782e-05,1.2823240236922548e-05,-0.8660254037844384,-0.5000000000000004
rajkot,Mango,2020,8,3000.0,1,629.1999999999999,20.296774193548384,4.866862057276055e-05,2020-08-01,5000.0,1500.0,6250.0,2911.0,1450.0,1600.0,3553.666666666666,2439.3421927506083,3826.8333333333335,2149.1161361514796,1500.0,89.0,2191.3999999999996,322.0179891304347,4.9331770948101697e-05,3.467538766654797e-07,-0.8660254037844384,-0.5000000000000004
banaskantha,Mango,2020,8,3750.0,1,588.6999999999999,18.99032258064516,4.197262420000229e-05,2020-08-01,6987.5,3000.0,1500.0,6250.0,5750.0,1100.0,3583.3333333333326,2428.1337140555806,4085.1666666666665,1882.94454689103,750.0,-2500.0,2186.9999999999995,281.5179891304347,4.866862057276055e-05,7.13838725044689e-08,-0.8660254037844384,-0.5000000000000004
girsomnath,Mango,2020,8,4500.0,1,477.4,15.4,4.197262420000229e-05,2020-08-01,800.0,3750.0,3000.0,1500.0,5100.0,7400.0,2749.9999999999995,1145.6439237389593,3751.8333333333335,1697.1388177360934,750.0,3000.0,2002.0999999999992,170.21798913043477,4.197262420000229e-05,-7.359146748099405e-06,-0.8660254037844384,-0.5000000000000004
amreli,Mango,2020,8,1000.0,1,455.8,14.703225806451613,5.22961139939749e-05,2020-08-01,2750.0,4500.0,3750.0,3000.0,2911.0,7300.0,3749.9999999999995,750.000000000011,3651.8333333333335,1617.6279444503502,-3500.0,-2000.0,1695.2999999999993,148.6179891304348,4.197262420000229e-05,3.627493421214346e-06,-0.8660254037844384,-0.5000000000000004
bharuch,Mango,2020,8,5000.0,1,480.7,15.506451612903223,4.210398975837076e-05,2020-08-01,1685.0,1000.0,4500.0,3750.0,6250.0,6500.0,3083.3333333333326,1842.7786989579997,3333.3333333333335,1947.2202409246527,4000.0,1250.0,1521.8999999999994,173.51798913043478,5.22961139939749e-05,1.3136555836847026e-07,-0.8660254037844384,-0.5000000000000004
vadodara,Mango,2020,8,6987.5,4,630.4,20.335483870967742,4.927333793702696e-05,2020-08-01,4833.333333333333,5000.0,1000.0,4500.0,1500.0,2501.0,3499.9999999999995,2179.4494717703396,3125.0,1610.5123408406391,1987.5,2487.5,1413.8999999999992,323.2179891304348,4.210398975837076e-05,7.30071373702467e-06,-0.8660254037844384,-0.5000000000000004
amreli,Mango,2020,9,800.0,1,108.9,3.63,6.667743497761665e-05,2020-09-01,2500.0,6987.5,5000.0,1000.0,3000.0,1450.0,4329.166666666666,3049.598675782333,4039.5833333333335,2011.380382142241,-6187.5,-200.0,1566.8999999999992,-97.67303042328044,4.927333793702696e-05,1.4381320983641756e-05,-1.0,-1.8369701987210297e-16
rajkot,Mango,2020,9,2750.0,1,104.0,3.466666666666667,5.787080331101549e-05,2020-09-01,5516.666666666667,800.0,6987.5,5000.0,3750.0,5750.0,4262.499999999999,3158.9901471831195,3672.9166666666665,2401.489338237142,1950.0,-2250.0,1219.9999999999993,-102.57303042328044,6.667743497761665e-05,1.576681355264473e-05,-1.0,-1.8369701987210297e-16
surat,Mango,2020,9,1685.0,4,151.5,5.05,6.117859480461674e-05,2020-09-01,3750.0,2750.0,800.0,6987.5,4500.0,5100.0,3512.4999999999995,3163.4385958952976,3506.25,2429.605806504421,-1065.0,-5302.5,843.2999999999993,-55.07303042328044,5.787080331101549e-05,1.1905256867589775e-05,-1.0,-1.8369701987210297e-16
bharuch,Mango,2020,9,4833.333333333333,3,127.4,4.246666666666666,5.346207833186723e-05,2020-09-01,3000.0,1685.0,2750.0,800.0,1000.0,2911.0,1744.9999999999993,976.38363361948,3037.0833333333335,2470.7743809718163,3148.333333333333,4033.333333333333,364.3999999999993,-79.17303042328044,6.117859480461674e-05,-1.3215356645749427e-05,-1.0,-1.8369701987210297e-16
gandhinagar,Mango,2020,9,2500.0,1,62.2,2.0733333333333333,6.505125967243858e-05,2020-09-01,3950.0,4833.333333333333,1685.0,2750.0,5000.0,6250.0,3089.444444444444,1601.379902644153,3675.9722222222226,2330.2944745166783,-2333.333333333333,-250.0,382.8999999999993,-144.37303042328045,5.346207833186723e-05,7.180456361423087e-06,-1.0,-1.8369701987210297e-16
ahmadabad,Mango,2020,9,5516.666666666667,6,65.1,2.17,4.979679720326332e-05,2020-09-01,1500.0,2500.0,4833.333333333333,1685.0,6987.5,1500.0,3006.111111111111,1634.0477462537742,3259.305555555556,2268.9008851979074,3016.666666666667,3831.666666666667,341.09999999999934,-141.47303042328045,6.505125967243858e-05,-1.1381797601353418e-05,-1.0,-1.8369701987210297e-16
banaskantha,Mango,2020,9,3750.0,1,41.4,1.38,4.197262420000229e-05,2020-09-01,2800.0,5516.666666666667,2500.0,4833.333333333333,800.0,3000.0,4283.333333333333,1581.7535978920585,3014.1666666666665,1820.7274950170622,-1766.666666666667,-1083.333333333333,254.6999999999993,-165.17303042328044,4.979679720326332e-05,-1.1489454131864937e-05,-1.0,-1.8369701987210297e-16
girsomnath,Mango,2020,9,3000.0,1,86.2,2.873333333333333,4.197262420000229e-05,2020-09-01,2565.0,3750.0,5516.666666666667,2500.0,2750.0,3750.0,3922.2222222222213,1515.6895509354267,3505.8333333333335,1467.2247991058186,-750.0,500.0,168.6999999999993,-120.37303042328044,4.197262420000229e-05,-2.3078635472436288e-05,-1.0,-1.8369701987210297e-16
vadodara,Mango,2020,9,3950.0,3,100.0,3.333333333333333,6.492687173062111e-05,2020-09-01,4480.0,3000.0,3750.0,5516.666666666667,1685.0,4500.0,4088.8888888888882,1292.1056601675657,3547.5,1444.846685446052,950.0,-1566.666666666667,192.6999999999993,-106.57303042328044,4.197262420000229e-05,1.5130074527357795e-05,-1.0,-1.8369701987210297e-16
mahesana,Mango,2020,9,1500.0,1,64.8,2.16,5.991981523747524e-05,2020-09-01,3000.0,3950.0,3000.0,3750.0,4833.333333333333,1000.0,3566.666666666666,500.8326400439046,3925.0,1120.3546065618896,-2450.0,-2250.0,227.59999999999934,-141.77303042328043,6.492687173062111e-05,1.7947191037472946e-05,-1.0,-1.8369701987210297e-16
girsomnath,Mango,2020,10,2800.0,1,21.6,0.6967741935483871,4.197262420000229e-05,2020-10-01,3750.0,1500.0,3950.0,3000.0,2500.0,5000.0,2816.666666666666,1235.2462642458522,3369.444444444444,1376.9296224517732,1300.0,-200.0,250.99999999999932,-12.88738938053097,5.991981523747524e-05,0.0,-0.8660254037844386,0.5000000000000001
surat,Mango,2020,10,2565.0,5,22.6,0.7290322580645162,5.76681945436099e-05,2020-10-01,5350.0,2800.0,1500.0,3950.0,5516.666666666667,6987.5,2749.9999999999995,1225.7650672131258,3419.444444444444,1344.098899579882,-235.0,-1385.0,186.39999999999932,-11.88738938053097,4.197262420000229e-05,-7.258677187011216e-06,-0.8660254037844386,0.5000000000000001
ahmadabad,Mango,2020,10,4480.0,5,16.7,0.5387096774193548,4.272846660597048e-05,2020-10-01,1750.0,2565.0,2800.0,1500.0,3750.0,800.0,2288.3333333333326,692.7541651504697,2927.5,884.6114966469709,1915.0,2980.0,108.99999999999933,-17.78738938053097,5.76681945436099e-05,-1.719134863150476e-05,-0.8660254037844386,0.5000000000000001
gandhinagar,Mango,2020,10,3000.0,1,12.4,0.4,5.239026133408353e-05,2020-10-01,2221.1666666666665,4480.0,2565.0,2800.0,3000.0,2750.0,3281.666666666666,1044.4177006032319,3049.1666666666665,1054.288464637009,-1480.0,200.0,60.89999999999934,-22.087389380530972,4.272846660597048e-05,1.0417637134081237e-05,-0.8660254037844386,0.5000000000000001
banaskantha,Mango,2020,10,3750.0,1,21.4,0.6903225806451614,4.197262420000229e-05,2020-10-01,4960.0,3000.0,4480.0,2565.0,3950.0,1685.0,3348.3333333333326,1003.8965750182354,3049.1666666666665,1054.288464637009,750.0,1185.0,51.699999999999335,-13.087389380530972,5.239026133408353e-05,-1.5695570343607606e-05,-0.8660254037844386,0.5000000000000001
vadodara,Mango,2020,10,5350.0,2,11.1,0.3580645161290322,6.158392439010642e-05,2020-10-01,6125.0,3750.0,3000.0,4480.0,1500.0,4833.333333333333,3743.3333333333326,740.0225221797988,3015.8333333333335,1022.802115106662,1600.0,870.0,50.49999999999933,-23.38738938053097,4.197262420000229e-05,1.8855457784135945e-05,-0.8660254037844386,0.5000000000000001
surendranagar,Mango,2020,10,1750.0,1,20.5,0.6612903225806451,4.6684519258574536e-05,2020-10-01,600.0,5350.0,3750.0,3000.0,2800.0,2500.0,4033.3333333333326,1200.3471720020655,3657.5,1087.2706654738738,-3600.0,-1250.0,44.89999999999933,-13.98738938053097,6.158392439010642e-05,-5.705742075508993e-06,-0.8660254037844386,0.5000000000000001
surat,Mango,2020,11,2221.1666666666665,6,0.0,0.0,5.419066262552572e-05,2020-11-01,2750.0,1750.0,5350.0,3750.0,2565.0,5516.666666666667,3616.666666666666,1803.6999011291618,3482.5,1313.7950753447049,471.1666666666665,-1528.8333333333335,52.99999999999933,-9.795056689342402,4.6684519258574536e-05,1.2218038425523428e-05,-0.5000000000000004,0.8660254037844384
ahmadabad,Mango,2020,11,4960.0,5,0.0,0.0,3.799517657815833e-05,2020-11-01,3750.0,2221.1666666666665,1750.0,5350.0,4480.0,3750.0,3107.0555555555547,1956.680695103981,3425.194444444445,1368.1914681500236,2738.8333333333335,-390.0,31.599999999999334,-9.795056689342402,5.419066262552572e-05,-2.3588747811948092e-05,-0.5000000000000004,0.8660254037844384
vadodara,Mango,2020,11,6125.0,2,0.1,0.0033333333333333,5.802419798656559e-05,2020-11-01,1500.0,4960.0,2221.1666666666665,1750.0,3000.0,3000.0,2977.0555555555547,1733.364072911188,3505.194444444445,1453.571656364138,1165.0,4375.0,20.499999999999332,-9.695056689342403,3.799517657815833e-05,1.1339678727991054e-05,-0.5000000000000004,0.8660254037844384
amreli,Mango,2020,11,600.0,1,0.0,0.0,4.956707150364796e-05,2020-11-01,4208.333333333333,6125.0,4960.0,2221.1666666666665,3750.0,3950.0,4435.388888888888,2004.093632302909,4026.027777777778,1763.230464600785,-5525.0,-1621.1666666666665,0.0999999999993321,-9.795056689342402,5.802419798656559e-05,-4.623591121877758e-06,-0.5000000000000004,0.8660254037844384
gandhinagar,Mango,2020,11,2750.0,2,0.0,0.0,4.672519664558684e-05,2020-11-01,4150.0,600.0,6125.0,4960.0,5350.0,1500.0,3894.9999999999995,2912.4002128828415,3501.027777777778,2260.6474009221993,2150.0,-2210.0,0.0999999999993321,-9.795056689342402,4.956707150364796e-05,8.730020067428513e-06,-0.5000000000000004,0.8660254037844384
banaskantha,Mango,2020,11,3750.0,1,0.0,0.0,4.197262420000229e-05,2020-11-01,3000.0,2750.0,600.0,6125.0,1750.0,2800.0,3158.3333333333326,2785.0418907681333,3067.694444444445,2077.0802167590564,1000.0,-2375.0,0.0999999999993321,-9.795056689342402,4.672519664558684e-05,-1.60515737865633e-05,-0.5000000000000004,0.8660254037844384
mahesana,Mango,2020,11,1500.0,1,0.0,0.0,4.807734077292547e-05,2020-11-01,5166.666666666667,3750.0,2750.0,600.0,2221.1666666666665,2565.0,2366.666666666666,1609.6065771900053,3401.027777777778,1981.6087752033602,-2250.0,900.0,0.0,-9.795056689342402,4.197262420000229e-05,-1.4897307307224918e-06,-0.5000000000000004,0.8660254037844384
bharuch,Mango,2020,11,4208.333333333333,3,0.3,0.01,5.086130094338637e-05,2020-11-01,3500.0,1500.0,3750.0,2750.0,4960.0,4480.0,2666.666666666666,1127.3124382057222,3280.8333333333335,2086.5771413170096,2708.333333333333,1458.333333333333,0.0,-9.495056689342402,4.807734077292547e-05,4.136104297799525e-06,-0.5000000000000004,0.8660254037844384
girsomnath,Mango,2020,11,4150.0,1,0.0,0.0,4.197262420000229e-05,2020-11-01,1500.0,4208.333333333333,1500.0,3750.0,6125.0,3000.0,3152.7777777777774,1449.57688590435,3155.555555555555,1985.724515599243,-58.33333333333303,400.0,0.2999999999993321,-9.795056689342402,5.086130094338637e-05,0.0,-0.5000000000000004,0.8660254037844384
rajkot,Mango,2020,11,3000.0,1,0.0,0.0,4.4862392476179017e-05,2020-11-01,4970.0,4150.0,4208.333333333333,1500.0,600.0,3750.0,3286.111111111111,1547.092553912137,2826.3888888888887,1499.1147078884262,-1150.0,1500.0,0.2999999999993321,-9.795056689342402,4.197262420000229e-05,-3.214948296746453e-06,-0.5000000000000004,0.8660254037844384
bharuch,Mango,2020,12,5166.666666666667,3,46.49999999999999,1.4999999999999998,5.0591608826335366e-05,2020-12-01,7050.0,3000.0,4150.0,4208.333333333333,2750.0,5350.0,3786.111111111111,681.4166887475835,3226.3888888888887,1034.4136378035969,2166.666666666667,958.3333333333339,0.2999999999993321,42.80055757868257,4.4862392476179017e-05,-2.696921170510018e-07,-2.4492935982947064e-16,1.0
rajkot,Mango,2020,12,3500.0,1,0.3999999999999999,0.0129032258064516,4.676790501204922e-05,2020-12-01,3875.0,5166.666666666667,3000.0,4150.0,3750.0,1750.0,4105.555555555555,1084.0168783707275,3629.1666666666665,1258.1263626696823,-1666.666666666667,-650.0,46.499999999999325,-3.2994424213174214,5.0591608826335366e-05,4.7952808120469255e-06,-2.4492935982947064e-16,1.0
gandhinagar,Mango,2020,12,1500.0,1,2.8000000000000003,0.0903225806451613,4.8809048943265815e-05,2020-12-01,2755.555555555556,3500.0,5166.666666666667,3000.0,1500.0,2221.1666666666665,3888.8888888888882,1134.4765475923498,3587.5,1257.4638276220028,-2000.0,-1500.0,46.899999999999324,-0.899442421317421,4.676790501204922e-05,3.9466564670867984e-06,-2.4492935982947064e-16,1.0
vadodara,Mango,2020,12,4970.0,5,62.9,2.029032258064516,5.660268679359269e-05,2020-12-01,2800.0,1500.0,3500.0,5166.666666666667,4208.333333333333,4960.0,3388.8888888888882,1835.8568490953703,3587.5,1257.4638276220028,3470.0,-196.66666666666697,49.69999999999933,59.20055757868258,4.8809048943265815e-05,6.011077967257325e-06,-2.4492935982947064e-16,1.0
ahmadabad,Mango,2020,12,7050.0,4,3.0,0.0967741935483871,4.077453308727723e-05,2020-12-01,5500.0,4970.0,1500.0,3500.0,4150.0,6125.0,3323.3333333333326,1741.7328536068162,3714.444444444445,1366.401058200649,2080.0,3550.0,66.09999999999934,-0.6994424213174213,5.660268679359269e-05,-5.993371924771988e-06,-2.4492935982947064e-16,1.0
banaskantha,Mango,2020,12,3875.0,1,0.4,0.0129032258064516,4.197262420000229e-05,2020-12-01,4250.0,7050.0,4970.0,1500.0,3000.0,600.0,4506.666666666666,2803.8604339969143,4197.777777777778,1942.6690307314236,-3175.0,2375.0,68.69999999999933,-3.2994424213174214,4.077453308727723e-05,-6.836424743263524e-06,-2.4492935982947064e-16,1.0
surat,Mango,2020,12,2755.555555555556,9,29.3,0.9451612903225808,5.161201811068743e-05,2020-12-01,7550.0,3875.0,7050.0,4970.0,5166.666666666667,2750.0,5298.333333333333,1612.764190243998,4343.611111111111,1866.1042059347635,-1119.444444444444,-2214.444444444444,66.29999999999933,25.60055757868258,4.197262420000229e-05,-4.990668682905262e-06,-2.4492935982947064e-16,1.0
girsomnath,Mango,2020,12,2800.0,1,11.5,0.3709677419354839,4.197262420000229e-05,2020-12-01,6000.0,2755.555555555556,3875.0,7050.0,3500.0,3750.0,4560.185185185185,2227.7056190401167,3941.759259259259,1912.4494802224956,44.44444444444389,-4250.0,32.699999999999335,7.800557578682579,5.161201811068743e-05,1.1980911127250623e-06,-2.4492935982947064e-16,1.0
bharuch,Mango,2021,1,5500.0,1,1.1,0.0354838709677419,4.6201291666387535e-05,2021-01-01,3664.285714285714,2800.0,2755.555555555556,3875.0,1500.0,1500.0,3143.5185185185182,633.8711978574622,3825.0925925925926,1965.4063889339916,2700.0,1625.0,41.199999999999335,0.08733031674208158,4.197262420000229e-05,4.2286674663852435e-06,0.49999999999999994,0.8660254037844387
surendranagar,Mango,2021,1,4250.0,3,0.0,0.0,4.44801160454146e-05,2021-01-01,3460.0,5500.0,2800.0,2755.555555555556,4970.0,4208.333333333333,3685.1851851851848,1571.8328270570014,4491.759259259259,1676.108824683254,-1250.0,1494.444444444444,41.89999999999933,-1.0126696832579185,4.6201291666387535e-05,-7.131902065272831e-06,0.49999999999999994,0.8660254037844387
banaskantha,Mango,2021,1,7550.0,1,0.0,0.0,4.197262420000229e-05,2021-01-01,3750.0,4250.0,5500.0,2800.0,7050.0,4150.0,4183.333333333333,1351.2340039139622,4371.759259259259,1660.724979895149,3300.0,4750.0,12.599999999999332,-1.0126696832579185,4.44801160454146e-05,0.0,0.49999999999999994,0.8660254037844387
surat,Mango,2021,1,6000.0,2,4.699999999999999,0.1516129032258064,5.018971224570878e-05,2021-01-01,4250.0,7550.0,4250.0,5500.0,3875.0,3000.0,5766.666666666667,1666.0832312142722,4455.092592592592,1826.2864708644588,-1550.0,500.0,1.0999999999993322,3.687330316742081,4.197262420000229e-05,3.988420579321244e-06,0.49999999999999994,0.8660254037844387
vadodara,Mango,2021,1,3664.285714285714,7,3.7,0.1193548387096774,5.528089452245534e-05,2021-01-01,7500.0,6000.0,7550.0,4250.0,2755.555555555556,5166.666666666667,5933.333333333333,1651.0097920162052,4809.259259259259,1896.0083693448,-2335.714285714286,-585.7142857142858,4.699999999999331,2.6873303167420817,5.018971224570878e-05,1.0800778477040743e-05,0.49999999999999994,0.8660254037844387
surat,Mango,2021,2,3460.0,5,0.3,0.0107142857142857,4.214543645016687e-05,2021-02-01,4645.454545454545,3664.285714285714,6000.0,7550.0,2800.0,3500.0,5738.095238095238,1956.0520074329236,4960.714285714286,1727.997248202651,-204.28571428571422,-4090.0,8.39999999999933,-0.03755496567996569,5.528089452245534e-05,1.728122501645798e-07,0.8660254037844386,0.5000000000000001
surendranagar,Mango,2021,2,3750.0,2,0.0,0.0,4.106556202315748e-05,2021-02-01,7200.0,3460.0,3664.285714285714,6000.0,5500.0,1500.0,4374.761904761904,1411.1988920507267,5070.714285714286,1577.3857861561212,290.0,-2250.0,8.699999999999331,-0.3375549656799657,4.214543645016687e-05,-9.1241502225513e-06,0.8660254037844386,0.5000000000000001
bharuch,Mango,2021,2,4250.0,2,0.0,0.0,3.927347661292845e-05,2021-02-01,5000.0,3750.0,3460.0,3664.285714285714,4250.0,4970.0,3624.761904761904,148.98522960169484,4779.047619047619,1642.578030120343,500.0,585.7142857142858,3.999999999999332,-0.3375549656799657,4.106556202315748e-05,-1.6007417909526894e-05,0.8660254037844386,0.5000000000000001
banaskantha,Mango,2021,2,7500.0,1,0.0,0.0,4.197262420000229e-05,2021-02-01,4250.0,4250.0,3750.0,3460.0,7550.0,7050.0,3819.9999999999995,399.6248240537841,4779.047619047619,1642.578030120343,3250.0,4040.0,0.2999999999993321,-0.3375549656799657,3.927347661292845e-05,-1.728122501645798e-07,0.8660254037844386,0.5000000000000001
vadodara,Mango,2021,2,4645.454545454545,11,0.0,0.0,4.890269241395938e-05,2021-02-01,4125.0,7500.0,4250.0,3750.0,6000.0,3875.0,5166.666666666666,2036.1319538117805,4770.714285714286,1625.7491208921645,-2854.545454545455,895.454545454545,0.0,-0.3375549656799657,4.197262420000229e-05,7.837130390801902e-06,0.8660254037844386,0.5000000000000001
girsomnath,Mango,2021,2,7200.0,1,0.0,0.0,4.197262420000229e-05,2021-02-01,4375.0,4645.454545454545,7500.0,4250.0,3664.285714285714,2755.555555555556,5465.151515151515,1773.2885669280813,4544.95670995671,1510.8970022817296,2554.545454545455,2950.0,0.0,-0.3375549656799657,4.890269241395938e-05,2.6991475870738444e-06,0.8660254037844386,0.5000000000000001
rajkot,Mango,2021,3,5000.0,1,0.0,0.0,2.8550860831405527e-05,2021-03-01,4421.428571428572,7200.0,4645.454545454545,7500.0,3460.0,2800.0,6448.484848484848,1568.658249981249,5134.242424242424,1766.5885943558017,-2200.0,-2500.0,0.0,-1.9086255656108597,4.197262420000229e-05,-1.3421763368596764e-05,1.0,6.123233995736766e-17
bharuch,Mango,2021,3,4250.0,2,0.0,0.0,3.3886599204508704e-05,2021-03-01,6900.0,5000.0,7200.0,4645.454545454545,3750.0,5500.0,5615.151515151515,1383.919853091092,5390.909090909091,1576.3148781386744,-750.0,-395.45454545454504,0.0,-1.9086255656108597,2.8550860831405527e-05,-1.5016093209450676e-05,1.0,6.123233995736766e-17
banaskantha,Mango,2021,3,4125.0,1,0.0,0.0,4.197262420000229e-05,2021-03-01,3250.0,4250.0,5000.0,7200.0,4250.0,4250.0,5483.333333333333,1533.242750947607,5474.242424242424,1482.6508164521388,-125.0,-3075.0,0.0,-1.9086255656108597,3.3886599204508704e-05,0.0,1.0,6.123233995736766e-17
surendranagar,Mango,2021,3,4375.0,2,0.0,0.0,3.120363648237e-05,2021-03-01,2750.0,4125.0,4250.0,5000.0,7500.0,7550.0,4458.333333333333,473.24236215005334,5453.409090909091,1504.0178627280266,250.0,-625.0,0.0,-1.9086255656108597,4.197262420000229e-05,2.6527756509644756e-06,1.0,6.123233995736766e-17
vadodara,Mango,2021,3,4421.428571428572,7,0.0,0.0,4.23784901185683e-05,2021-03-01,4250.0,4375.0,4125.0,4250.0,4645.454545454545,6000.0,4250.0,125.00000000009685,4932.575757575757,1153.8783565471729,46.42857142857156,171.42857142857156,0.0,-1.9086255656108597,3.120363648237e-05,8.491890914059598e-06,1.0,6.123233995736766e-17
girsomnath,Mango,2021,3,6900.0,1,0.0,0.0,4.197262420000229e-05,2021-03-01,13000.0,4421.428571428572,4375.0,4125.0,7200.0,3664.285714285714,4307.142857142857,159.4393877540065,4895.238095238095,1168.5584758858415,2478.5714285714284,2775.0,0.0,-1.9086255656108597,4.23784901185683e-05,0.0,1.0,6.123233995736766e-17
mahesana,Mango,2021,3,3250.0,1,0.0,0.0,3.913260974970948e-05,2021-03-01,4614.285714285715,6900.0,4421.428571428572,4375.0,5000.0,3460.0,5232.142857142856,1444.5931918003646,4845.238095238095,1050.6938102954693,-3650.0,-1125.0,0.0,-1.9086255656108597,4.197262420000229e-05,7.92897326733948e-06,1.0,6.123233995736766e-17
surat,Mango,2021,3,2750.0,1,0.0,0.0,3.735228202399172e-05,2021-03-01,1300.0,3250.0,6900.0,4421.428571428572,4250.0,3750.0,4857.142857142856,1863.601406975663,4553.571428571428,1227.2085463875085,-500.0,-1671.4285714285716,0.0,-1.9086255656108597,3.913260974970948e-05,-5.02620809457658e-06,1.0,6.123233995736766e-17
bharuch,Mango,2021,4,4250.0,2,0.0,0.0,3.179884694908415e-05,2021-04-01,5000.0,2750.0,3250.0,6900.0,4125.0,4250.0,4299.999999999999,2265.502151841844,4303.571428571428,1436.3786664627805,1500.0,-2650.0,0.0,-0.978716960352423,3.735228202399172e-05,-1.017377725091814e-05,0.8660254037844387,-0.4999999999999998
ahmadabad,Mango,2021,4,13000.0,3,0.0,0.0,2.7804788547205936e-05,2021-04-01,7000.0,4250.0,2750.0,3250.0,4375.0,7500.0,3416.666666666666,763.7626158259782,4324.404761904762,1434.1754664989537,8750.0,9750.0,0.0,-0.978716960352423,3.179884694908415e-05,-1.1327821202503546e-05,0.8660254037844387,-0.4999999999999998
vadodara,Mango,2021,4,4614.285714285715,7,0.0,0.0,3.97447593374004e-05,2021-04-01,2625.0,13000.0,4250.0,2750.0,4421.428571428572,4645.454545454545,6666.666666666667,5535.867893414132,5761.904761904762,3824.8987359322446,-8385.714285714286,1864.2857142857147,0.0,-0.978716960352423,2.7804788547205936e-05,2.3924773134086804e-06,0.8660254037844387,-0.4999999999999998
mahesana,Mango,2021,4,1300.0,1,0.0,0.0,3.654089825258179e-05,2021-04-01,5250.0,4614.285714285715,13000.0,4250.0,6900.0,7200.0,7288.095238095238,4950.0068714306835,5794.047619047618,3812.170137397151,-3314.2857142857147,-2950.0,0.0,-0.978716960352423,3.97447593374004e-05,4.74205130349764e-06,0.8660254037844387,-0.4999999999999998
rajkot,Mango,2021,4,5000.0,1,1.0,0.0333333333333333,2.7057253808259025e-05,2021-04-01,4375.0,1300.0,4614.285714285715,13000.0,3250.0,5000.0,6304.761904761905,6030.404821645497,4860.714285714285,4157.159425592905,3700.0,-8000.0,0.0,0.02128303964757705,3.654089825258179e-05,-7.475347389469105e-07,0.8660254037844387,-0.4999999999999998
girsomnath,Mango,2021,4,7000.0,1,1.8,0.06,4.197262420000229e-05,2021-04-01,4125.0,5000.0,1300.0,4614.285714285715,2750.0,4250.0,3638.095238095238,2034.013491684303,5152.380952380953,4082.2654441452732,2000.0,2385.7142857142853,0.9999999999993321,0.8212830396475771,2.7057253808259025e-05,2.227864862601888e-06,0.8660254037844387,-0.4999999999999998
surat,Mango,2021,4,2625.0,3,0.7,0.0233333333333333,3.873746346741355e-05,2021-04-01,3471.8,7000.0,5000.0,1300.0,4250.0,4125.0,4433.333333333333,2891.942830232537,5860.714285714286,3948.5769846973562,-4375.0,1325.0,2.799999999999332,-0.278716960352423,4.197262420000229e-05,2.1965652148317564e-06,0.8660254037844387,-0.4999999999999998
surendranagar,Mango,2021,4,5250.0,1,0.0,0.0,3.0496268861282783e-05,2021-04-01,4500.0,2625.0,7000.0,5000.0,13000.0,4375.0,4874.999999999999,2190.176933491915,5589.880952380953,4132.5934540506905,2625.0,250.0,3.499999999999332,-0.978716960352423,3.873746346741355e-05,3.4390150530237575e-06,0.8660254037844387,-0.4999999999999998
surendranagar,Mango,2021,5,4375.0,2,112.7,3.6354838709677417,2.673133391048581e-05,2021-05-01,2000.0,5250.0,2625.0,7000.0,4614.285714285715,4421.428571428572,4958.333333333333,2202.035043620647,4298.214285714286,2029.1319019497519,-875.0,-2625.0,2.499999999999332,105.28298003072197,3.0496268861282783e-05,-1.524129028951648e-05,0.49999999999999994,-0.8660254037844387
banaskantha,Mango,2021,5,4125.0,2,27.6,0.8903225806451613,4.197262420000229e-05,2021-05-01,4714.285714285715,4375.0,5250.0,2625.0,1300.0,6900.0,4083.3333333333326,1336.5845776954664,4258.333333333333,2024.0223977680382,-250.0,1500.0,113.39999999999934,20.182980030721968,2.673133391048581e-05,3.235160732588743e-06,0.49999999999999994,-0.8660254037844387
surat,Mango,2021,5,3471.8,5,117.6,3.793548387096775,4.0416430236484704e-05,2021-05-01,1683.3333333333333,4125.0,4375.0,5250.0,5000.0,3250.0,4583.333333333333,590.7269532816129,4729.166666666667,1443.5560836582297,-653.1999999999998,-1778.1999999999998,140.29999999999933,110.18298003072196,4.197262420000229e-05,9.920161375201921e-06,0.49999999999999994,-0.8660254037844387
rajkot,Mango,2021,5,4500.0,1,57.1,1.841935483870968,2.4918057517514427e-05,2021-05-01,2000.0,3471.8,4125.0,4375.0,7000.0,2750.0,3990.6,466.35831717686,4474.466666666666,1519.0561894369418,1028.1999999999998,125.0,257.8999999999993,49.682980030721964,4.0416430236484704e-05,-1.8132763929713841e-06,0.49999999999999994,-0.8660254037844387
gandhinagar,Mango,2021,5,2000.0,1,81.10000000000001,2.6161290322580646,4.122170302114692e-05,2021-05-01,4375.0,4500.0,3471.8,4125.0,2625.0,4250.0,4032.2666666666664,520.3349049731017,4057.7999999999997,907.5599374146093,-2500.0,-2125.0,202.29999999999933,73.68298003072198,2.4918057517514427e-05,-7.50921178855368e-07,0.49999999999999994,-0.8660254037844387
vadodara,Mango,2021,5,4714.285714285715,7,91.9,2.9645161290322584,3.7651045281740335e-05,2021-05-01,11000.0,2000.0,4500.0,3471.8,5250.0,13000.0,3323.933333333333,1256.5422449457692,3953.633333333333,1116.6777541738147,2714.2857142857147,1242.4857142857145,255.79999999999933,84.48298003072198,4.122170302114692e-05,-2.7653849547443692e-06,0.49999999999999994,-0.8660254037844387
mahesana,Mango,2021,5,1683.3333333333333,3,50.8,1.638709677419355,3.654688574492541e-05,2021-05-01,7625.0,4714.285714285715,2000.0,4500.0,4375.0,4614.285714285715,3738.095238095238,1509.0430359515165,3864.347619047619,1008.4681364212145,-3030.9523809523816,-2816.666666666667,230.09999999999934,43.38298003072197,3.7651045281740335e-05,1.1628828227410982e-05,0.49999999999999994,-0.8660254037844387
mahesana,Mango,2021,6,2000.0,1,95.5,3.183333333333333,3.552432728167695e-05,2021-06-01,3125.0,1683.3333333333333,4714.285714285715,2000.0,4125.0,1300.0,2799.2063492063485,1666.0480711429198,3415.736507936508,1294.1086350942674,316.66666666666674,0.0,223.79999999999933,-30.333097826086956,3.654688574492541e-05,-5.69737573946997e-06,1.2246467991473532e-16,-1.0
surendranagar,Mango,2021,6,4375.0,2,88.2,2.94,2.5406980374930072e-05,2021-06-01,3666.6666666666665,2000.0,1683.3333333333333,4714.285714285715,3471.8,5000.0,2799.2063492063485,1666.0480711429198,3061.5698412698416,1350.721051082806,2375.0,-339.2857142857147,238.1999999999993,-37.63309782608695,3.552432728167695e-05,-1.2244064906810263e-05,1.2246467991473532e-16,-1.0
ahmadabad,Mango,2021,6,11000.0,4,117.9,3.93,2.640223378909725e-05,2021-06-01,3920.0,4375.0,2000.0,1683.3333333333333,4500.0,7000.0,2686.1111111111104,1471.1657635031177,3212.1031746031745,1452.1077839647237,6625.0,9316.666666666666,234.49999999999932,-7.93309782608695,2.5406980374930072e-05,-1.014465195582816e-05,1.2246467991473532e-16,-1.0
banaskantha,Mango,2021,6,7625.0,1,26.5,0.8833333333333333,4.197262420000229e-05,2021-06-01,4509.0,11000.0,4375.0,2000.0,2000.0,2625.0,5791.666666666667,4664.247885065008,4295.436507936508,3535.366378319137,-3375.0,5625.0,301.59999999999934,-99.33309782608696,2.640223378909725e-05,6.448296918325338e-06,1.2246467991473532e-16,-1.0
rajkot,Mango,2021,6,3125.0,2,58.6,1.9533333333333327,2.6046967175692166e-05,2021-06-01,3349.333333333333,7625.0,11000.0,4375.0,4714.285714285715,5250.0,7666.666666666667,3312.696535050174,5232.936507936508,3550.7070825530286,-4500.0,-1250.0,232.5999999999993,-67.23309782608695,4.197262420000229e-05,6.399868007620944e-07,1.2246467991473532e-16,-1.0
bharuch,Mango,2021,6,3666.6666666666665,3,88.1,2.9366666666666665,3.684214557885391e-05,2021-06-01,5000.0,3125.0,7625.0,11000.0,1683.3333333333333,4375.0,7250.0,3950.870157319788,4968.055555555556,3654.887962512468,541.6666666666665,-7333.333333333334,202.99999999999932,-37.73309782608696,2.6046967175692166e-05,1.0439911789756659e-05,1.2246467991473532e-16,-1.0
vadodara,Mango,2021,6,3920.0,5,142.79999999999998,4.76,3.712255292356545e-05,2021-06-01,1500.0,3666.6666666666665,3125.0,7625.0,2000.0,4125.0,4805.555555555555,2456.6849464117245,5298.61111111111,3377.5624702943346,253.33333333333348,-3705.0,173.1999999999993,16.966902173913027,3.684214557885391e-05,-4.850071276436843e-06,1.2246467991473532e-16,-1.0
surat,Mango,2021,6,4509.0,3,224.9,7.496666666666667,4.724020495411762e-05,2021-06-01,5358.333333333333,3920.0,3666.6666666666665,3125.0,4375.0,3471.8,3570.5555555555547,406.12099091193204,5618.61111111111,3080.421222399209,589.0,1384.0,289.4999999999993,99.06690217391305,3.712255292356545e-05,2.119323777842545e-05,1.2246467991473532e-16,-1.0
surat,Mango,2021,7,3349.333333333333,6,256.4,8.270967741935483,3.667603852039543e-05,2021-07-01,5278.571428571428,4509.0,3920.0,3666.6666666666665,11000.0,4500.0,4031.8888888888882,432.1697625976873,5640.944444444444,3070.0700347905013,-1159.666666666667,-317.3333333333335,455.7999999999993,-115.02924008810572,4.724020495411762e-05,-1.6610705845847772e-07,-0.4999999999999997,-0.8660254037844388
rajkot,Mango,2021,7,5000.0,1,147.6,4.761290322580645,3.362579644768984e-05,2021-07-01,1700.0,3349.333333333333,4509.0,3920.0,7625.0,2000.0,3926.111111111111,579.857485683974,4365.833333333333,1667.5254154318377,1650.666666666667,1080.0,624.0999999999992,-223.8292400881057,3.667603852039543e-05,-3.4967564758756083e-06,-0.4999999999999997,-0.8660254037844388
gandhinagar,Mango,2021,7,1500.0,1,284.0,9.161290322580646,3.605519155760368e-05,2021-07-01,4083.3333333333335,5000.0,3349.333333333333,4509.0,3125.0,4714.285714285715,4286.11111111111,847.6052758824387,3928.3333333333335,712.006679119737,-3500.0,-3009.0,628.8999999999993,-87.4292400881057,3.362579644768984e-05,-1.1185013396513935e-05,-0.4999999999999997,-0.8660254037844388
banaskantha,Mango,2021,7,5358.333333333333,3,133.9,4.319354838709677,4.197262420000229e-05,2021-07-01,6000.0,1500.0,5000.0,3349.333333333333,3666.6666666666665,1683.3333333333333,3283.111111111111,1750.9394726937496,3657.5,1212.1156481311693,3858.333333333333,2009.0,687.9999999999993,-237.5292400881057,3.605519155760368e-05,5.2965856796068615e-06,-0.4999999999999997,-0.8660254037844388
vadodara,Mango,2021,7,5278.571428571428,7,187.2,6.038709677419355,2.746356778934461e-05,2021-07-01,9400.0,5358.333333333333,1500.0,5000.0,3920.0,2000.0,3952.7777777777774,2131.7105372950737,3939.444444444444,1397.277045091898,-79.76190476190459,278.57142857142844,565.4999999999993,-184.2292400881057,4.197262420000229e-05,-6.162228658345232e-06,-0.4999999999999997,-0.8660254037844388
mahesana,Mango,2021,7,1700.0,2,156.2,5.038709677419354,3.378181916957304e-05,2021-07-01,4416.666666666667,5278.571428571428,5358.333333333333,1500.0,4509.0,4375.0,4045.63492063492,2204.945203906396,4165.873015873016,1499.8119421544773,-3578.5714285714284,200.0,605.0999999999993,-215.2292400881057,2.746356778934461e-05,-2.273372388030639e-06,-0.4999999999999997,-0.8660254037844388
surendranagar,Mango,2021,7,4083.3333333333335,3,252.5,8.14516129032258,2.9238691623651552e-05,2021-07-01,4077.5,1700.0,5278.571428571428,5358.333333333333,3349.333333333333,11000.0,4112.301587301587,2089.4950828935125,3697.7063492063494,1782.9690264081323,2383.3333333333335,-1274.9999999999995,477.2999999999993,-118.9292400881057,3.378181916957304e-05,-1.273393257635074e-05,-0.4999999999999997,-0.8660254037844388
bharuch,Mango,2021,7,6000.0,1,164.9,5.319354838709677,2.850492398775627e-05,2021-07-01,2725.0,4083.3333333333335,1700.0,5278.571428571428,5000.0,7625.0,3687.3015873015866,1821.860100349554,3820.0396825396824,1779.4630927156413,1916.6666666666665,721.4285714285716,595.8999999999993,-206.5292400881057,2.9238691623651552e-05,1.0413561984116602e-06,-0.4999999999999997,-0.8660254037844388
ahmadabad,Mango,2021,8,9400.0,3,37.2,1.2000000000000002,3.721056149544299e-05,2021-08-01,1800.0,6000.0,4083.3333333333335,1700.0,1500.0,3125.0,3927.7777777777774,2154.216365212228,3986.7063492063494,1950.6767266740821,3400.0,7700.0,573.5999999999992,-269.9820108695652,2.850492398775627e-05,3.4287423258699443e-06,-0.8660254037844384,-0.5000000000000004
surendranagar,Mango,2021,8,4416.666666666667,3,36.400000000000006,1.1741935483870969,3.851847279770923e-05,2021-08-01,5375.0,9400.0,6000.0,4083.3333333333335,5358.333333333333,3666.6666666666665,6494.444444444444,2692.5995975251594,5303.373015873016,2519.6853563813356,-4983.333333333333,333.3333333333335,454.59999999999934,-270.78201086956517,3.721056149544299e-05,9.279781174057675e-06,-0.8660254037844384,-0.5000000000000004
surat,Mango,2021,8,4077.5,2,170.1,5.487096774193549,4.459006058972638e-05,2021-08-01,2250.0,4416.666666666667,9400.0,6000.0,5278.571428571428,3920.0,6605.555555555555,2546.2572387576997,5146.428571428572,2544.779347495116,-339.16666666666697,-1922.5,238.49999999999932,-137.0820108695652,3.851847279770923e-05,1.6085136601970108e-05,-0.8660254037844384,-0.5000000000000004
bharuch,Mango,2021,8,2725.0,3,95.5,3.0806451612903225,3.755986689294196e-05,2021-08-01,4393.75,4077.5,4416.666666666667,9400.0,1700.0,4509.0,5964.722222222222,2979.867205902785,4946.25,2579.311048732032,-1352.5,-6675.0,243.69999999999933,-211.6820108695652,4.459006058972638e-05,3.493053974989763e-07,-0.8660254037844384,-0.5000000000000004
mahesana,Mango,2021,8,1800.0,2,54.0,1.7419354838709675,5.099796284697945e-05,2021-08-01,3000.0,2725.0,4077.5,4416.666666666667,4083.3333333333335,3349.333333333333,3739.7222222222213,894.988490511575,5117.083333333333,2344.565450734486,-925.0,-2616.666666666667,301.9999999999993,-253.1820108695652,3.755986689294196e-05,1.247949004927022e-05,-0.8660254037844384,-0.5000000000000004
banaskantha,Mango,2021,8,5375.0,3,49.9,1.6096774193548389,4.197262420000229e-05,2021-08-01,4794.0,1800.0,2725.0,4077.5,6000.0,5000.0,2867.4999999999995,1145.4175003028522,4736.527777777778,2703.71608555638,3575.0,1297.5,319.59999999999934,-257.2820108695652,5.099796284697945e-05,-2.6174363897240856e-06,-0.8660254037844384,-0.5000000000000004
rajkot,Mango,2021,8,2250.0,1,39.4,1.270967741935484,4.617449114008287e-05,2021-08-01,4375.0,5375.0,1800.0,2725.0,9400.0,1500.0,3299.9999999999995,1855.5659514013607,4632.361111111111,2656.9374818402157,-3125.0,-475.0,199.39999999999932,-267.7820108695652,4.197262420000229e-05,8.614624247140907e-06,-0.8660254037844384,-0.5000000000000004
vadodara,Mango,2021,8,4393.75,8,106.0,3.419354838709677,4.449316765320039e-05,2021-08-01,4500.0,2250.0,5375.0,1800.0,4416.666666666667,5358.333333333333,3141.666666666666,1947.1667451282565,3440.694444444445,1394.3766445447395,2143.75,2593.75,143.29999999999933,-201.1820108695652,4.617449114008287e-05,-6.504795193779053e-06,-0.8660254037844384,-0.5000000000000004
gandhinagar,Mango,2021,8,3000.0,1,75.7,2.441935483870968,5.069001970528377e-05,2021-08-01,6012.5,4393.75,2250.0,5375.0,4077.5,5278.571428571428,4006.2499999999995,1598.1312328779636,3436.875,1391.1963713832763,-1393.75,-2375.0,195.29999999999933,-231.48201086956522,4.449316765320039e-05,8.717395505281477e-06,-0.8660254037844384,-0.5000000000000004
surat,Mango,2021,9,4794.0,5,684.3,22.81,5.688010731386276e-05,2021-09-01,2300.0,3000.0,4393.75,2250.0,2725.0,1700.0,3214.5833333333326,1087.865120698963,3257.2916666666665,1361.1829452416225,1794.0,2544.0,221.0999999999993,477.7269695767195,5.069001970528377e-05,1.0705616173779893e-05,-1.0,-1.8369701987210297e-16
rajkot,Mango,2021,9,4375.0,2,668.3,22.276666666666664,5.708368267718238e-05,2021-09-01,4858.333333333333,4794.0,3000.0,4393.75,1800.0,4083.3333333333335,4062.5833333333326,941.7337844812479,3602.125,1457.9967742591198,-419.0,-18.75,865.9999999999993,461.7269695767195,5.688010731386276e-05,1.2590515023981985e-05,-1.0,-1.8369701987210297e-16
bharuch,Mango,2021,9,4500.0,2,551.8,18.39333333333333,4.769518562111287e-05,2021-09-01,3875.0,4375.0,4794.0,3000.0,5375.0,6000.0,4056.3333333333326,938.4936511950273,4031.2916666666665,1172.4632234815185,125.0,1500.0,1428.2999999999993,345.2269695767195,5.708368267718238e-05,-2.9948340841708974e-06,-1.0,-1.8369701987210297e-16
banaskantha,Mango,2021,9,6012.5,2,348.1,11.603333333333332,4.197262420000229e-05,2021-09-01,4464.75,4500.0,4375.0,4794.0,2250.0,9400.0,4556.333333333333,215.10540052117736,3885.4583333333335,1015.8623235540683,1512.5,1218.5,1904.3999999999992,141.52696957671958,4.769518562111287e-05,-1.4907483113860472e-05,-1.0,-1.8369701987210297e-16
mahesana,Mango,2021,9,2300.0,2,373.0,12.433333333333334,6.392275000662415e-05,2021-09-01,8100.0,6012.5,4500.0,4375.0,4393.75,4416.666666666667,4962.499999999999,911.4720237067323,4512.541666666667,964.3715624263725,-3712.5,-2075.0,1568.1999999999994,166.42696957671956,4.197262420000229e-05,6.839067329441772e-06,-1.0,-1.8369701987210297e-16
vadodara,Mango,2021,9,4858.333333333333,6,454.7,15.156666666666666,6.100457148837781e-05,2021-09-01,1500.0,2300.0,6012.5,4500.0,3000.0,4077.5,4270.833333333333,1866.829419988172,4163.583333333333,1326.6996802843798,2558.333333333333,358.33333333333303,1272.8999999999992,248.12696957671955,6.392275000662415e-05,1.3309385867264936e-05,-1.0,-1.8369701987210297e-16
surendranagar,Mango,2021,9,3875.0,2,477.0,15.9,5.467478514791733e-05,2021-09-01,4208.333333333333,4858.333333333333,2300.0,6012.5,4794.0,2725.0,4390.277777777777,1899.9923854623357,4473.305555555556,1212.7526101882995,-983.333333333333,-2137.5,1175.7999999999993,270.42696957671956,6.100457148837781e-05,1.2702160947915038e-05,-1.0,-1.8369701987210297e-16
surat,Mango,2021,10,4464.75,4,60.0,1.935483870967742,6.319482939040083e-05,2021-10-01,4425.0,3875.0,4858.333333333333,2300.0,4375.0,1800.0,3677.7777777777774,1290.5192035823613,4320.138888888889,1222.1463833794296,589.75,2164.75,1304.6999999999994,25.51261061946903,5.467478514791733e-05,-7.279206162233182e-07,-0.8660254037844386,0.5000000000000001
ahmadabad,Mango,2021,10,8100.0,2,9.7,0.3129032258064516,4.864621774215967e-05,2021-10-01,3500.0,4464.75,3875.0,4858.333333333333,4500.0,5375.0,4399.36111111111,494.9170548725776,4335.097222222222,1223.500636171872,3635.25,3241.666666666667,991.6999999999994,-24.78738938053097,6.319482939040083e-05,-1.2358353746218135e-05,-0.8660254037844386,0.5000000000000001
gandhinagar,Mango,2021,10,1500.0,1,5.1,0.164516129032258,6.056455022381651e-05,2021-10-01,5571.666666666667,8100.0,4464.75,3875.0,6012.5,2250.0,5479.916666666667,2288.13871319756,4935.097222222222,1973.4269195267877,-6600.0,-2375.0,546.6999999999992,-29.38738938053097,4.864621774215967e-05,5.8897650758991835e-06,-0.8660254037844386,0.5000000000000001
surendranagar,Mango,2021,10,4208.333333333333,3,11.5,0.3709677419354839,5.144550603892302e-05,2021-10-01,3750.0,1500.0,8100.0,4464.75,2300.0,4393.75,4688.25,3305.671518390786,4183.013888888889,2311.596382262862,2708.333333333333,-256.41666666666697,74.79999999999932,-22.98738938053097,6.056455022381651e-05,-1.1749323351477815e-05,-0.8660254037844386,0.5000000000000001
banaskantha,Mango,2021,10,4425.0,1,1.0,0.032258064516129,4.197262420000229e-05,2021-10-01,4750.0,4208.333333333333,1500.0,8100.0,4858.333333333333,3000.0,4602.777777777777,3317.6331645941295,4501.069444444444,2124.3979345901175,216.66666666666697,-3675.0,26.299999999999315,-33.48738938053097,5.144550603892302e-05,-6.673593542157381e-06,-0.8660254037844386,0.5000000000000001
rajkot,Mango,2021,10,3500.0,1,12.8,0.4129032258064515,5.519827447033211e-05,2021-10-01,1500.0,4425.0,4208.333333333333,1500.0,3875.0,4794.0,3377.7777777777774,1629.8077028128762,4428.847222222222,2117.1766907951524,-925.0,2000.0,17.59999999999932,-21.68738938053097,4.197262420000229e-05,-5.3662757534844006e-06,-0.8660254037844386,0.5000000000000001
vadodara,Mango,2021,10,5571.666666666667,6,27.5,0.8870967741935484,6.670206101958515e-05,2021-10-01,4450.0,3500.0,4425.0,4208.333333333333,4464.75,4375.0,4044.444444444444,483.7881002318746,4366.347222222222,2142.183867780645,2071.666666666667,1363.333333333334,25.29999999999932,-6.987389380530971,5.519827447033211e-05,1.5256554980662132e-05,-0.8660254037844386,0.5000000000000001
mahesana,Mango,2021,10,3750.0,1,4.0,0.1290322580645161,5.816211449737448e-05,2021-10-01,4402.0,5571.666666666667,3500.0,4425.0,8100.0,4500.0,4498.888888888888,1037.8079641101308,4550.833333333333,2199.2571346808136,-1821.666666666667,-675.0,41.299999999999315,-30.48738938053097,6.670206101958515e-05,1.618949029737219e-05,-0.8660254037844386,0.5000000000000001
rajkot,Mango,2021,11,4750.0,1,8.7,0.29,4.646265625161839e-05,2021-11-01,4625.0,3750.0,5571.666666666667,3500.0,1500.0,6012.5,4273.888888888888,1130.8383484700248,3825.8333333333335,1347.1941005083297,1000.0,1250.0,44.299999999999315,-1.0950566893424032,5.816211449737448e-05,-8.73561821871372e-06,-0.5000000000000004,0.8660254037844384
mahesana,Mango,2021,11,1500.0,1,17.2,0.5733333333333334,5.061966529006276e-05,2021-11-01,4650.0,4750.0,3750.0,5571.666666666667,4208.333333333333,2300.0,4690.555555555555,912.2870121801789,4367.5,742.8090452988517,-3250.0,-4071.666666666667,40.19999999999932,7.404943310657597,4.646265625161839e-05,-1.6082395729522393e-05,-0.5000000000000004,0.8660254037844384
bharuch,Mango,2021,11,4450.0,2,25.700000000000003,0.8566666666666668,5.092951377991958e-05,2021-11-01,5850.0,1500.0,4750.0,3750.0,4425.0,4858.333333333333,3333.333333333332,1664.5820296198597,3916.1111111111113,1395.2445690298932,2950.0,700.0,29.899999999999316,15.9049433106576,5.061966529006276e-05,-7.2326007174549e-06,-0.5000000000000004,0.8660254037844384
surat,Mango,2021,11,4402.0,2,24.7,0.8233333333333334,5.662838493614744e-05,2021-11-01,4866.666666666667,4450.0,1500.0,4750.0,3500.0,3875.0,3566.666666666666,1796.0605038064205,3920.277777777778,1397.104313558214,-48.0,-348.0,51.59999999999932,14.904943310657597,5.092951377991958e-05,1.0165728684529046e-05,-0.5000000000000004,0.8660254037844384
surendranagar,Mango,2021,11,4625.0,2,5.9,0.1966666666666666,4.543290224085974e-05,2021-11-01,8000.0,4402.0,4450.0,1500.0,5571.666666666667,4464.75,3450.666666666666,1689.4973611501653,4070.6111111111113,1391.3536241399652,223.0,3125.0,67.59999999999933,-3.895056689342402,5.662838493614744e-05,-5.186763049203014e-06,-0.5000000000000004,0.8660254037844384
vadodara,Mango,2021,11,4650.0,4,26.4,0.88,6.145642822950145e-05,2021-11-01,4218.75,4625.0,4402.0,4450.0,3750.0,8100.0,4492.333333333333,117.37262599677133,3912.8333333333335,1231.595780549232,25.0,200.0,56.29999999999932,16.604943310657596,4.543290224085974e-05,1.0526914449581867e-05,-0.5000000000000004,0.8660254037844384
banaskantha,Mango,2021,12,5850.0,2,12.6,0.4064516129032258,4.197262420000229e-05,2021-12-01,2000.0,4650.0,4625.0,4402.0,4750.0,1500.0,4558.999999999999,136.53937161143347,4062.8333333333335,1262.2235010752552,1200.0,1448.0,56.99999999999932,8.900557578682578,6.145642822950145e-05,-1.4655760736145147e-05,-2.4492935982947064e-16,1.0
vadodara,Mango,2021,12,4866.666666666667,6,23.8,0.767741935483871,6.042924719504152e-05,2021-12-01,3000.0,5850.0,4650.0,4625.0,1500.0,4208.333333333333,5041.666666666666,700.148793709867,4246.166666666667,1448.1809854664846,-983.333333333333,241.66666666666697,44.89999999999932,20.10055757868258,4.197262420000229e-05,1.499634495418178e-05,-2.4492935982947064e-16,1.0
ahmadabad,Mango,2021,12,8000.0,2,12.9,0.4161290322580645,4.093812746003217e-05,2021-12-01,4025.0,4866.666666666667,5850.0,4650.0,4450.0,4425.0,5122.222222222222,639.5165998483001,4807.277777777778,536.7784735155202,3133.333333333333,3350.0,62.799999999999315,9.200557578682579,6.042924719504152e-05,-2.0518300769469276e-05,-2.4492935982947064e-16,1.0
surendranagar,Mango,2021,12,4218.75,4,19.8,0.6387096774193549,4.344908344826794e-05,2021-12-01,2550.0,8000.0,4866.666666666667,5850.0,4402.0,3500.0,6238.888888888888,1602.4576032988912,5398.944444444444,1371.5733126055948,-3781.25,-1631.25,49.299999999999315,16.10055757868258,4.093812746003217e-05,1.476459248265648e-06,-2.4492935982947064e-16,1.0
mahesana,Mango,2021,12,2000.0,1,14.1,0.4548387096774193,5.438568901634237e-05,2021-12-01,1500.0,4218.75,8000.0,4866.666666666667,4625.0,5571.666666666667,5695.138888888888,2022.1863311451846,5368.402777777778,1399.9593351402493,-2218.75,-2866.666666666667,56.49999999999932,10.400557578682578,4.344908344826794e-05,-6.0435581786991534e-06,-2.4492935982947064e-16,1.0
gandhinagar,Mango,2021,12,3000.0,1,5.1,0.164516129032258,5.008570280919646e-05,2021-12-01,1500.0,2000.0,4218.75,8000.0,4650.0,3750.0,4739.583333333332,3033.718925812571,4930.902777777778,1972.0285385138288,1000.0,-5000.0,46.79999999999932,1.4005575786825784,5.438568901634237e-05,9.147575349164286e-06,-2.4492935982947064e-16,1.0
surat,Mango,2021,12,4025.0,5,44.5,1.435483870967742,5.526083465415303e-05,2021-12-01,5200.0,3000.0,2000.0,4218.75,5850.0,4750.0,3072.916666666666,1111.1707883279544,4655.902777777778,2127.9197329895496,1025.0,-193.75,38.99999999999932,40.80055757868258,5.008570280919646e-05,1.1811751205885094e-05,-2.4492935982947064e-16,1.0
bharuch,Mango,2021,12,2550.0,2,29.6,0.9548387096774192,5.196593384077753e-05,2021-12-01,2000.0,4025.0,3000.0,2000.0,4866.666666666667,1500.0,3008.3333333333326,1012.525719837954,4351.736111111111,2052.183126451135,-1475.0,550.0,63.699999999999314,25.90055757868258,5.526083465415303e-05,-2.419755175564841e-06,-2.4492935982947064e-16,1.0
mahesana,Mango,2022,1,1500.0,1,20.3,0.6548387096774194,5.846760095520131e-05,2022-01-01,16000.0,2550.0,4025.0,3000.0,8000.0,4450.0,3191.666666666666,755.9486314117962,3965.625,2151.4593521026627,-1050.0,-1500.0,79.1999999999993,19.287330316742082,5.196593384077753e-05,8.381898146004848e-06,0.49999999999999994,0.8660254037844387
gandhinagar,Mango,2022,1,1500.0,1,6.3,0.2032258064516129,5.3874012303409206e-05,2022-01-01,3337.5,1500.0,2550.0,4025.0,4218.75,4402.0,2691.666666666666,1268.4472134595767,2882.2916666666665,1086.7699896558875,0.0,-2525.0,94.39999999999932,5.287330316742081,5.846760095520131e-05,-1.3868223507438262e-06,0.49999999999999994,0.8660254037844387
vadodara,Mango,2022,1,5200.0,3,4.0,0.1290322580645161,5.686572181374252e-05,2022-01-01,6250.0,1500.0,1500.0,2550.0,2000.0,4625.0,1849.9999999999993,606.217782649129,2429.1666666666665,979.5938784346553,3700.0,2650.0,56.19999999999932,2.9873303167420815,5.3874012303409206e-05,4.899787972964989e-06,0.49999999999999994,0.8660254037844387
surat,Mango,2022,1,2000.0,1,1.5,0.0483870967741935,5.0102904813977184e-05,2022-01-01,14500.0,5200.0,1500.0,1500.0,3000.0,4650.0,2733.3333333333326,2136.195996001623,2962.5,1454.9699309607715,-3200.0,500.0,30.59999999999932,0.4873303167420815,5.686572181374252e-05,-8.364696141224123e-06,0.49999999999999994,0.8660254037844387
porbandar,Mango,2022,1,16000.0,2,10.5,0.3387096774193548,5.5875753102412425e-05,2022-01-01,6625.0,2000.0,5200.0,1500.0,4025.0,5850.0,2899.9999999999995,2007.4859899884814,2795.8333333333335,1506.1886225392411,14000.0,14500.0,11.799999999999319,9.487330316742081,5.0102904813977184e-05,2.001740799003219e-06,0.49999999999999994,0.8660254037844387
vadodara,Mango,2022,2,3337.5,4,0.0,0.0,5.070106152632846e-05,2022-02-01,7000.0,16000.0,2000.0,5200.0,2550.0,4866.666666666667,7733.333333333333,7335.757175188762,4791.666666666667,5661.838629514858,-12662.5,-1862.5,15.999999999999318,-0.3375549656799657,5.5875753102412425e-05,-6.164660287414057e-06,0.8660254037844386,0.5000000000000001
valsad,Mango,2022,2,6250.0,1,0.0,0.0,4.542372516900302e-05,2022-02-01,1500.0,3337.5,16000.0,2000.0,1500.0,8000.0,7112.5,7725.798906909244,4922.916666666667,5608.3554667715825,2912.5,4250.0,11.999999999999318,-0.3375549656799657,5.070106152632846e-05,-4.679179644974163e-06,0.8660254037844386,0.5000000000000001
porbandar,Mango,2022,2,14500.0,3,0.0,0.0,4.621049021824886e-05,2022-02-01,7000.0,6250.0,3337.5,16000.0,1500.0,4218.75,8529.166666666666,6631.792901119078,5714.583333333333,5358.220417420946,8250.0,-1500.0,10.499999999999318,-0.3375549656799657,4.542372516900302e-05,-9.665262884163565e-06,0.8660254037844386,0.5000000000000001
banaskantha,Mango,2022,2,6625.0,1,0.1,0.0035714285714285,4.197262420000229e-05,2022-02-01,2122.5,14500.0,6250.0,3337.5,5200.0,2000.0,8029.166666666667,5790.028245469395,7881.25,5912.8131523835655,-7875.0,3287.5,0.0,-0.23755496567996567,4.621049021824886e-05,-8.728437326326169e-06,0.8660254037844386,0.5000000000000001
bharuch,Mango,2022,2,7000.0,1,0.0,0.0,4.034122393009604e-05,2022-02-01,1500.0,6625.0,14500.0,6250.0,2000.0,3000.0,9125.0,4658.661288396064,8118.75,5811.323805726202,375.0,750.0,0.09999999999931788,-0.3375549656799657,4.197262420000229e-05,-5.082501238906978e-06,0.8660254037844386,0.5000000000000001
mahesana,Mango,2022,2,1500.0,2,0.0,0.0,5.194326369022837e-05,2022-02-01,8000.0,7000.0,6625.0,14500.0,16000.0,4025.0,9375.0,4442.338910979224,8952.083333333334,5069.580953261005,-5500.0,-13000.0,0.09999999999931788,-0.3375549656799657,4.034122393009604e-05,5.732773471979511e-06,0.8660254037844386,0.5000000000000001
porbandar,Mango,2022,3,7000.0,1,0.0,0.0,2.974683130602173e-05,2022-03-01,5500.0,1500.0,7000.0,6625.0,3337.5,2550.0,5041.666666666666,3072.899011248725,6535.416666666667,4456.9497463699,5500.0,375.0,0.09999999999931788,-1.9086255656108597,5.194326369022837e-05,-1.222579289398056e-05,1.0,6.123233995736766e-17
surat,Mango,2022,3,2122.5,2,0.0,0.0,3.723674079556645e-05,2022-03-01,5983.333333333333,7000.0,1500.0,7000.0,6250.0,1500.0,5166.666666666666,3175.4264805429507,7145.833333333333,4173.140803599457,-4877.5,-4877.5,0.0,-1.9086255656108597,2.974683130602173e-05,-3.104483134529592e-06,1.0,6.123233995736766e-17
mahesana,Mango,2022,3,1500.0,1,0.0,0.0,3.786910644947785e-05,2022-03-01,13666.666666666666,2122.5,7000.0,1500.0,14500.0,1500.0,3540.8333333333326,3011.851935825097,6457.916666666667,4661.920316958101,-622.5,0.0,0.0,-1.9086255656108597,3.723674079556645e-05,-1.4074157240750518e-05,1.0,6.123233995736766e-17
bharuch,Mango,2022,3,8000.0,1,0.0,0.0,3.4641098319897894e-05,2022-03-01,2000.0,1500.0,2122.5,7000.0,6625.0,5200.0,3540.8333333333326,3011.851935825097,4291.25,2842.76878676406,6500.0,1000.0,0.0,-1.9086255656108597,3.786910644947785e-05,4.894267013876163e-06,1.0,6.123233995736766e-17
vadodara,Mango,2022,3,5500.0,6,0.3,0.0096774193548387,4.364232457619083e-05,2022-03-01,6525.0,8000.0,1500.0,2122.5,7000.0,2000.0,3874.166666666666,3586.607322154655,4520.416666666667,3111.27000462298,-2500.0,3377.5,0.0,-1.6086255656108597,3.4641098319897894e-05,6.405583780624377e-06,1.0,6.123233995736766e-17
vadodara,Mango,2022,4,5983.333333333333,6,0.0,0.0,4.034542646660733e-05,2022-04-01,1500.0,5500.0,8000.0,1500.0,1500.0,16000.0,4999.999999999999,3278.7192621510085,4270.416666666667,2926.986682864593,483.33333333333303,4483.333333333333,0.29999999999931787,-0.978716960352423,4.364232457619083e-05,2.476320017129476e-06,0.8660254037844387,-0.4999999999999998
porbandar,Mango,2022,4,13666.666666666666,3,0.0,0.0,3.2541723708276235e-05,2022-04-01,2675.0,5983.333333333333,5500.0,8000.0,7000.0,3337.5,6494.444444444444,1326.0565319495188,5017.638888888889,2636.0987808516256,7683.333333333333,5666.666666666666,0.29999999999931787,-0.978716960352423,4.034542646660733e-05,-2.0993746116216587e-06,0.8660254037844387,-0.4999999999999998
surat,Mango,2022,4,2000.0,1,0.0,0.0,3.809939052516681e-05,2022-04-01,3870.0,13666.666666666666,5983.333333333333,5500.0,2122.5,6250.0,8383.333333333332,4581.8785570016125,6128.75,4432.010885152602,-11666.666666666666,-3500.0,0.29999999999931787,-0.978716960352423,3.2541723708276235e-05,-5.542934051024015e-06,0.8660254037844387,-0.4999999999999998
banaskantha,Mango,2022,4,6525.0,1,0.0,0.0,4.197262420000229e-05,2022-04-01,1000.0,2000.0,13666.666666666666,5983.333333333333,1500.0,14500.0,7216.666666666665,5930.312901619203,6108.333333333333,4454.382985080853,4525.0,541.666666666667,0.0,-0.978716960352423,3.809939052516681e-05,1.6271977333949617e-06,0.8660254037844387,-0.4999999999999998
gandhinagar,Mango,2022,4,1500.0,1,0.2,0.0066666666666666,3.7169029059730746e-05,2022-04-01,14250.0,6525.0,2000.0,13666.666666666666,8000.0,6625.0,7397.222222222222,5882.036763016832,6945.833333333333,3845.4148381907803,-5025.0,-12166.666666666666,0.0,-0.7787169603524229,4.197262420000229e-05,4.627305351454511e-06,0.8660254037844387,-0.4999999999999998
mahesana,Mango,2022,5,2675.0,2,0.4,0.0129032258064516,3.029559728052549e-05,2022-05-01,6550.0,1500.0,6525.0,2000.0,5500.0,7000.0,3341.6666666666656,2768.1597376837544,5862.5,4368.9871378971975,1175.0,675.0,0.1999999999993179,-7.017019969278033,3.7169029059730746e-05,-7.803793244641322e-06,0.49999999999999994,-0.8660254037844387
vadodara,Mango,2022,5,3870.0,5,0.2,0.0064516129032258,3.363435569856184e-05,2022-05-01,9250.0,2675.0,1500.0,6525.0,5983.333333333333,1500.0,3566.6666666666656,2628.4897438136204,5391.666666666667,4563.746024679485,1195.0,-2655.0,0.599999999999318,-7.2170199692780335,3.029559728052549e-05,-8.338268501440449e-06,0.49999999999999994,-0.8660254037844387
surat,Mango,2022,5,1000.0,1,1.4,0.0451612903225806,3.520256448462028e-05,2022-05-01,1500.0,3870.0,2675.0,1500.0,13666.666666666666,7000.0,2681.6666666666656,1185.0140646141683,5039.444444444444,4590.423203277145,-2870.0,-500.0,0.7999999999993179,-6.017019969278033,3.363435569856184e-05,-1.9664645751104655e-06,0.49999999999999994,-0.8660254037844387
porbandar,Mango,2022,5,14250.0,2,2.2,0.0709677419354838,2.5689637407658235e-05,2022-05-01,11500.0,1000.0,3870.0,2675.0,2000.0,2122.5,2514.9999999999986,1441.6743737751806,2928.3333333333335,2025.2078082672554,13250.0,11575.0,1.9999999999993179,-5.2170199692780335,3.520256448462028e-05,-4.6059598728672564e-06,0.49999999999999994,-0.8660254037844387
banaskantha,Mango,2022,5,6550.0,1,0.5,0.0161290322580645,4.197262420000229e-05,2022-05-01,7750.0,14250.0,1000.0,3870.0,6525.0,1500.0,6373.333333333332,6970.698195542064,4970.0,4956.112387749094,-7700.0,2680.0,3.7999999999993177,-6.917019969278034,2.5689637407658235e-05,8.338268501440449e-06,0.49999999999999994,-0.8660254037844387
valsad,Mango,2022,6,9250.0,1,168.3,5.61,4.6981529589329424e-05,2022-06-01,5200.0,6550.0,14250.0,1000.0,1500.0,8000.0,7266.666666666665,6654.008816745992,4974.166666666667,4957.6914150304565,2700.0,8250.0,4.0999999999993175,42.466902173913056,4.197262420000229e-05,1.1778965104709143e-05,1.2246467991473532e-16,-1.0
surat,Mango,2022,6,1500.0,1,136.8,4.5600000000000005,3.396722599375026e-05,2022-06-01,3000.0,9250.0,6550.0,14250.0,2675.0,5500.0,10016.666666666666,3906.8316233660985,6265.833333333333,4880.492205368913,-7750.0,-12750.0,170.99999999999932,10.966902173913056,4.6981529589329424e-05,8.277588586092024e-06,1.2246467991473532e-16,-1.0
porbandar,Mango,2022,6,11500.0,3,73.3,2.4433333333333334,2.052666990631987e-05,2022-06-01,2300.0,1500.0,9250.0,6550.0,3870.0,5983.333333333333,5766.666666666665,3933.9335700203906,6070.0,5073.164692773146,10000.0,4950.0,305.59999999999934,-52.53309782608696,3.396722599375026e-05,-2.144595429368242e-05,1.2246467991473532e-16,-1.0
banaskantha,Mango,2022,6,7750.0,2,15.8,0.5266666666666667,4.197262420000229e-05,2022-06-01,6000.0,11500.0,1500.0,9250.0,1000.0,13666.666666666666,7416.666666666665,5246.030245179051,7341.666666666667,5359.609749474932,-3750.0,-1500.0,378.39999999999935,-110.03309782608696,2.052666990631987e-05,-5.008905389327133e-06,1.2246467991473532e-16,-1.0
vadodara,Mango,2022,6,5200.0,6,67.1,2.2366666666666664,2.8297622787963507e-05,2022-06-01,21000.0,7750.0,11500.0,1500.0,14250.0,2000.0,6916.666666666665,5051.81485540923,8466.666666666666,4381.4000806439435,-2550.0,3700.0,225.89999999999932,-58.73309782608696,4.197262420000229e-05,-5.669603205786752e-06,1.2246467991473532e-16,-1.0
gandhinagar,Mango,2022,6,3000.0,1,33.8,1.1266666666666665,3.1336073697239364e-05,2022-06-01,1750.0,5200.0,7750.0,11500.0,6550.0,6525.0,8149.999999999999,3168.9903754981724,6958.333333333333,3451.2920285983814,-2200.0,-8500.0,156.1999999999993,-92.03309782608696,2.8297622787963507e-05,1.0809403790919495e-05,1.2246467991473532e-16,-1.0
mahesana,Mango,2022,6,2300.0,3,31.8,1.06,2.8827309584557626e-05,2022-06-01,6000.0,3000.0,5200.0,7750.0,9250.0,1500.0,5316.666666666665,2377.1481513219537,6366.666666666667,3819.9040127556505,-700.0,-5450.0,116.6999999999993,-94.03309782608696,3.1336073697239364e-05,-1.3145314615444666e-05,1.2246467991473532e-16,-1.0
bharuch,Mango,2022,7,6000.0,1,545.6,17.6,3.207624570026747e-05,2022-07-01,4495.0,2300.0,3000.0,5200.0,1500.0,2675.0,3499.9999999999986,1513.274595042172,5208.333333333333,3824.449851503703,3700.0,800.0,132.6999999999993,174.17075991189432,2.8827309584557626e-05,3.778622912303966e-06,-0.4999999999999997,-0.8660254037844388
porbandar,Mango,2022,7,21000.0,1,360.4,11.625806451612902,3.2836967540376657e-05,2022-07-01,9000.0,6000.0,2300.0,3000.0,11500.0,3870.0,3766.6666666666656,1965.5363983740883,5958.333333333333,3365.474211261574,15000.0,18000.0,611.1999999999994,-11.029240088105723,3.207624570026747e-05,1.5008938431372923e-06,-0.4999999999999997,-0.8660254037844388
gandhinagar,Mango,2022,7,1750.0,2,517.6,16.69677419354839,3.3487823441181574e-05,2022-07-01,2483.333333333333,21000.0,6000.0,2300.0,7750.0,1000.0,9766.666666666666,9902.693236354107,7541.666666666667,6886.684010949445,-19250.0,-550.0,937.7999999999994,146.17075991189432,3.2836967540376657e-05,4.660513856623948e-06,-0.4999999999999997,-0.8660254037844388
vadodara,Mango,2022,7,6000.0,7,490.9,15.83548387096774,2.972707345179956e-05,2022-07-01,3000.0,1750.0,21000.0,6000.0,5200.0,14250.0,9583.333333333332,10112.90429764533,6541.666666666667,7275.0544098767205,4250.0,0.0,1423.5999999999995,119.47075991189428,3.3487823441181574e-05,-2.349172248467914e-06,-0.4999999999999997,-0.8660254037844388
surat,Mango,2022,7,4495.0,1,610.9,19.706451612903223,3.215824054344391e-05,2022-07-01,13750.0,6000.0,1750.0,21000.0,3000.0,6550.0,9583.333333333332,10112.90429764533,6675.0,7252.844269664148,-1505.0,-16505.0,1368.8999999999992,239.47075991189428,2.972707345179956e-05,-6.787269969327493e-07,-0.4999999999999997,-0.8660254037844388
banaskantha,Mango,2022,7,9000.0,1,484.0,15.612903225806452,4.197262420000229e-05,2022-07-01,1750.0,4495.0,6000.0,1750.0,2300.0,9250.0,4081.6666666666656,2154.9381274953994,6924.166666666667,7125.910760504003,4505.0,7250.0,1619.3999999999992,112.5707599118943,3.215824054344391e-05,8.484800758820717e-06,-0.4999999999999997,-0.8660254037844388
mahesana,Mango,2022,7,2483.333333333333,3,493.6,15.922580645161291,3.666800518513228e-05,2022-07-01,6575.0,9000.0,4495.0,6000.0,6000.0,1500.0,6498.333333333332,2293.470804988233,8040.833333333333,6772.555216952221,-6516.666666666667,-3516.666666666667,1585.7999999999993,122.17075991189432,4.197262420000229e-05,6.940931733332721e-06,-0.4999999999999997,-0.8660254037844388
gandhinagar,Mango,2022,8,3000.0,1,263.0,8.483870967741936,5.419986175855638e-05,2022-08-01,6328.571428571428,2483.333333333333,9000.0,4495.0,21000.0,11500.0,5326.1111111111095,3336.8840810508254,7454.722222222223,7127.372152223874,516.666666666667,-1495.0,1588.4999999999993,-44.182010869565204,3.666800518513228e-05,2.2041621215112474e-05,-0.8660254037844384,-0.5000000000000004
porbandar,Mango,2022,8,13750.0,2,219.3,7.074193548387097,4.818043837362893e-05,2022-08-01,4380.0,3000.0,2483.333333333333,9000.0,1750.0,7750.0,4827.7777777777765,3622.4735768276983,4454.722222222222,2696.9304396473253,10750.0,4750.0,1240.5999999999995,-87.88201086956519,5.419986175855638e-05,6.20781417362664e-06,-0.8660254037844384,-0.5000000000000004
mahesana,Mango,2022,8,1750.0,1,323.1,10.422580645161291,4.934679761449851e-05,2022-08-01,3500.0,13750.0,3000.0,2483.333333333333,6000.0,5200.0,6411.1111111111095,6360.912175443374,6454.722222222222,4276.770642626243,-12000.0,-733.333333333333,975.8999999999994,15.917989130434819,4.818043837362893e-05,1.2678792429366228e-05,-0.8660254037844384,-0.5000000000000004
banaskantha,Mango,2022,8,6575.0,1,381.2,12.296774193548387,4.197262420000229e-05,2022-08-01,1500.0,1750.0,13750.0,3000.0,4495.0,3000.0,6166.666666666665,6597.03216100493,5746.388888888888,4698.320079993925,4825.0,3575.0,805.3999999999994,74.01798913043478,4.934679761449851e-05,-1.222723755855409e-05,-0.8660254037844384,-0.5000000000000004
vadodara,Mango,2022,8,6328.571428571428,7,223.4,7.206451612903226,5.410201793959351e-05,2022-08-01,6000.0,6575.0,1750.0,13750.0,9000.0,2300.0,7358.333333333332,6038.228907000245,6093.055555555555,4664.131503847767,-246.42857142857156,-7421.428571428572,923.5999999999993,-83.7820108695652,4.197262420000229e-05,5.921579565964576e-06,-0.8660254037844384,-0.5000000000000004
vadodara,Mango,2022,9,4380.0,5,186.5,6.216666666666667,5.988966370446812e-05,2022-09-01,7000.0,6328.571428571428,6575.0,1750.0,2483.333333333333,6000.0,4884.523809523808,2717.372148705044,5647.81746031746,4453.904655031912,-1948.5714285714284,2630.0,927.6999999999992,-20.073030423280443,5.410201793959351e-05,1.0542866089969614e-05,-1.0,-1.8369701987210297e-16
gandhinagar,Mango,2022,9,3500.0,1,68.1,2.27,6.079488385918104e-05,2022-09-01,7675.0,4380.0,6328.571428571428,6575.0,3000.0,21000.0,5761.190476190474,1202.4754088311258,5963.928571428572,4246.885383334911,-880.0,-3075.0,791.0999999999992,-138.47303042328045,5.988966370446812e-05,1.882225965917875e-05,-1.0,-1.8369701987210297e-16
mahesana,Mango,2022,9,1500.0,1,113.0,3.7666666666666666,5.496088748638136e-05,2022-09-01,6907.142857142857,3500.0,4380.0,6328.571428571428,13750.0,1750.0,4736.190476190474,1447.5350852843937,6047.261904761905,4181.496910385643,-2000.0,-4828.571428571428,477.9999999999993,-93.57303042328044,6.079488385918104e-05,8.588695467878497e-07,-1.0,-1.8369701987210297e-16
bharuch,Mango,2022,9,6000.0,1,290.7,9.69,4.996300929956898e-05,2022-09-01,1625.0,1500.0,3500.0,4380.0,1750.0,6000.0,3126.6666666666656,1475.850037548998,4005.595238095238,2179.889082399524,4500.0,1620.0,367.59999999999934,84.12696957671955,5.496088748638136e-05,-9.926654404899145e-06,-1.0,-1.8369701987210297e-16
porbandar,Mango,2022,9,7000.0,2,218.9,7.296666666666667,5.70501831864418e-05,2022-09-01,7000.0,6000.0,1500.0,3500.0,6575.0,4495.0,3666.6666666666656,2254.624876411457,4713.928571428572,1981.8731476735366,1000.0,3500.0,471.7999999999993,12.326969576719563,4.996300929956898e-05,-3.74470067273924e-06,-1.0,-1.8369701987210297e-16
banaskantha,Mango,2022,9,7675.0,2,87.2,2.9066666666666667,4.197262420000229e-05,2022-09-01,3397.5,7000.0,6000.0,1500.0,6328.571428571428,9000.0,4833.333333333332,2929.732638541165,4784.761904761905,2067.4398378171063,675.0,6175.0,622.5999999999992,-119.37303042328044,5.70501831864418e-05,-1.2988263286379066e-05,-1.0,-1.8369701987210297e-16
vadodara,Mango,2022,10,6907.142857142857,7,61.2,1.9741935483870967,5.896872365055933e-05,2022-10-01,9250.0,7675.0,7000.0,6000.0,4380.0,2483.333333333333,6891.666666666665,842.7385913397895,5009.166666666667,2325.4900917154423,-767.8571428571431,907.1428571428569,596.7999999999993,26.712610619469032,4.197262420000229e-05,9.005714350990354e-06,-0.8660254037844386,0.5000000000000001
mahesana,Mango,2022,10,1625.0,2,41.8,1.3483870967741935,4.921921592478378e-05,2022-10-01,9100.0,6907.142857142857,7675.0,7000.0,3500.0,3000.0,7194.047619047618,419.09665568071597,5430.357142857143,2415.8466530432856,-5282.142857142857,-5375.0,367.29999999999933,7.312610619469027,5.896872365055933e-05,-7.830967261658022e-06,-0.8660254037844386,0.5000000000000001
porbandar,Mango,2022,10,7000.0,1,10.1,0.3258064516129032,4.078213441166915e-05,2022-10-01,4000.0,1625.0,6907.142857142857,7675.0,1500.0,13750.0,5402.380952380951,3293.7602056793767,5117.857142857143,2805.3556651810295,5375.0,-675.0,190.1999999999993,-24.38738938053097,4.921921592478378e-05,-1.190489788333142e-06,-0.8660254037844386,0.5000000000000001
surat,Mango,2022,10,3397.5,2,78.6,2.5354838709677416,5.477149472009244e-05,2022-10-01,1700.0,7000.0,1625.0,6907.142857142857,6000.0,1750.0,5177.380952380951,3076.8024693460893,6034.523809523809,2225.3991463430257,-3602.5,-3509.642857142857,113.09999999999931,44.112610619469024,4.078213441166915e-05,-4.19722893046689e-06,-0.8660254037844386,0.5000000000000001
valsad,Mango,2022,10,9250.0,1,129.1,4.164516129032258,6.293185687746256e-05,2022-10-01,6437.5,3397.5,7000.0,1625.0,7000.0,6575.0,4007.4999999999986,2738.928850846631,5600.773809523809,2473.2923444790235,5852.5,7625.0,130.49999999999932,94.61261061946902,5.477149472009244e-05,1.3712640952678784e-05,-0.8660254037844386,0.5000000000000001
banaskantha,Mango,2022,10,9100.0,1,2.6,0.0838709677419354,4.197262420000229e-05,2022-10-01,1500.0,9250.0,3397.5,7000.0,7675.0,6328.571428571428,6549.166666666665,2952.1817497121297,5975.773809523809,2867.094102516889,-150.0,2100.0,217.79999999999927,-31.88738938053097,6.293185687746256e-05,1.190489788333142e-06,-0.8660254037844386,0.5000000000000001
gandhinagar,Mango,2022,10,4000.0,1,69.6,2.2451612903225806,5.387708319129603e-05,2022-10-01,2440.0,9100.0,9250.0,3397.5,6907.142857142857,4380.0,7249.166666666665,3336.4842399348104,6213.273809523809,3086.6203234700824,-5100.0,602.5,210.29999999999927,35.112610619469024,4.197262420000229e-05,-8.94411528796414e-07,-0.8660254037844386,0.5000000000000001
mahesana,Mango,2022,11,1700.0,1,0.0,0.0,4.94167731148339e-05,2022-11-01,12000.0,4000.0,9100.0,9250.0,1625.0,3500.0,7449.999999999999,2988.728826775697,5728.75,3182.598682680561,-2300.0,-7550.0,201.29999999999927,-9.795056689342402,5.387708319129603e-05,-1.3515083762628664e-05,-0.5000000000000004,0.8660254037844384
banaskantha,Mango,2022,11,6437.5,2,0.0,0.0,4.197262420000229e-05,2022-11-01,4741.666666666667,1700.0,4000.0,9100.0,7000.0,1500.0,4933.333333333332,3787.2593432894687,5741.25,3163.3462306551337,4737.5,-2662.5,72.19999999999928,-9.795056689342402,4.94167731148339e-05,0.0,-0.5000000000000004,0.8660254037844384
gandhinagar,Mango,2022,11,1500.0,1,0.0,0.0,4.949359773065884e-05,2022-11-01,4580.0,6437.5,1700.0,4000.0,3397.5,6000.0,4045.833333333332,2369.082540422216,5647.5,3126.7035356745996,-4937.5,-2500.0,69.59999999999928,-9.795056689342402,4.197262420000229e-05,-4.383485460637186e-06,-0.5000000000000004,0.8660254037844384
surat,Mango,2022,11,2440.0,2,0.0,0.0,5.2294875390754816e-05,2022-11-01,26000.0,1500.0,6437.5,1700.0,9250.0,7000.0,3212.4999999999986,2794.7215872068637,5331.25,3476.220559026719,940.0,740.0,0.0,-9.795056689342402,4.949359773065884e-05,2.8781022759209157e-06,-0.5000000000000004,0.8660254037844384
porbandar,Mango,2022,11,12000.0,3,0.0,0.0,3.933539969304164e-05,2022-11-01,2375.0,2440.0,1500.0,6437.5,9100.0,7675.0,3459.1666666666656,2621.7841412544594,4196.25,3023.042238375113,9560.0,5562.5,0.0,-9.795056689342402,5.2294875390754816e-05,-2.637224506960652e-06,-0.5000000000000004,0.8660254037844384
vadodara,Mango,2022,11,4741.666666666667,6,0.0,0.0,5.729792979816224e-05,2022-11-01,4250.0,12000.0,2440.0,1500.0,4000.0,6907.142857142857,5313.333333333332,5809.865173421272,4679.583333333333,4028.4986088698965,-7258.333333333333,3241.666666666667,0.0,-9.795056689342402,3.933539969304164e-05,7.8043320675034e-06,-0.5000000000000004,0.8660254037844384
vadodara,Mango,2022,12,4580.0,5,1.7000000000000002,0.0548387096774193,5.597943762951554e-05,2022-12-01,4014.285714285714,4741.666666666667,12000.0,2440.0,1700.0,1625.0,6393.888888888888,4989.56698559141,4803.194444444444,4014.8311994634614,-161.66666666666697,2140.0,0.0,-1.9994424213174211,5.729792979816224e-05,3.6845622387607235e-06,-2.4492935982947064e-16,1.0
porbandar,Mango,2022,12,26000.0,1,0.3,0.0096774193548387,5.120827721396691e-05,2022-12-01,6025.0,4580.0,4741.666666666667,12000.0,6437.5,7000.0,7107.222222222222,4238.040799097486,5283.194444444444,3731.8078139402123,21420.0,14000.0,1.6999999999992896,-3.3994424213174215,5.597943762951554e-05,1.1872877520925273e-05,-2.4492935982947064e-16,1.0
mahesana,Mango,2022,12,2375.0,2,0.0,0.0,5.5326489836509616e-05,2022-12-01,2120.0,26000.0,4580.0,4741.666666666667,1500.0,3397.5,11773.888888888889,12320.438792390354,8543.611111111111,9313.470436635002,-23625.0,-2366.666666666667,1.9999999999992897,-3.6994424213174213,5.120827721396691e-05,-1.9714399616526252e-06,-2.4492935982947064e-16,1.0
surat,Mango,2022,12,4250.0,1,1.0,0.032258064516129,4.924721002644786e-05,2022-12-01,7500.0,2375.0,26000.0,4580.0,2440.0,9250.0,10985.0,13050.025862043341,8689.444444444445,9187.114446432675,1875.0,-330.0,1.9999999999992897,-2.6994424213174213,5.5326489836509616e-05,-6.732227603067682e-06,-2.4492935982947064e-16,1.0
vadodara,Mango,2023,1,4014.285714285714,7,1.9,0.0612903225806451,5.1996340466675335e-05,2023-01-01,4750.0,4250.0,2375.0,26000.0,12000.0,9100.0,10874.999999999998,13132.140914565303,8991.111111111111,8967.970268725296,-235.71428571428578,-21985.714285714286,1.2999999999992895,0.8873303167420814,4.924721002644786e-05,7.88063252708423e-07,0.49999999999999994,0.8660254037844387
banaskantha,Mango,2023,1,6025.0,4,20.0,0.6451612903225806,4.197262420000229e-05,2023-01-01,1270.0,4014.285714285714,4250.0,2375.0,4741.666666666667,4000.0,3546.42857142857,1021.3099331700913,7660.158730158731,9024.513581865058,2010.7142857142858,3650.0,2.8999999999992894,18.98733031674208,5.1996340466675335e-05,-1.3353865636507325e-05,0.49999999999999994,0.8660254037844387
mahesana,Mango,2023,1,2120.0,5,3.7,0.1193548387096774,5.655154889457445e-05,2023-01-01,7833.333333333333,6025.0,4014.285714285714,4250.0,4580.0,1700.0,4763.095238095237,1099.178341858565,7874.047619047619,8956.460063593673,-3905.0,-2130.0,22.899999999999288,2.6873303167420817,4.197262420000229e-05,7.3043388681265896e-06,0.49999999999999994,0.8660254037844387
navsari,Mango,2023,1,7500.0,1,2.5,0.0806451612903225,5.065769763127738e-05,2023-01-01,2000.0,2120.0,6025.0,4014.285714285714,26000.0,6437.5,4053.0952380952367,1952.789257537485,7464.047619047619,9190.653933637761,5380.0,3485.714285714286,25.599999999999287,1.4873303167420815,5.655154889457445e-05,-1.3386428353979562e-06,0.49999999999999994,0.8660254037844387
surendranagar,Mango,2023,1,4750.0,3,0.5,0.0161290322580645,4.363164097939973e-05,2023-01-01,1800.0,7500.0,2120.0,6025.0,2375.0,1500.0,5214.999999999999,2779.9595320795697,4380.714285714285,2084.1638072642486,-2750.0,-1275.0,26.19999999999929,-0.5126696832579185,5.065769763127738e-05,1.6590167793974369e-06,0.49999999999999994,0.8660254037844387
valsad,Mango,2023,1,1270.0,5,8.6,0.2774193548387096,4.900716602734047e-05,2023-01-01,2190.0,4750.0,7500.0,2120.0,4250.0,2440.0,4789.999999999999,2690.2230390806,4776.547619047619,1838.0463461916058,-3480.0,-850.0,6.69999999999929,7.587330316742081,4.363164097939973e-05,-7.5443828672339775e-06,0.49999999999999994,0.8660254037844387
porbandar,Mango,2023,1,7833.333333333333,3,0.0,0.0,5.231572497536176e-05,2023-01-01,4000.0,1270.0,4750.0,7500.0,4014.285714285714,12000.0,4506.666666666665,3122.120006235089,4279.880952380952,2342.2480225884983,6563.333333333333,333.33333333333303,11.599999999999289,-1.0126696832579185,4.900716602734047e-05,1.658027344084384e-06,0.49999999999999994,0.8660254037844387
surat,Mango,2023,1,2000.0,2,0.4,0.0129032258064516,4.338884762635068e-05,2023-01-01,7502.0,7833.333333333333,1270.0,4750.0,6025.0,4741.666666666667,4617.7777777777765,3283.6638299540055,4916.388888888889,2740.6662646287473,-5833.333333333333,-2750.0,9.099999999999289,-0.6126696832579185,5.231572497536176e-05,-2.427933530490495e-07,0.49999999999999994,0.8660254037844387
girsomnath,Mango,2023,1,1800.0,1,0.5,0.0161290322580645,4.197262420000229e-05,2023-01-01,2000.0,2000.0,7833.333333333333,1270.0,2120.0,4580.0,3701.1111111111095,3597.175332169733,4245.555555555556,2902.8420301235565,-200.0,530.0,8.99999999999929,-0.5126696832579185,4.338884762635068e-05,-7.034541827338178e-06,0.49999999999999994,0.8660254037844387
valsad,Mango,2023,2,2190.0,5,0.0,0.0,4.235191344975861e-05,2023-02-01,5500.0,1800.0,2000.0,7833.333333333333,7500.0,26000.0,3877.777777777776,3427.070879747729,4192.222222222222,2952.224522225508,390.0,-5643.333333333333,0.8999999999992895,-0.3375549656799657,4.197262420000229e-05,-9.963811525603152e-06,0.8660254037844386,0.5000000000000001
bharuch,Mango,2023,2,4000.0,1,0.0,0.0,3.820168336607759e-05,2023-02-01,1575.0,2190.0,1800.0,2000.0,4750.0,2375.0,1996.6666666666654,195.0213663509445,3307.222222222222,2527.698484714822,1810.0,2000.0,0.8999999999992895,-0.3375549656799657,4.235191344975861e-05,-5.187164260273091e-06,0.8660254037844386,0.5000000000000001
navsari,Mango,2023,2,7502.0,1,0.0,0.0,4.540732401066619e-05,2023-02-01,6025.0,4000.0,2190.0,1800.0,1270.0,4250.0,2663.333333333332,1173.89664508141,3182.222222222222,2459.7106123071208,3502.0,5702.0,0.49999999999928946,-0.3375549656799657,3.820168336607759e-05,3.4346998106639005e-06,0.8660254037844386,0.5000000000000001
surat,Mango,2023,2,2000.0,2,0.0,0.0,3.980373368338414e-05,2023-02-01,5500.0,7502.0,4000.0,2190.0,7833.333333333333,4014.285714285714,4563.999999999999,2700.5384648251274,4220.888888888889,2785.02413048925,-5502.0,-190.0,0.0,-0.3375549656799657,4.540732401066619e-05,-2.5481797663744717e-06,0.8660254037844386,0.5000000000000001
porbandar,Mango,2023,2,5500.0,2,0.0,0.0,4.110311474999733e-05,2023-02-01,6000.0,2000.0,7502.0,4000.0,2000.0,6025.0,4500.666666666665,2784.959844115062,3248.6666666666665,2235.7590806405424,3500.0,1500.0,0.0,-0.3375549656799657,3.980373368338414e-05,2.9014313839197405e-06,0.8660254037844386,0.5000000000000001
mahesana,Mango,2023,2,1575.0,2,0.0,0.0,5.174319732556894e-05,2023-02-01,2900.0,5500.0,2000.0,7502.0,1800.0,2120.0,5000.666666666665,2784.780302525388,3832.0,2300.467778518097,-3925.0,-5927.0,0.0,-0.3375549656799657,4.110311474999733e-05,6.3358733149027475e-06,0.8660254037844386,0.5000000000000001
banaskantha,Mango,2023,2,6025.0,2,0.0,0.0,4.197262420000229e-05,2023-02-01,5112.5,1575.0,5500.0,2000.0,2190.0,7500.0,3024.9999999999986,2153.920843485215,3794.5,2341.6809133611664,4450.0,4025.0,0.0,-0.3375549656799657,5.174319732556894e-05,2.1688905166181524e-06,0.8660254037844386,0.5000000000000001
amreli,Mango,2023,2,5500.0,1,0.0,0.0,3.630461576371185e-05,2023-02-01,3000.0,6025.0,1575.0,5500.0,4000.0,4750.0,4366.666666666665,2431.8631403377517,4433.666666666667,2339.5235982282097,-525.0,0.0,0.0,-0.3375549656799657,4.197262420000229e-05,-4.798498986285482e-06,0.8660254037844386,0.5000000000000001
surendranagar,Mango,2023,2,6000.0,2,0.0,0.0,3.9451345555794833e-05,2023-02-01,4000.0,5500.0,6025.0,1575.0,7502.0,1270.0,4366.666666666665,2431.8631403377517,4683.666666666667,2363.931189071855,500.0,4425.0,0.0,-0.3375549656799657,3.630461576371185e-05,-1.2291851769774106e-05,0.8660254037844386,0.5000000000000001
girsomnath,Mango,2023,2,2900.0,1,0.0,0.0,4.197262420000229e-05,2023-02-01,6808.333333333333,6000.0,5500.0,6025.0,2000.0,7833.333333333333,5841.666666666665,296.1559273987102,4433.333333333333,2066.619623120488,-3100.0,-3125.0,0.0,-0.3375549656799657,3.9451345555794833e-05,0.0,0.8660254037844386,0.5000000000000001
vadodara,Mango,2023,2,5112.5,8,0.0,0.0,4.86051535382644e-05,2023-02-01,2250.0,2900.0,6000.0,5500.0,5500.0,2000.0,4799.999999999999,1664.331697709341,4583.333333333333,1878.8072457457345,2212.5,-387.5,0.0,-0.3375549656799657,4.197262420000229e-05,1.2300537774552551e-05,0.8660254037844386,0.5000000000000001
girsomnath,Mango,2023,3,3000.0,1,6.5,0.2096774193548387,4.197262420000229e-05,2023-03-01,2000.0,5112.5,2900.0,6000.0,1575.0,1800.0,4670.833333333332,1596.4968159484033,4518.75,1847.3925882172432,-2112.5,-3000.0,0.0,4.59137443438914,4.86051535382644e-05,2.5212786442074578e-06,1.0,6.123233995736766e-17
bharuch,Mango,2023,3,4000.0,1,7.5,0.2419354838709677,3.557138581110951e-05,2023-03-01,5875.0,3000.0,5112.5,2900.0,6025.0,2190.0,3670.833333333332,1249.5207414578556,4756.25,1439.9164472288005,1000.0,1100.0,6.4999999999992895,5.59137443438914,4.197262420000229e-05,-6.401238388892782e-06,1.0,6.123233995736766e-17
banaskantha,Mango,2023,3,6808.333333333333,3,6.7,0.2161290322580645,4.197262420000229e-05,2023-03-01,5250.0,4000.0,3000.0,5112.5,5500.0,4000.0,4037.4999999999986,1056.749142417469,4418.75,1314.9560353867355,2808.333333333333,1695.833333333333,13.99999999999929,4.791374434389141,3.557138581110951e-05,-6.632529338262107e-06,1.0,6.123233995736766e-17
mahesana,Mango,2023,3,2250.0,5,5.0,0.1612903225806451,4.3442482075444425e-05,2023-03-01,4662.5,6808.333333333333,4000.0,3000.0,6000.0,7502.0,4602.7777777777765,1974.4256079886975,4636.805555555556,1606.3165608056606,-4558.333333333333,-750.0,20.69999999999929,3.0913744343891403,4.197262420000229e-05,1.4698578754421341e-06,1.0,6.123233995736766e-17
gandhinagar,Mango,2023,3,2000.0,1,24.2,0.7806451612903226,4.190554693448507e-05,2023-03-01,5500.0,2250.0,6808.333333333333,4000.0,2900.0,2000.0,4352.7777777777765,2299.552090041639,4011.805555555556,1696.8238644160572,-250.0,-2000.0,19.19999999999929,22.29137443438914,4.3442482075444425e-05,6.3341611233755574e-06,1.0,6.123233995736766e-17
surendranagar,Mango,2023,3,5875.0,2,1.5,0.0483870967741935,3.227533519179788e-05,2023-03-01,5500.0,2000.0,2250.0,6808.333333333333,5112.5,5500.0,3686.1111111111095,2706.811538268551,3861.805555555556,1847.8260813322877,3875.0,-933.333333333333,35.89999999999929,-0.4086255656108597,4.190554693448507e-05,-9.697289008204411e-06,1.0,6.123233995736766e-17
valsad,Mango,2023,3,5250.0,1,17.200000000000003,0.5548387096774194,4.137799694711695e-05,2023-03-01,7190.0,5875.0,2000.0,2250.0,3000.0,1575.0,3374.9999999999986,2168.668946612197,3988.888888888889,1973.0240936374964,-625.0,3000.0,30.69999999999929,15.291374434389143,3.227533519179788e-05,-2.0644851283274762e-06,1.0,6.123233995736766e-17
vadodara,Mango,2023,3,4662.5,8,10.3,0.332258064516129,4.4871608637212696e-05,2023-03-01,2500.0,5250.0,5875.0,2000.0,4000.0,6025.0,4374.999999999999,2080.414622136668,4363.88888888889,1961.2684859738285,-587.5,2662.5,42.899999999999295,8.39137443438914,4.137799694711695e-05,2.966061702727629e-06,1.0,6.123233995736766e-17
porbandar,Mango,2023,3,5500.0,3,5.8,0.1870967741935484,2.933457380544161e-05,2023-03-01,2240.0,4662.5,5250.0,5875.0,6808.333333333333,5500.0,5262.499999999999,606.3466417817913,4474.305555555556,1955.3246687405108,837.5,-375.0,28.999999999999293,3.89137443438914,4.4871608637212696e-05,-2.9407613863562716e-06,1.0,6.123233995736766e-17
amreli,Mango,2023,3,5500.0,1,4.1,0.132258064516129,3.030875340378996e-05,2023-03-01,3750.0,5500.0,4662.5,5250.0,2250.0,6000.0,5137.499999999999,429.93458804806096,4256.25,1699.1496034781626,0.0,250.0,33.299999999999294,2.19137443438914,2.933457380544161e-05,-1.106924354332699e-05,1.0,6.123233995736766e-17
navsari,Mango,2023,3,7190.0,1,4.3,0.1387096774193548,4.5704176095720296e-05,2023-03-01,5516.666666666667,5500.0,5500.0,4662.5,2000.0,2900.0,5220.833333333332,483.5308504463694,4797.916666666667,1428.0759929592955,1690.0,2527.5,20.19999999999929,2.39137443438914,3.030875340378996e-05,8.325674585076004e-07,1.0,6.123233995736766e-17
surat,Mango,2023,3,2500.0,1,12.0,0.3870967741935484,3.970510386855977e-05,2023-03-01,6590.0,7190.0,5500.0,5500.0,5875.0,5112.5,6063.333333333332,975.7219549304964,5662.916666666667,848.6907809483382,-4690.0,-3000.0,14.199999999999289,10.09137443438914,4.5704176095720296e-05,1.0370530063118161e-05,1.0,6.123233995736766e-17
valsad,Mango,2023,4,2240.0,5,6.6000000000000005,0.22,4.014865291137252e-05,2023-04-01,2250.0,2500.0,7190.0,5500.0,5250.0,3000.0,5063.333333333332,2375.296472723645,5100.416666666667,1527.2200370826351,-260.0,-3260.0,20.399999999999288,5.621283039647578,3.970510386855977e-05,9.83989950758256e-06,0.8660254037844387,-0.4999999999999998
banaskantha,Mango,2023,4,3750.0,1,2.9000000000000004,0.0966666666666666,4.197262420000229e-05,2023-04-01,7000.0,2240.0,2500.0,7190.0,4662.5,4000.0,3976.6666666666656,2785.8631217871043,4598.75,1913.7187293330246,1510.0,-3440.0,22.89999999999929,1.9212830396475775,4.014865291137252e-05,-3.731551895718005e-06,0.8660254037844387,-0.4999999999999998
vadodara,Mango,2023,4,5516.666666666667,9,4.3,0.1433333333333333,4.0363284892504817e-05,2023-04-01,3250.0,3750.0,2240.0,2500.0,5500.0,6808.333333333333,2829.9999999999986,807.2793816269904,4446.666666666667,1943.6632081373227,1766.666666666667,3016.666666666667,21.49999999999929,3.321283039647577,4.197262420000229e-05,6.581810239450467e-07,0.8660254037844387,-0.4999999999999998
navsari,Mango,2023,4,6590.0,2,4.8,0.16,4.536200956225995e-05,2023-04-01,2133.333333333333,5516.666666666667,3750.0,2240.0,5500.0,2250.0,3835.5555555555547,1640.0079042266784,4449.444444444444,1945.4807079961465,1073.333333333333,4350.0,13.79999999999929,3.821283039647577,4.0363284892504817e-05,5.213356650887431e-06,0.8660254037844387,-0.4999999999999998
gandhinagar,Mango,2023,4,2250.0,2,28.1,0.9366666666666668,3.972353476548056e-05,2023-04-01,4500.0,6590.0,5516.666666666667,3750.0,7190.0,2000.0,5285.555555555555,1434.0360034738717,4631.11111111111,2107.35713016899,-4340.0,-1500.0,11.99999999999929,27.12128303964758,4.536200956225995e-05,-2.2490894345217306e-06,0.8660254037844387,-0.4999999999999998
porbandar,Mango,2023,4,7000.0,1,6.4,0.2133333333333333,3.1481552939133e-05,2023-04-01,4800.0,2250.0,6590.0,5516.666666666667,2500.0,5875.0,4785.555555555555,2260.485034808381,3807.7777777777774,1857.917193067625,4750.0,1483.333333333333,37.19999999999929,5.4212830396475775,3.972353476548056e-05,-8.88173195337182e-06,0.8660254037844387,-0.4999999999999998
rajkot,Mango,2023,4,3250.0,1,2.4000000000000004,0.08,2.673623789268072e-05,2023-04-01,1820.0,7000.0,2250.0,6590.0,2240.0,5250.0,5279.999999999999,2632.0524310887226,4557.777777777777,2114.9128342076656,-3750.0,-3340.0,39.299999999999294,1.4212830396475775,3.1481552939133e-05,-1.862577166957923e-05,0.8660254037844387,-0.4999999999999998
mahesana,Mango,2023,4,2133.333333333333,3,5.5,0.1833333333333333,3.962074348438038e-05,2023-04-01,3250.0,3250.0,7000.0,2250.0,3750.0,4662.5,4166.666666666665,2504.163200219464,4726.11111111111,1925.2248545925097,-1116.666666666667,-116.66666666666697,36.899999999999295,4.521283039647577,2.673623789268072e-05,-1.0279128110017956e-07,0.8660254037844387,-0.4999999999999998
surendranagar,Mango,2023,4,4500.0,1,5.199999999999999,0.1733333333333333,3.0287709822981338e-05,2023-04-01,6500.0,2133.333333333333,3250.0,7000.0,5516.666666666667,5500.0,4127.7777777777765,2549.3100010554886,4456.666666666667,2184.790862098959,2366.666666666667,-2500.0,14.29999999999929,4.2212830396475765,3.962074348438038e-05,-1.1938431161516592e-06,0.8660254037844387,-0.4999999999999998
girsomnath,Mango,2023,4,4800.0,1,9.4,0.3133333333333333,4.197262420000229e-05,2023-04-01,2000.0,4500.0,2133.333333333333,3250.0,6590.0,5500.0,3294.444444444443,1183.959145941832,4287.222222222223,2124.7383281154794,300.0,1550.0,13.099999999999289,8.421283039647577,3.0287709822981338e-05,1.5236386307321572e-05,0.8660254037844387,-0.4999999999999998
valsad,Mango,2023,5,1820.0,5,9.4,0.3032258064516129,3.980421511941294e-05,2023-05-01,5775.0,4800.0,4500.0,2133.333333333333,2250.0,7190.0,3811.1111111111095,1460.7202688070558,3988.888888888889,1843.8385885810972,-2980.0,-313.33333333333303,20.09999999999929,1.9829800307219667,4.197262420000229e-05,1.8347163503255713e-07,0.49999999999999994,-0.8660254037844387
rajkot,Mango,2023,5,3250.0,1,6.3,0.2032258064516129,2.36225868573852e-05,2023-05-01,8238.5,1820.0,4800.0,4500.0,7000.0,2500.0,3706.6666666666656,1640.7721759383253,3917.2222222222226,1931.2292189940288,1430.0,-1250.0,23.99999999999929,-1.1170199692780338,3.980421511941294e-05,-6.6651229655961385e-06,0.49999999999999994,-0.8660254037844387
surendranagar,Mango,2023,5,6500.0,1,3.2,0.1032258064516129,2.471719851774231e-05,2023-05-01,5000.0,3250.0,1820.0,4800.0,3250.0,2240.0,3289.9999999999986,1490.4026301640954,3292.2222222222226,1203.8395364954606,3250.0,1700.0,25.09999999999929,-4.2170199692780335,2.36225868573852e-05,-1.725542568225998e-05,0.49999999999999994,-0.8660254037844387
surat,Mango,2023,5,2000.0,2,4.7,0.1516129032258064,3.860402208078401e-05,2023-05-01,4300.0,6500.0,3250.0,1820.0,2133.333333333333,3750.0,3856.6666666666656,2398.2563110171077,3833.888888888889,1776.1636769755753,-4500.0,180.0,18.899999999999288,-2.7170199692780335,2.471719851774231e-05,-1.2001930386289274e-06,0.49999999999999994,-0.8660254037844387
banaskantha,Mango,2023,5,5775.0,3,26.9,0.8677419354838709,4.197262420000229e-05,2023-05-01,1762.5,2000.0,6500.0,3250.0,4500.0,5516.666666666667,3916.6666666666656,2322.8933107944035,3811.6666666666665,1802.3364465788995,3775.0,2525.0,14.199999999999289,19.482980030721965,3.860402208078401e-05,1.8350037342617092e-05,0.49999999999999994,-0.8660254037844387
navsari,Mango,2023,5,8238.5,2,5.2,0.1677419354838709,4.376376329805144e-05,2023-05-01,5588.888888888889,5775.0,2000.0,6500.0,4800.0,6590.0,4758.333333333332,2416.1349989877194,4024.1666666666665,1967.3342793401073,2463.5,1738.5,34.79999999999929,-2.2170199692780335,4.197262420000229e-05,1.904656478030913e-05,0.49999999999999994,-0.8660254037844387
porbandar,Mango,2023,5,5000.0,3,12.3,0.396774193548387,2.711560778642785e-05,2023-05-01,3500.0,8238.5,5775.0,2000.0,1820.0,2250.0,5337.833333333332,3142.1420374218264,4597.25,2628.313599059292,-3238.5,3000.0,36.79999999999929,4.882980030721967,4.376376329805144e-05,-1.1488414294356162e-05,0.49999999999999994,-0.8660254037844387
girsomnath,Mango,2023,5,4300.0,1,20.5,0.6612903225806451,4.197262420000229e-05,2023-05-01,3500.0,5000.0,8238.5,5775.0,3250.0,7000.0,6337.833333333332,1691.022348561185,5127.25,2249.615606053625,-700.0,-1475.0,44.39999999999928,13.082980030721966,2.711560778642785e-05,0.0,0.49999999999999994,-0.8660254037844387
mahesana,Mango,2023,5,1762.5,4,21.5,0.6935483870967742,3.5152263071495264e-05,2023-05-01,3500.0,4300.0,5000.0,8238.5,6500.0,3250.0,5846.166666666665,2101.1768329518072,5302.25,2110.9418217942493,-2537.5,-6476.0,37.99999999999929,14.082980030721966,4.197262420000229e-05,-8.611500226556177e-06,0.49999999999999994,-0.8660254037844387
vadodara,Mango,2023,5,5588.888888888889,9,5.1,0.164516129032258,3.5462328264291394e-05,2023-05-01,1812.5,1762.5,4300.0,5000.0,2000.0,2133.333333333333,3687.4999999999986,1703.443204219047,4512.666666666667,2434.541058735028,3826.3888888888887,588.8888888888887,54.29999999999929,-2.317019969278034,3.5152263071495264e-05,8.346720477863545e-06,0.49999999999999994,-0.8660254037844387
bharuch,Mango,2023,5,3500.0,1,2.6,0.0838709677419354,2.9535947877022e-05,2023-05-01,5166.666666666667,5588.888888888889,1762.5,4300.0,5775.0,4500.0,3883.796296296295,1946.8518496500062,5110.814814814815,2113.434365404435,-2088.8888888888887,-800.0,47.099999999999284,-4.817019969278034,3.5462328264291394e-05,-1.243667632298029e-05,0.49999999999999994,-0.8660254037844387
amreli,Mango,2023,5,3500.0,1,12.5,0.4032258064516129,2.5372578313895795e-05,2023-05-01,1000.0,3500.0,5588.888888888889,1762.5,8238.5,4800.0,3617.129629629628,1915.8816494909129,4731.648148148149,2173.6606140381223,0.0,1737.5,29.199999999999285,5.082980030721966,2.9535947877022e-05,-9.779684757599468e-06,0.49999999999999994,-0.8660254037844387
rajkot,Mango,2023,6,3500.0,1,160.39999999999998,5.346666666666666,2.437932327139756e-05,2023-06-01,3500.0,3500.0,3500.0,5588.888888888889,5000.0,1820.0,4196.296296296295,1206.0205623072407,3941.8981481481483,1349.1270659283978,0.0,-2088.8888888888887,20.199999999999285,34.56690217391302,2.5372578313895795e-05,-1.1083004992893833e-05,1.2246467991473532e-16,-1.0
mahesana,Mango,2023,6,1812.5,4,221.6,7.386666666666667,3.7727345445307335e-05,2023-06-01,5258.333333333333,3500.0,3500.0,3500.0,4300.0,3250.0,3500.0,0.0,3691.8981481481483,1249.1127766977047,-1687.5,-1687.5,175.49999999999926,95.76690217391304,2.437932327139756e-05,8.191397568285334e-06,1.2246467991473532e-16,-1.0
porbandar,Mango,2023,6,5166.666666666667,3,268.2,8.94,2.120561191971077e-05,2023-06-01,5625.0,1812.5,3500.0,3500.0,1762.5,6500.0,2937.4999999999986,974.2785792575222,3277.3148148148152,1409.4315974830117,3354.166666666667,1666.666666666667,394.49999999999926,142.36690217391305,3.7727345445307335e-05,-4.166966394185027e-06,1.2246467991473532e-16,-1.0
surat,Mango,2023,6,1000.0,1,191.9,6.3966666666666665,3.109134306275891e-05,2023-06-01,1200.0,5166.666666666667,1812.5,3500.0,5588.888888888889,2000.0,3493.0555555555547,1677.0941165975096,3844.6759259259265,1362.0632771221617,-4166.666666666667,-2500.0,650.1999999999992,66.06690217391305,2.120561191971077e-05,6.712019791361349e-06,1.2246467991473532e-16,-1.0
amreli,Mango,2023,6,3500.0,1,117.6,3.92,2.610036026850317e-05,2023-06-01,2200.0,1000.0,5166.666666666667,1812.5,3500.0,5775.0,2659.7222222222213,2208.7591308579135,3079.8611111111113,1470.8048077183382,2500.0,1687.5,681.6999999999992,-8.233097826086961,3.109134306275891e-05,-1.1626985176804167e-05,1.2246467991473532e-16,-1.0
banaskantha,Mango,2023,6,5258.333333333333,3,334.1,11.136666666666668,4.197262420000229e-05,2023-06-01,3212.5,3500.0,1000.0,5166.666666666667,3500.0,8238.5,3222.2222222222213,2097.1762320196663,3079.8611111111113,1470.8048077183382,1758.333333333333,91.66666666666606,577.6999999999992,208.26690217391308,2.610036026850317e-05,2.0767012280291523e-05,1.2246467991473532e-16,-1.0
surendranagar,Mango,2023,6,5625.0,2,206.1,6.87,2.2560093813814672e-05,2023-06-01,7087.5,5258.333333333333,3500.0,1000.0,3500.0,5000.0,3252.777777777776,2139.904160193832,3372.9166666666665,1724.544525213664,366.66666666666697,4625.0,643.5999999999993,80.26690217391304,4.197262420000229e-05,-8.531249248944238e-06,1.2246467991473532e-16,-1.0
girsomnath,Mango,2023,6,1200.0,1,255.6,8.52,4.197262420000229e-05,2023-06-01,7253.0,5625.0,5258.333333333333,3500.0,1812.5,4300.0,4794.4444444444425,1135.9141366872675,3727.0833333333335,1958.2335967510185,-4425.0,-2300.0,657.7999999999994,129.76690217391302,2.2560093813814672e-05,1.5872263931499123e-05,1.2246467991473532e-16,-1.0
bharuch,Mango,2023,6,2200.0,1,162.89999999999998,5.429999999999999,2.6417053655370065e-05,2023-06-01,5250.0,1200.0,5625.0,5258.333333333333,5166.666666666667,1762.5,4027.777777777776,2455.7802184807856,3625.0,2089.5640161951874,1000.0,-3058.333333333333,795.7999999999993,37.06690217391302,4.197262420000229e-05,-1.5555570544632226e-05,1.2246467991473532e-16,-1.0
valsad,Mango,2023,6,3212.5,6,218.8,7.293333333333334,3.2986780838938205e-05,2023-06-01,3000.0,2200.0,1200.0,5625.0,1000.0,5588.888888888889,3008.333333333332,2320.605165325068,3130.555555555555,2000.9210841972642,1012.5,-2412.5,624.5999999999992,92.96690217391306,2.6417053655370065e-05,1.0426687025123533e-05,1.2246467991473532e-16,-1.0
vadodara,Mango,2023,6,7087.5,4,225.7,7.523333333333331,3.1120541192449586e-05,2023-06-01,3000.0,3212.5,2200.0,1200.0,3500.0,3500.0,2204.1666666666656,1006.2564699585215,3499.305555555555,1712.8931354636513,3875.0,5887.5,637.2999999999993,99.86690217391303,3.2986780838938205e-05,-1.0852083007552706e-05,1.2246467991473532e-16,-1.0
navsari,Mango,2023,6,7253.0,1,256.8,8.56,3.673087343395869e-05,2023-06-01,2083.333333333333,7087.5,3212.5,2200.0,5258.333333333333,3500.0,4166.666666666665,2579.6781937546752,4097.222222222222,2253.8911825913333,165.5,5053.0,607.3999999999993,130.96690217391307,3.1120541192449586e-05,1.0313819778588628e-05,1.2246467991473532e-16,-1.0
porbandar,Mango,2023,7,5250.0,2,920.4,29.69032258064517,3.3838037523169376e-05,2023-07-01,4750.0,7253.0,7087.5,3212.5,5625.0,3500.0,5850.999999999999,2286.5059042128123,4429.666666666667,2582.547805301321,-2003.0,2037.5,701.2999999999993,548.9707599118942,3.673087343395869e-05,8.512566842311712e-07,-0.4999999999999997,-0.8660254037844388
amreli,Mango,2023,7,3000.0,1,377.1,12.16451612903226,2.482653685049884e-05,2023-07-01,2000.0,5250.0,7253.0,7087.5,1200.0,1812.5,6530.166666666665,1111.74078963281,4367.166666666667,2552.1933051135975,-2250.0,-4087.5,1402.8999999999994,5.670759911894322,3.3838037523169376e-05,-6.294004341950747e-06,-0.4999999999999997,-0.8660254037844388
surat,Mango,2023,7,3000.0,1,494.6,15.95483870967742,2.3253876655942428e-05,2023-07-01,7350.0,3000.0,5250.0,7253.0,2200.0,5166.666666666667,5167.666666666665,2127.6950752712155,4667.166666666667,2184.7953374782446,0.0,-4253.0,1554.2999999999993,123.17075991189432,2.482653685049884e-05,-1.3476996778016265e-05,-0.4999999999999997,-0.8660254037844388
mahesana,Mango,2023,7,2083.333333333333,3,390.3,12.59032258064516,2.929346598516732e-05,2023-07-01,4500.0,3000.0,3000.0,5250.0,3212.5,1000.0,3749.9999999999986,1299.0381056766778,4800.5,2022.4994437576524,-916.666666666667,-3166.666666666667,1792.0999999999995,18.87075991189431,2.3253876655942428e-05,-4.544571538002058e-06,-0.4999999999999997,-0.8660254037844388
valsad,Mango,2023,7,4750.0,1,684.9,22.09354838709677,2.1366768775809625e-05,2023-07-01,3750.0,2083.333333333333,3000.0,3000.0,7087.5,3500.0,2694.444444444443,529.2377467572055,4612.305555555556,2240.592234250845,2666.666666666667,1750.0,1261.9999999999995,313.4707599118943,2.929346598516732e-05,-3.4597680746892133e-06,-0.4999999999999997,-0.8660254037844388
gandhinagar,Mango,2023,7,2000.0,1,481.1,15.519354838709678,2.704290426472036e-05,2023-07-01,6657.142857142857,4750.0,2083.333333333333,3000.0,7253.0,5258.333333333333,3277.777777777776,1354.8609331397076,4222.722222222222,1901.7354695898944,-2750.0,-1000.0,1569.7999999999993,109.67075991189432,2.1366768775809625e-05,3.789027608777932e-06,-0.4999999999999997,-0.8660254037844388
navsari,Mango,2023,7,7350.0,1,561.1,18.1,2.071103483245948e-05,2023-07-01,3000.0,2000.0,4750.0,2083.333333333333,5250.0,5625.0,2944.444444444443,1564.2120250334706,3347.222222222222,1359.5512603905775,5350.0,5266.666666666667,1556.2999999999995,189.67075991189432,2.704290426472036e-05,-8.582431152707839e-06,-0.4999999999999997,-0.8660254037844388
girsomnath,Mango,2023,7,4500.0,1,552.3,17.816129032258065,4.197262420000229e-05,2023-07-01,5966.666666666667,7350.0,2000.0,4750.0,3000.0,1200.0,4699.999999999999,2675.350444334358,3697.222222222222,2044.923705902729,-2850.0,-250.0,1727.0999999999995,180.87075991189425,2.071103483245948e-05,2.0605855424192666e-05,-0.4999999999999997,-0.8660254037844388
rajkot,Mango,2023,7,3750.0,1,409.7,13.216129032258063,2.917292093835025e-05,2023-07-01,6500.0,4500.0,7350.0,2000.0,3000.0,2200.0,4616.666666666665,2676.907419641812,3947.222222222222,2034.3007716730638,-750.0,1750.0,1594.4999999999995,38.27075991189429,4.197262420000229e-05,2.130016673629889e-06,-0.4999999999999997,-0.8660254037844388
vadodara,Mango,2023,7,6657.142857142857,7,423.7,13.667741935483871,2.7831599071313286e-05,2023-07-01,2500.0,3750.0,4500.0,7350.0,2083.333333333333,3212.5,5199.999999999999,1899.3419913222704,4072.222222222222,1986.9481530636274,2907.142857142857,-692.8571428571431,1523.0999999999995,52.27075991189429,2.917292093835025e-05,7.120564238853807e-06,-0.4999999999999997,-0.8660254037844388
bharuch,Mango,2023,7,3000.0,1,400.0,12.903225806451612,2.555945862312192e-05,2023-07-01,5750.0,6657.142857142857,3750.0,4500.0,4750.0,7087.5,4969.047619047617,1509.2627835005774,4834.52380952381,1948.2981410088444,-3657.142857142857,-1500.0,1385.6999999999994,28.5707599118943,2.7831599071313286e-05,-1.6413165576880372e-05,-0.4999999999999997,-0.8660254037844388
banaskantha,Mango,2023,7,5966.666666666667,3,281.6,9.083870967741936,4.197262420000229e-05,2023-07-01,3000.0,3000.0,6657.142857142857,3750.0,2000.0,7253.0,4469.047619047617,1931.6950013476096,4542.857142857143,2089.3656883350613,2966.666666666667,2216.666666666667,1233.3999999999994,-89.82924008810568,2.555945862312192e-05,1.2799703261652042e-05,-0.4999999999999997,-0.8660254037844388
surendranagar,Mango,2023,7,6500.0,1,257.8,8.316129032258065,2.403804806200609e-05,2023-07-01,6137.5,5966.666666666667,3000.0,6657.142857142857,7350.0,5250.0,5207.936507936506,1943.045820281349,5203.968253968254,1718.4847163511818,533.333333333333,-157.14285714285688,1105.2999999999993,-113.62924008810569,4.197262420000229e-05,-3.7935510093071977e-06,-0.4999999999999997,-0.8660254037844388
surat,Mango,2023,8,2500.0,1,84.6,2.729032258064516,4.946313405133601e-05,2023-08-01,5787.5,6500.0,5966.666666666667,3000.0,4500.0,3000.0,5155.555555555555,1885.7162898819042,5062.3015873015875,1530.998234273466,-4000.0,-500.0,939.3999999999994,-222.5820108695652,2.403804806200609e-05,2.390367542821409e-05,-0.8660254037844384,-0.5000000000000004
porbandar,Mango,2023,8,5750.0,3,41.8,1.3483870967741935,4.844182745193136e-05,2023-08-01,3500.0,2500.0,6500.0,5966.666666666667,3750.0,3000.0,4988.888888888888,2171.8740840658984,4728.968253968254,1860.2321171983888,3250.0,-216.66666666666697,623.9999999999994,-265.3820108695652,4.946313405133601e-05,6.46920325192907e-06,-0.8660254037844384,-0.5000000000000004
bharuch,Mango,2023,8,3000.0,1,69.9,2.2548387096774194,4.034441565369944e-05,2023-08-01,2200.0,5750.0,2500.0,6500.0,6657.142857142857,2083.333333333333,4916.666666666665,2126.225137028857,5062.3015873015875,1828.648570214756,-2750.0,-3500.0,384.1999999999994,-237.2820108695652,4.844182745193136e-05,1.630636759169335e-05,-0.8660254037844384,-0.5000000000000004
banaskantha,Mango,2023,8,6137.5,4,47.3,1.525806451612903,4.197262420000229e-05,2023-08-01,3241.6666666666665,3000.0,5750.0,2500.0,3000.0,4750.0,3749.9999999999986,1750.0000000000139,4452.777777777777,1800.0128600363669,3137.5,3637.5,196.29999999999944,-259.8820108695652,4.034441565369944e-05,-7.4905098513337165e-06,-0.8660254037844384,-0.5000000000000004
vadodara,Mango,2023,8,5787.5,8,42.5,1.3709677419354838,4.625440223163541e-05,2023-08-01,4380.0,6137.5,3000.0,5750.0,5966.666666666667,2000.0,4962.499999999999,1710.5828684983514,4975.694444444444,1748.5597578727104,-350.0,37.5,158.99999999999943,-264.6820108695652,4.197262420000229e-05,-2.18742522029595e-06,-0.8660254037844384,-0.5000000000000004
rajkot,Mango,2023,8,3500.0,1,47.2,1.5225806451612904,4.989948070597291e-05,2023-08-01,5500.0,5787.5,6137.5,3000.0,6500.0,7350.0,4974.999999999999,1719.329447779002,4945.833333333333,1729.679642785532,-2287.5,500.0,159.69999999999942,-259.9820108695652,4.625440223163541e-05,9.55506505227347e-06,-0.8660254037844384,-0.5000000000000004
girsomnath,Mango,2023,8,2200.0,2,67.8,2.1870967741935483,4.197262420000229e-05,2023-08-01,1762.5,3500.0,5787.5,6137.5,2500.0,4500.0,5141.666666666665,1432.4549149391692,4445.833333333333,1620.7380006239969,-1300.0,-3937.5,136.99999999999943,-239.3820108695652,4.989948070597291e-05,0.0,-0.8660254037844384,-0.5000000000000004
valsad,Mango,2023,8,3241.6666666666665,6,140.3,4.525806451612904,5.165168141361851e-05,2023-08-01,5283.333333333333,2200.0,3500.0,5787.5,5750.0,3750.0,3829.1666666666656,1816.260466820049,4395.833333333333,1695.668501407828,1041.6666666666665,-2545.8333333333335,157.49999999999943,-166.8820108695652,4.197262420000229e-05,5.397279181983097e-06,-0.8660254037844384,-0.5000000000000004
navsari,Mango,2023,8,4380.0,1,103.7,3.3451612903225807,5.557864751734169e-05,2023-08-01,3000.0,3241.6666666666665,2200.0,3500.0,3000.0,6657.142857142857,2980.5555555555543,688.2109119007836,3977.777777777778,1601.6347262395027,1138.3333333333335,880.0,255.29999999999944,-203.48201086956522,5.165168141361851e-05,5.679166811368779e-06,-0.8660254037844384,-0.5000000000000004
surendranagar,Mango,2023,8,5500.0,2,27.3,0.8806451612903226,4.1264439329585545e-05,2023-08-01,1766.6666666666667,4380.0,3241.6666666666665,2200.0,6137.5,3000.0,3273.8888888888873,1090.357145023479,4207.777777777777,1530.6536064580257,1120.0,3300.0,311.79999999999944,-279.8820108695652,5.557864751734169e-05,-7.081848704167459e-07,-0.8660254037844384,-0.5000000000000004
mahesana,Mango,2023,8,1762.5,4,55.2,1.7806451612903225,4.440858530078404e-05,2023-08-01,6000.0,5500.0,4380.0,3241.6666666666665,5787.5,5966.666666666667,4373.888888888888,1129.1790692226,4101.527777777777,1385.1193707750572,-3737.5,-1479.1666666666665,271.29999999999944,-251.98201086956522,4.1264439329585545e-05,-7.243096112834466e-06,-0.8660254037844384,-0.5000000000000004
vadodara,Mango,2023,9,5283.333333333333,6,319.8,10.66,6.679719672551804e-05,2023-09-01,2250.0,1762.5,5500.0,4380.0,3500.0,6500.0,3880.833333333332,1918.0985593377054,3430.694444444444,1379.9436800772557,3520.833333333333,903.333333333333,186.19999999999942,113.22696957671957,4.440858530078404e-05,1.1218549208176353e-05,-1.0,-1.8369701987210297e-16
amreli,Mango,2023,9,3000.0,1,80.7,2.69,6.0403519409384986e-05,2023-09-01,3000.0,5283.333333333333,1762.5,5500.0,2200.0,2500.0,4181.9444444444425,2098.0990624672545,3727.916666666666,1575.9850314785442,-2283.333333333333,-2500.0,402.29999999999944,-125.87303042328044,6.679719672551804e-05,1.913908007979944e-05,-1.0,-1.8369701987210297e-16
mahesana,Mango,2023,9,1766.6666666666667,3,331.6,11.053333333333336,5.927977874816951e-05,2023-09-01,2500.0,3000.0,5283.333333333333,1762.5,3241.6666666666665,5750.0,3348.6111111111095,1786.1170511392634,3861.25,1449.642077472148,-1233.3333333333333,4.1666666666667425,455.6999999999994,125.02696957671958,6.0403519409384986e-05,1.487119344738547e-05,-1.0,-1.8369701987210297e-16
banaskantha,Mango,2023,9,6000.0,2,165.70000000000002,5.523333333333334,4.197262420000229e-05,2023-09-01,3425.0,1766.6666666666667,3000.0,5283.333333333333,4380.0,3000.0,3349.9999999999986,1784.2676680114896,3615.4166666666665,1682.1475815489825,4233.333333333333,716.666666666667,732.0999999999995,-40.873030423280426,5.927977874816951e-05,-2.482457252551575e-05,-1.0,-1.8369701987210297e-16
girsomnath,Mango,2023,9,2250.0,2,70.6,2.353333333333333,4.197262420000229e-05,2023-09-01,5375.0,6000.0,1766.6666666666667,3000.0,5500.0,6137.5,3588.8888888888882,2177.239162418869,3885.4166666666665,1939.708866327908,-3750.0,-750.0,577.9999999999994,-135.97303042328045,4.197262420000229e-05,-1.8430895209382695e-05,-1.0,-1.8369701987210297e-16
bharuch,Mango,2023,9,3000.0,1,227.9,7.596666666666667,5.447735230030072e-05,2023-09-01,4500.0,2250.0,6000.0,1766.6666666666667,1762.5,5787.5,3338.8888888888882,2317.226151465818,3343.75,1850.3861271216922,750.0,1233.3333333333333,567.8999999999994,21.326969576719563,4.197262420000229e-05,-4.8024264478687905e-06,-1.0,-1.8369701987210297e-16
surat,Mango,2023,9,2500.0,1,226.1,7.536666666666666,6.621120082397658e-05,2023-09-01,6187.5,3000.0,2250.0,6000.0,5283.333333333333,3500.0,3749.9999999999986,1984.3134832984551,3550.0,1701.8943693556373,-500.0,-3500.0,464.1999999999995,19.52696957671955,5.447735230030072e-05,2.423857662397429e-05,-1.0,-1.8369701987210297e-16
valsad,Mango,2023,9,3425.0,10,245.7,8.19,7.556350671901718e-05,2023-09-01,6627.0,2500.0,3000.0,2250.0,3000.0,2200.0,2583.333333333332,381.881307913052,3086.1111111111113,1502.60576136059,925.0,1175.0,524.5999999999995,39.126969576719546,6.621120082397658e-05,3.3590882519014886e-05,-1.0,-1.8369701987210297e-16
surendranagar,Mango,2023,9,5375.0,2,167.79999999999998,5.593333333333333,5.115952762649905e-05,2023-09-01,4750.0,3425.0,2500.0,3000.0,1766.6666666666667,3241.6666666666665,2974.9999999999986,463.0064794363565,3156.944444444445,1507.7431319199625,1950.0,2375.0,699.6999999999994,-38.77303042328046,7.556350671901718e-05,-3.317824673801675e-06,-1.0,-1.8369701987210297e-16
porbandar,Mango,2023,9,4500.0,2,61.5,2.05,5.883384348266632e-05,2023-09-01,5125.0,5375.0,3425.0,2500.0,6000.0,4380.0,3766.6666666666656,1467.6369896310807,3758.3333333333335,1560.982596529074,-875.0,2000.0,639.5999999999995,-145.07303042328044,5.115952762649905e-05,-7.377357341310263e-06,-1.0,-1.8369701987210297e-16
banaskantha,Mango,2023,10,6187.5,4,0.0,0.0,4.197262420000229e-05,2023-10-01,5028.571428571428,4500.0,5375.0,3425.0,2250.0,5500.0,4433.333333333332,976.7079058415467,3508.3333333333335,1211.0601416389868,1687.5,2762.5,474.99999999999943,-34.48738938053097,5.883384348266632e-05,-3.3590882519014886e-05,-0.8660254037844386,0.5000000000000001
navsari,Mango,2023,10,6627.0,2,2.6,0.0838709677419354,6.136542130150668e-05,2023-10-01,6666.666666666667,6187.5,4500.0,5375.0,3000.0,1762.5,5354.166666666665,843.9428791887387,4164.583333333333,1438.3240391742963,439.5,1252.0,229.29999999999941,-31.88738938053097,4.197262420000229e-05,1.0205893675007634e-05,-0.8660254037844386,0.5000000000000001
valsad,Mango,2023,10,4750.0,7,3.8,0.1225806451612903,6.340049161769768e-05,2023-10-01,3000.0,6627.0,6187.5,4500.0,2500.0,5283.333333333333,5771.499999999999,1122.8643061385667,4769.083333333333,1603.65833071346,-1877.0,250.0,64.09999999999943,-30.68738938053097,6.136542130150668e-05,4.566648135031359e-06,-0.8660254037844386,0.5000000000000001
surendranagar,Mango,2023,10,5125.0,2,0.9,0.0290322580645161,4.653796165926434e-05,2023-10-01,1960.0,4750.0,6627.0,6187.5,3425.0,3000.0,5854.833333333332,981.7242908950444,5144.083333333333,1171.8767177765294,375.0,-1062.5,6.399999999999432,-33.58738938053097,6.340049161769768e-05,4.565337459262046e-06,-0.8660254037844386,0.5000000000000001
vadodara,Mango,2023,10,5028.571428571428,7,0.7,0.0225806451612903,6.412873308190018e-05,2023-10-01,3250.0,5125.0,4750.0,6627.0,5375.0,1766.6666666666667,5500.666666666665,993.2906590386209,5427.416666666667,828.2421395139829,-96.42857142857156,-1598.4285714285716,7.299999999999431,-33.78738938053097,4.653796165926434e-05,2.7633117803934953e-06,-0.8660254037844386,0.5000000000000001
porbandar,Mango,2023,10,6666.666666666667,3,0.7,0.0225806451612903,5.435443806128514e-05,2023-10-01,3000.0,5028.571428571428,5125.0,4750.0,4500.0,6000.0,4967.857142857141,194.73294114605196,5369.678571428572,844.5416626182457,1638.0952380952385,1916.666666666667,5.399999999999431,-33.78738938053097,6.412873308190018e-05,-9.04605355641254e-06,-0.8660254037844386,0.5000000000000001
amreli,Mango,2023,10,3000.0,1,1.8,0.0580645161290322,5.255104048496202e-05,2023-10-01,2000.0,6666.666666666667,5028.571428571428,5125.0,6187.5,2250.0,5606.746031746031,919.1835679530532,5730.789682539682,861.357416369059,-3666.666666666667,-2125.0,2.2999999999994314,-32.68738938053097,5.435443806128514e-05,6.013078825697683e-06,-0.8660254037844386,0.5000000000000001
mahesana,Mango,2023,10,1960.0,5,0.0,0.0,5.33545228455628e-05,2023-10-01,2800.0,3000.0,6666.666666666667,5028.571428571428,6627.0,3000.0,4898.412698412697,1836.7953294770098,5199.539682539683,1361.2458701395792,-1040.0,-3068.5714285714284,3.1999999999994317,-34.48738938053097,5.255104048496202e-05,-1.0774210236337374e-05,-0.8660254037844386,0.5000000000000001
surat,Mango,2023,10,3250.0,2,0.7,0.0225806451612903,5.7670826423856325e-05,2023-10-01,8250.0,1960.0,3000.0,6666.666666666667,4750.0,2500.0,3875.5555555555547,2472.4736451428503,4421.706349206349,1678.7958675800292,1290.0,-3416.666666666667,2.4999999999994316,-33.78738938053097,5.33545228455628e-05,3.3163883625711874e-06,-0.8660254037844386,0.5000000000000001
bharuch,Mango,2023,10,3000.0,1,0.1,0.0032258064516129,5.180085789141189e-05,2023-10-01,1250.0,3250.0,1960.0,3000.0,5125.0,3425.0,2736.6666666666656,684.1296173484826,4171.706349206349,1731.0053074810558,-250.0,0.0,2.4999999999994316,-34.38738938053097,5.7670826423856325e-05,-7.501825935501275e-07,-0.8660254037844386,0.5000000000000001
gandhinagar,Mango,2023,10,2000.0,1,0.8999999999999999,0.0290322580645161,5.474234084324248e-05,2023-10-01,4500.0,3000.0,3250.0,1960.0,5028.571428571428,5375.0,2736.6666666666656,684.1296173484826,3817.5396825396824,1714.259005523855,-1000.0,40.0,0.7999999999994315,-33.58738938053097,5.180085789141189e-05,1.387817997679675e-06,-0.8660254037844386,0.5000000000000001
girsomnath,Mango,2023,10,2800.0,2,0.6000000000000001,0.0193548387096774,4.197262420000229e-05,2023-10-01,5684.0,2000.0,3000.0,3250.0,6666.666666666667,4500.0,2749.9999999999986,661.4378277661837,3312.777777777778,1732.1411498382374,800.0,-450.0,1.6999999999994313,-33.88738938053097,5.474234084324248e-05,-1.5698202223854034e-05,-0.8660254037844386,0.5000000000000001
porbandar,Mango,2023,11,8250.0,2,11.6,0.3866666666666666,4.016622186814469e-05,2023-11-01,6000.0,2800.0,2000.0,3000.0,3000.0,6187.5,2599.9999999999986,529.1502622129634,2668.3333333333335,552.1020437080579,5450.0,5250.0,1.5999999999994317,1.8049433106575972,4.197262420000229e-05,-1.1634636023267206e-05,-0.5000000000000004,0.8660254037844384
surat,Mango,2023,11,1250.0,1,60.2,2.0066666666666664,5.254316165634693e-05,2023-11-01,3941.6666666666665,8250.0,2800.0,2000.0,1960.0,6627.0,4349.999999999999,3401.1027623404802,3543.3333333333335,2365.3893266578,-7000.0,-750.0,13.099999999999431,50.4049433106576,4.016622186814469e-05,-2.19917918689555e-06,-0.5000000000000004,0.8660254037844384
surendranagar,Mango,2023,11,4500.0,1,16.2,0.5399999999999999,3.9261664138074406e-05,2023-11-01,2850.0,1250.0,8250.0,2800.0,3250.0,4750.0,4099.999999999999,3676.6152912699536,3425.0,2475.6312326354205,3250.0,1700.0,72.39999999999944,6.404943310657597,5.254316165634693e-05,-2.7109600619278855e-06,-0.5000000000000004,0.8660254037844384
navsari,Mango,2023,11,5684.0,2,20.7,0.69,5.870010197636086e-05,2023-11-01,4962.5,4500.0,1250.0,8250.0,3000.0,5125.0,4666.666666666665,3502.9749261639568,3633.3333333333335,2510.312065593966,1184.0,-2566.0,87.99999999999945,10.904943310657597,3.9261664138074406e-05,1.853388010821617e-05,-0.5000000000000004,0.8660254037844384
bharuch,Mango,2023,11,6000.0,1,56.6,1.8866666666666667,4.8708617614359945e-05,2023-11-01,2175.0,5684.0,4500.0,1250.0,2000.0,5028.571428571428,3811.333333333332,2295.819098564471,4080.6666666666665,2611.9652881818047,316.0,4750.0,97.09999999999943,46.8049433106576,5.870010197636086e-05,-3.834544041986982e-06,-0.5000000000000004,0.8660254037844384
valsad,Mango,2023,11,3941.6666666666665,6,17.8,0.5933333333333334,5.7638726049611545e-05,2023-11-01,7250.0,6000.0,5684.0,4500.0,2800.0,6666.666666666667,5394.666666666665,790.7498550953867,4747.333333333333,2481.9272081724475,-2058.3333333333335,-558.3333333333335,93.49999999999943,8.004943310657598,4.8708617614359945e-05,1.837706191153714e-05,-0.5000000000000004,0.8660254037844384
girsomnath,Mango,2023,11,2850.0,2,11.2,0.3733333333333333,4.197262420000229e-05,2023-11-01,4514.285714285715,3941.6666666666665,6000.0,5684.0,8250.0,3000.0,5208.555555555554,1108.476248095842,4937.611111111111,2342.6297703095893,-1091.6666666666665,-2834.0,95.09999999999943,1.4049433106575968,5.7638726049611545e-05,-1.6727477776358567e-05,-0.5000000000000004,0.8660254037844384
vadodara,Mango,2023,11,4962.5,8,31.0,1.0333333333333334,5.832087412953197e-05,2023-11-01,7250.0,2850.0,3941.6666666666665,6000.0,1250.0,1960.0,4263.888888888888,1599.5297341313837,4037.6111111111113,1786.9399096614113,2112.5,-1037.5,85.59999999999944,21.204943310657598,4.197262420000229e-05,9.612256515172027e-06,-0.5000000000000004,0.8660254037844384
mahesana,Mango,2023,11,2175.0,2,40.7,1.356666666666667,5.045799862568902e-05,2023-11-01,4166.666666666667,4962.5,2850.0,3941.6666666666665,4500.0,3250.0,3918.0555555555543,1056.4479049749548,4656.36111111111,1162.1794679569723,-2787.5,-1766.6666666666665,59.99999999999943,30.9049433106576,5.832087412953197e-05,-7.180727423922525e-06,-0.5000000000000004,0.8660254037844384
banaskantha,Mango,2023,11,7250.0,2,54.2,1.8066666666666669,4.197262420000229e-05,2023-11-01,6212.5,2175.0,4962.5,2850.0,5684.0,3000.0,3329.1666666666656,1454.214421374434,4268.86111111111,1548.2294562092768,5075.0,4400.0,82.89999999999944,44.4049433106576,5.045799862568902e-05,0.0,-0.5000000000000004,0.8660254037844384
vadodara,Mango,2023,12,4514.285714285715,7,26.6,0.8580645161290323,6.085318898270932e-05,2023-12-01,2000.0,7250.0,2175.0,4962.5,6000.0,2000.0,4795.833333333332,2541.6017751279164,4529.86111111111,1921.5055162746946,-2735.7142857142853,-448.2142857142853,125.89999999999944,22.90055757868258,4.197262420000229e-05,2.5323148531773457e-06,-2.4492935982947064e-16,1.0
surendranagar,Mango,2023,12,7250.0,2,1.4,0.0451612903225806,4.163122043247436e-05,2023-12-01,2000.0,4514.285714285715,7250.0,2175.0,3941.6666666666665,2800.0,4646.42857142857,2540.0792410908075,4282.242063492064,1785.0467965445944,2735.7142857142853,5075.0,121.49999999999943,-2.2994424213174214,6.085318898270932e-05,-8.826778193214661e-06,-2.4492935982947064e-16,1.0
valsad,Mango,2023,12,4166.666666666667,6,1.6,0.0516129032258064,5.62504759507037e-05,2023-12-01,3000.0,7250.0,4514.285714285715,7250.0,2850.0,8250.0,6338.095238095237,1579.4653792830595,4833.630952380952,2135.3865063408543,-3083.333333333333,-3083.333333333333,82.19999999999943,-2.099442421317421,4.163122043247436e-05,1.4277851750701408e-05,-2.4492935982947064e-16,1.0
banaskantha,Mango,2023,12,6212.5,4,3.5,0.1129032258064516,4.197262420000229e-05,2023-12-01,5666.666666666667,4166.666666666667,7250.0,4514.285714285715,4962.5,1250.0,5310.317460317459,1688.782406537004,5053.075396825397,1950.4098069535262,2045.833333333333,1698.2142857142853,29.599999999999433,-0.1994424213174213,5.62504759507037e-05,-1.8880564782707027e-05,-2.4492935982947064e-16,1.0
gandhinagar,Mango,2023,12,2000.0,1,4.4,0.1419354838709677,5.350265096823288e-05,2023-12-01,3500.0,6212.5,4166.666666666667,7250.0,2175.0,4500.0,5876.388888888888,1568.905389234931,5261.408730158731,2004.8010832285745,-4212.5,-5250.0,6.499999999999432,0.7005575786825791,4.197262420000229e-05,1.1871430535758522e-05,-2.4492935982947064e-16,1.0
mahesana,Mango,2023,12,2000.0,2,1.9,0.0612903225806451,5.622033519034618e-05,2023-12-01,6488.5,2000.0,6212.5,4166.666666666667,7250.0,5684.0,4126.388888888888,2106.5388168835343,5232.242063492064,2059.218337401899,0.0,-2166.666666666667,9.499999999999432,-1.7994424213174214,5.350265096823288e-05,-3.014076035751692e-08,-2.4492935982947064e-16,1.0
amreli,Mango,2023,12,3000.0,1,0.8,0.0258064516129032,4.813282677735804e-05,2023-12-01,3033.333333333333,2000.0,2000.0,6212.5,4514.285714285715,6000.0,3404.1666666666656,2432.088008961308,4357.242063492064,2144.023902484659,1000.0,-3212.5,9.799999999999432,-2.8994424213174215,5.622033519034618e-05,6.160202577355751e-06,-2.4492935982947064e-16,1.0
porbandar,Mango,2023,12,5666.666666666667,3,0.0,0.0,4.455202430713029e-05,2023-12-01,3800.0,3000.0,2000.0,2000.0,7250.0,3941.6666666666665,2333.333333333332,577.3502691896663,4104.86111111111,2209.9528914452903,2666.666666666667,3666.666666666667,7.099999999999432,-3.6994424213174213,4.813282677735804e-05,-8.950626661102588e-06,-2.4492935982947064e-16,1.0
bharuch,Mango,2023,12,3500.0,1,9.4,0.3032258064516128,5.224523488610444e-05,2023-12-01,7750.0,5666.666666666667,3000.0,2000.0,4166.666666666667,2850.0,3555.5555555555547,1895.413567692454,3840.972222222222,1819.2840790226164,-2166.666666666667,1500.0,2.6999999999994317,5.700557578682579,4.455202430713029e-05,-3.975100304241741e-06,-2.4492935982947064e-16,1.0
navsari,Mango,2023,12,6488.5,2,2.4000000000000004,0.0774193548387097,5.9324330984968535e-05,2023-12-01,9250.0,3500.0,5666.666666666667,3000.0,6212.5,4962.5,4055.5555555555547,1417.4834246859123,3729.861111111111,1815.768923185819,2988.5,3488.5,10.199999999999433,-1.299442421317421,5.224523488610444e-05,1.1191504207610493e-05,-2.4492935982947064e-16,1.0
surat,Mango,2023,12,3033.333333333333,3,5.7,0.1838709677419354,5.428635550988991e-05,2023-12-01,3437.5,6488.5,3500.0,5666.666666666667,2000.0,2175.0,5218.388888888888,1543.8580851351194,3775.8611111111113,1893.0916818106625,-3455.166666666667,-2633.333333333334,11.799999999999432,2.000557578682579,5.9324330984968535e-05,9.734331202759614e-06,-2.4492935982947064e-16,1.0
girsomnath,Mango,2023,12,3800.0,2,2.8,0.0903225806451612,4.197262420000229e-05,2023-12-01,2350.0,3033.333333333333,6488.5,3500.0,2000.0,7250.0,4340.6111111111095,1874.703830930034,3948.0833333333335,1740.0392197048602,766.666666666667,300.0,17.49999999999943,-0.8994424213174215,5.428635550988991e-05,-1.027261068610215e-05,-2.4492935982947064e-16,1.0
porbandar,Mango,2024,1,7750.0,2,0.0,0.0,4.72550214281016e-05,2024-01-01,2500.0,3800.0,3033.333333333333,6488.5,3000.0,4514.285714285715,4440.6111111111095,1814.478195066122,4248.083333333333,1471.433480015698,3950.0,1261.5,10.899999999999432,-1.0126696832579185,4.197262420000229e-05,-1.2069309556866938e-05,0.49999999999999994,0.8660254037844387
surat,Mango,2024,1,9250.0,1,0.0,0.0,4.72454056187807e-05,2024-01-01,7500.0,7750.0,3800.0,3033.333333333333,5666.666666666667,7250.0,4861.1111111111095,2531.0479457536444,5039.75,1885.2519246627132,1500.0,6216.666666666667,8.499999999999432,-1.0126696832579185,4.72550214281016e-05,-7.040949891109204e-06,0.49999999999999994,0.8660254037844387
bharuch,Mango,2024,1,3437.5,4,0.1,0.0032258064516129,4.600100297951211e-05,2024-01-01,6150.0,9250.0,7750.0,3800.0,3500.0,4166.666666666667,6933.333333333332,2815.2856575014503,5636.972222222222,2567.645160705882,-5812.5,-362.5,2.7999999999994314,-0.9126696832579185,4.72454056187807e-05,4.028378779509822e-06,0.49999999999999994,0.8660254037844387
kheda,Mango,2024,1,2350.0,1,0.1,0.0032258064516129,5.689506344758072e-05,2024-01-01,8941.666666666666,3437.5,9250.0,7750.0,6488.5,6212.5,6812.499999999999,3017.5269261433345,5626.555555555555,2578.153800400309,-1087.5,-5400.0,0.09999999999943157,-0.9126696832579185,4.600100297951211e-05,9.640042019479126e-06,0.49999999999999994,0.8660254037844387
gandhinagar,Mango,2024,1,2500.0,1,0.0,0.0,5.58727769981248e-05,2024-01-01,2500.0,2350.0,3437.5,9250.0,3033.333333333333,2000.0,5012.499999999999,3709.84753729854,4936.805555555556,2841.5743101642097,150.0,-6750.0,0.19999999999943158,-1.0126696832579185,5.689506344758072e-05,8.627371379344097e-06,0.49999999999999994,0.8660254037844387
rajkot,Mango,2024,1,7500.0,1,0.0,0.0,4.5492432217975925e-05,2024-01-01,12000.0,2500.0,2350.0,3437.5,3800.0,2000.0,2762.4999999999986,589.3587617063489,4847.916666666667,2920.2784185188034,5000.0,4062.5,0.19999999999943158,-1.0126696832579185,5.58727769981248e-05,-5.085707615361878e-07,0.49999999999999994,0.8660254037844387
vadodara,Mango,2024,1,6150.0,4,0.4,0.0129032258064516,5.736360340135528e-05,2024-01-01,1983.3333333333333,7500.0,2500.0,2350.0,7750.0,3000.0,4116.666666666665,2931.012339334888,5464.583333333333,3042.8236954622753,-1350.0,3800.0,0.09999999999943157,-0.6126696832579185,4.5492432217975925e-05,4.6853995377455935e-07,0.49999999999999994,0.8660254037844387
banaskantha,Mango,2024,1,8941.666666666666,3,0.0,0.0,4.197262420000229e-05,2024-01-01,9452.0,6150.0,7500.0,2500.0,9250.0,5666.666666666667,5383.333333333332,2586.66451889946,5197.916666666667,2867.5383243588376,2791.666666666666,6441.666666666666,0.3999999999994316,-1.0126696832579185,5.736360340135528e-05,-1.3900152798122508e-05,0.49999999999999994,0.8660254037844387
mahesana,Mango,2024,1,2500.0,4,0.0,0.0,5.875911335185876e-05,2024-01-01,8083.333333333333,8941.666666666666,6150.0,7500.0,3437.5,3500.0,7530.555555555555,1396.0841399879753,5146.527777777777,2781.881378605071,-6441.666666666666,-5000.0,0.3999999999994316,-1.0126696832579185,4.197262420000229e-05,1.3266681133882835e-05,0.49999999999999994,0.8660254037844387
girsomnath,Mango,2024,1,12000.0,1,0.5,0.0161290322580645,4.197262420000229e-05,2024-01-01,9600.0,2500.0,8941.666666666666,6150.0,2350.0,6488.5,5863.888888888888,3230.3501415538653,4990.277777777777,2919.971540323007,9500.0,5850.0,0.3999999999994316,-0.5126696832579185,5.875911335185876e-05,-1.539097920135299e-05,0.49999999999999994,0.8660254037844387
valsad,Mango,2024,1,1983.3333333333333,12,0.0,0.0,4.966888470113231e-05,2024-01-01,3733.3333333333335,12000.0,2500.0,8941.666666666666,2500.0,3033.333333333333,7813.888888888888,4849.372334337412,6598.61111111111,3722.2544567426876,-10016.666666666666,-6958.333333333333,0.49999999999943157,-1.0126696832579185,4.197262420000229e-05,7.696260501130021e-06,0.49999999999999994,0.8660254037844387
navsari,Mango,2024,1,9452.0,1,0.2,0.0064516129032258,5.203652471905869e-05,2024-01-01,9000.0,1983.3333333333333,12000.0,2500.0,7500.0,3800.0,5494.4444444444425,5639.895914458526,6512.5,3840.1452157148738,7468.666666666667,6952.0,0.49999999999943157,-0.8126696832579186,4.966888470113231e-05,-6.722588632800069e-06,0.49999999999999994,0.8660254037844387
surendranagar,Mango,2024,1,8083.333333333333,3,0.2,0.0064516129032258,4.612939073956073e-05,2024-01-01,9500.0,9452.0,1983.3333333333333,12000.0,6150.0,7750.0,7811.7777777777765,5205.876437400481,6837.833333333333,4019.055354737542,-1368.666666666667,-3916.666666666667,0.6999999999994315,-0.8126696832579186,5.203652471905869e-05,4.1567665395584366e-06,0.49999999999999994,0.8660254037844387
navsari,Mango,2024,2,9600.0,1,0.0,0.0,4.656156035418176e-05,2024-02-01,1800.0,8083.333333333333,9452.0,1983.3333333333333,8941.666666666666,9250.0,6506.222222222222,3976.2677270321074,7160.055555555556,4030.3653014290203,1516.666666666667,7616.666666666667,0.3999999999994316,-0.3375549656799657,4.612939073956073e-05,-3.107324346950552e-06,0.8660254037844386,0.5000000000000001
bharuch,Mango,2024,2,3733.3333333333335,3,0.1,0.0034482758620689,3.948873254547083e-05,2024-02-01,2842.8571428571427,9600.0,8083.333333333333,9452.0,2500.0,3437.5,9045.111111111111,836.2047418966328,7269.777777777778,4096.97886885592,-5866.666666666666,-5718.666666666666,0.3999999999994316,-0.23755496567996567,4.656156035418176e-05,-1.2547792173587863e-05,0.8660254037844386,0.5000000000000001
porbandar,Mango,2024,2,9000.0,1,0.0,0.0,3.7366122867684405e-05,2024-02-01,7750.0,3733.3333333333335,9600.0,8083.333333333333,12000.0,2350.0,7138.888888888887,3045.2300284093435,7475.333333333333,3832.1878868343715,5266.666666666666,916.666666666667,0.2999999999994316,-0.3375549656799657,3.948873254547083e-05,-8.763267871876323e-06,0.8660254037844386,0.5000000000000001
surat,Mango,2024,2,9500.0,1,0.0,0.0,4.1638340234341775e-05,2024-02-01,5000.0,9000.0,3733.3333333333335,9600.0,1983.3333333333333,2500.0,7444.4444444444425,3227.887739568913,6975.333333333333,3279.6438831068335,500.0,-100.0,0.09999999999943157,-0.3375549656799657,3.7366122867684405e-05,-4.923220119839985e-06,0.8660254037844386,0.5000000000000001
kheda,Mango,2024,2,1800.0,1,0.2,0.0068965517241379,5.199118662246586e-05,2024-02-01,6237.5,9500.0,9000.0,3733.3333333333335,9452.0,7500.0,7411.1111111111095,3194.8453854665777,8228.111111111111,2272.3329340048463,-7700.0,-1933.3333333333335,0.09999999999943157,-0.13755496567996567,4.1638340234341775e-05,1.2502454076995029e-05,0.8660254037844386,0.5000000000000001
valsad,Mango,2024,2,2842.8571428571427,7,0.0,0.0,4.368536241312752e-05,2024-02-01,11000.0,1800.0,9500.0,9000.0,8083.333333333333,6150.0,6766.666666666667,4308.518693627009,6952.777777777777,3343.0926577824002,1042.8571428571427,-6157.142857142857,0.19999999999943158,-0.3375549656799657,5.199118662246586e-05,6.319239545443118e-06,0.8660254037844386,0.5000000000000001
surendranagar,Mango,2024,2,7750.0,2,0.0,0.0,4.060350999531999e-05,2024-02-01,5250.0,2842.8571428571427,1800.0,9500.0,9600.0,8941.666666666666,4714.285714285713,4177.222004331282,6079.365079365079,3658.347602490787,4907.142857142857,-1750.0,0.19999999999943158,-0.3375549656799657,4.368536241312752e-05,-1.0348302390217822e-06,0.8660254037844386,0.5000000000000001
mahesana,Mango,2024,2,5000.0,1,0.1,0.0034482758620689,5.040199003933568e-05,2024-02-01,10725.0,7750.0,2842.8571428571427,1800.0,3733.3333333333335,2500.0,4130.95238095238,3177.2656493914365,5771.031746031746,3368.776336601601,-2750.0,3200.0,0.19999999999943158,-0.23755496567996567,4.060350999531999e-05,-1.5891965831301804e-06,0.8660254037844386,0.5000000000000001
vadodara,Mango,2024,2,6237.5,4,0.3,0.0103448275862068,5.013542830534275e-05,2024-02-01,5000.0,5000.0,7750.0,2842.8571428571427,9000.0,12000.0,5197.619047619047,2459.5330290704565,5982.142857142858,3253.248768695756,1237.5,3394.6428571428573,0.09999999999943157,-0.03755496567996569,5.040199003933568e-05,6.450065892215228e-06,0.8660254037844386,0.5000000000000001
girsomnath,Mango,2024,2,11000.0,1,0.0,0.0,4.197262420000229e-05,2024-02-01,2985.714285714286,6237.5,5000.0,7750.0,9500.0,1983.3333333333333,6329.166666666665,1377.2897601207185,5521.726190476191,2919.040330284932,4762.5,3250.0,0.3999999999994316,-0.3375549656799657,5.013542830534275e-05,1.3691142046822982e-06,0.8660254037844386,0.5000000000000001
rajkot,Mango,2024,2,5250.0,2,0.1,0.0034482758620689,3.952202708349219e-05,2024-02-01,6375.0,11000.0,6237.5,5000.0,1800.0,9452.0,7412.499999999999,3167.8807979467983,5771.726190476191,3358.9820981279818,-5750.0,250.0,0.39999999999943153,-0.23755496567996567,4.197262420000229e-05,-1.0879962955843484e-05,0.8660254037844386,0.5000000000000001
banaskantha,Mango,2024,2,10725.0,3,1.0,0.0344827586206896,4.197262420000229e-05,2024-02-01,2050.0,5250.0,11000.0,6237.5,2842.8571428571427,8083.333333333333,7495.833333333332,3074.6019390050114,6346.726190476191,2790.2560084492484,5475.0,4487.5,0.3999999999994315,0.6624450343200343,3.952202708349219e-05,-8.16280410534046e-06,0.8660254037844386,0.5000000000000001
rajkot,Mango,2024,3,5000.0,1,0.9,0.0290322580645161,2.6589499842315083e-05,2024-03-01,10333.333333333334,10725.0,5250.0,11000.0,7750.0,9600.0,8991.666666666666,3243.2943642742894,7660.416666666667,2663.273557422662,-5725.0,-6000.0,1.0999999999994317,-1.0086255656108598,4.197262420000229e-05,-1.5383124357687208e-05,1.0,6.123233995736766e-17
valsad,Mango,2024,3,2985.714285714286,7,1.9,0.0612903225806451,3.825643681764075e-05,2024-03-01,4000.0,5000.0,10725.0,5250.0,5000.0,3733.3333333333335,6991.666666666665,3235.576970701421,7202.083333333333,2873.134358443188,-2014.2857142857142,-2264.285714285714,1.9999999999994316,-0.008625565610859809,2.6589499842315083e-05,-1.2655902658514442e-06,1.0,6.123233995736766e-17
vadodara,Mango,2024,3,6375.0,8,1.4,0.0451612903225806,4.473517841021099e-05,2024-03-01,4300.0,2985.714285714286,5000.0,10725.0,6237.5,9000.0,6236.904761904761,4015.169471436268,6866.369047619047,3271.907017545373,3389.285714285714,-4350.0,3.7999999999994314,-0.5086255656108598,3.825643681764075e-05,2.7625542102086955e-06,1.0,6.123233995736766e-17
kheda,Mango,2024,3,2050.0,2,8.1,0.2612903225806451,4.55524941441966e-05,2024-03-01,4500.0,6375.0,2985.714285714286,5000.0,11000.0,9500.0,4786.904761904761,1704.6617255747628,6889.285714285715,3267.09944377429,-4325.0,-2950.0,4.199999999999431,6.1913744343891395,4.473517841021099e-05,1.8962994301881514e-05,1.0,6.123233995736766e-17
porbandar,Mango,2024,3,10333.333333333334,3,0.4,0.0129032258064516,2.657611312577824e-05,2024-03-01,8583.333333333334,2050.0,6375.0,2985.714285714286,5250.0,1800.0,3803.5714285714275,2275.5381736178188,5397.619047619048,3050.9012273949083,8283.333333333334,7347.619047619048,11.39999999999943,-1.5086255656108598,4.55524941441966e-05,-1.1680323691862509e-05,1.0,6.123233995736766e-17
girsomnath,Mango,2024,3,4000.0,2,0.5,0.0161290322580645,4.197262420000229e-05,2024-03-01,2487.5,10333.333333333334,2050.0,6375.0,10725.0,2842.8571428571427,6252.7777777777765,4143.0190056867405,6244.841269841269,3648.9111433582507,-6333.333333333334,-2375.0,9.89999999999943,-1.4086255656108597,2.657611312577824e-05,-2.7625542102086955e-06,1.0,6.123233995736766e-17
bharuch,Mango,2024,3,4300.0,5,0.0,0.0,3.490583233531997e-05,2024-03-01,2625.0,4000.0,10333.333333333334,2050.0,5000.0,7750.0,5461.11111111111,4330.6508791447395,5124.007936507936,2966.568676883053,300.0,2250.0,8.999999999999432,-1.9086255656108597,4.197262420000229e-05,-1.0646661808876628e-05,1.0,6.123233995736766e-17
gandhinagar,Mango,2024,3,4500.0,1,14.1,0.4548387096774193,3.99382996031881e-05,2024-03-01,8000.0,4300.0,4000.0,10333.333333333334,2985.714285714286,5000.0,6211.1111111111095,3573.099080215535,5007.341269841269,2986.1209961340405,200.0,-5833.333333333334,0.8999999999994298,12.19137443438914,3.490583233531997e-05,1.336218647740986e-05,1.0,6.123233995736766e-17
banaskantha,Mango,2024,3,8583.333333333334,3,8.0,0.2580645161290322,4.197262420000229e-05,2024-03-01,10125.0,4500.0,4300.0,4000.0,6375.0,6237.5,4266.666666666665,251.66114784251218,5259.722222222223,2841.5782814537515,4083.333333333334,4583.333333333334,14.59999999999943,6.09137443438914,3.99382996031881e-05,0.0,1.0,6.123233995736766e-17
mahesana,Mango,2024,3,2487.5,4,13.3,0.4290322580645161,4.082105898555746e-05,2024-03-01,1850.0,8583.333333333334,4500.0,4300.0,2050.0,11000.0,5794.4444444444425,2417.3179199116516,5627.777777777778,3142.0564155531256,-6095.833333333334,-1812.5,22.09999999999943,11.39137443438914,4.197262420000229e-05,5.9152266502374916e-06,1.0,6.123233995736766e-17
surat,Mango,2024,3,2625.0,2,0.4,0.0129032258064516,3.91369333992262e-05,2024-03-01,4000.0,2487.5,8583.333333333334,4500.0,10333.333333333334,5250.0,5190.2777777777765,3105.9875345556184,5700.694444444445,3046.0315902948405,137.5,-1875.0,35.39999999999943,-1.5086255656108598,4.082105898555746e-05,-8.013662039618974e-07,1.0,6.123233995736766e-17
surendranagar,Mango,2024,3,8000.0,3,0.6,0.0193548387096774,3.1356804744933244e-05,2024-03-01,6162.5,2625.0,2487.5,8583.333333333334,4000.0,10725.0,4565.2777777777765,3480.4172735676716,4415.972222222222,2213.0082854106754,5375.0,-583.3333333333339,21.699999999999427,-1.3086255656108596,3.91369333992262e-05,-1.0615819455069047e-05,1.0,6.123233995736766e-17
navsari,Mango,2024,3,10125.0,1,0.2,0.0064516129032258,4.283363824773136e-05,2024-03-01,10352.0,8000.0,2625.0,2487.5,4300.0,5000.0,4370.833333333332,3143.7023687578007,5082.63888888889,2626.502766495293,2125.0,7637.5,14.29999999999943,-1.7086255656108598,3.1356804744933244e-05,2.0125792621738996e-06,1.0,6.123233995736766e-17
kheda,Mango,2024,4,1850.0,1,0.1,0.0033333333333333,4.362009721646544e-05,2024-04-01,2957.1428571428573,10125.0,8000.0,2625.0,4500.0,2985.714285714286,6916.666666666665,3865.579947864666,6053.472222222223,3275.678912525312,-8275.0,-775.0,1.1999999999994297,-0.878716960352423,4.283363824773136e-05,4.483163817239238e-06,0.8660254037844387,-0.4999999999999998
gandhinagar,Mango,2024,4,4000.0,1,2.7,0.09,4.03143437366472e-05,2024-04-01,2116.6666666666665,1850.0,10125.0,8000.0,8583.333333333334,6375.0,6658.333333333332,4297.552598088056,5611.805555555556,3680.647981019812,2150.0,-4000.0,0.8999999999994298,1.7212830396475773,4.362009721646544e-05,8.957538991713955e-06,0.8660254037844387,-0.4999999999999998
vadodara,Mango,2024,4,6162.5,4,0.0,0.0,4.048584057925665e-05,2024-04-01,8000.0,4000.0,1850.0,10125.0,2487.5,2050.0,5324.999999999999,4293.6726703371405,4847.916666666667,3405.9544978855306,2162.5,-3962.5,2.99999999999943,-0.978716960352423,4.03143437366472e-05,-2.347797668474712e-06,0.8660254037844387,-0.4999999999999998
navsari,Mango,2024,4,10352.0,1,0.4,0.0133333333333333,4.269924046963483e-05,2024-04-01,5000.0,6162.5,4000.0,1850.0,2625.0,10333.333333333334,4004.1666666666656,2156.253019321576,5460.416666666667,3222.056958166118,4189.5,8502.0,2.7999999999994296,-0.5787169603524229,4.048584057925665e-05,-9.208567468306094e-07,0.8660254037844387,-0.4999999999999998
valsad,Mango,2024,4,2957.1428571428573,7,0.3,0.01,3.668501406809023e-05,2024-04-01,4625.0,10352.0,6162.5,4000.0,8000.0,4000.0,6838.166666666665,3229.4535270434512,6748.25,3401.328178079862,-7394.857142857143,-1042.8571428571427,3.09999999999943,-0.678716960352423,4.269924046963483e-05,-3.629329668556968e-06,0.8660254037844387,-0.4999999999999998
mahesana,Mango,2024,4,2116.6666666666665,3,0.3,0.01,3.883384511153973e-05,2024-04-01,8566.666666666666,2957.1428571428573,10352.0,6162.5,10125.0,4300.0,6490.547619047618,3708.3270447856253,5907.773809523809,3644.5131587244537,-840.4761904761908,-4045.8333333333335,0.6999999999994297,-0.678716960352423,3.668501406809023e-05,-1.6519954677169196e-06,0.8660254037844387,-0.4999999999999998
surendranagar,Mango,2024,4,8000.0,3,0.0,0.0,3.060428558871616e-05,2024-04-01,10000.0,2116.6666666666665,2957.1428571428573,10352.0,1850.0,4500.0,5141.936507936506,4531.574919405948,4573.0515873015875,3234.5317121524536,5883.333333333334,-2352.0,0.9999999999994298,-0.978716960352423,3.883384511153973e-05,-1.2094954880918669e-05,0.8660254037844387,-0.4999999999999998
rajkot,Mango,2024,4,5000.0,2,0.9,0.03,2.5642126290242752e-05,2024-04-01,10333.333333333334,8000.0,2116.6666666666665,2957.1428571428573,4000.0,8583.333333333334,4357.936507936506,3181.99150169445,5598.0515873015875,3172.8911882001266,-3000.0,2042.8571428571427,0.5999999999994298,-0.07871696035242293,3.060428558871616e-05,-1.1042887777847479e-05,0.8660254037844387,-0.4999999999999998
bharuch,Mango,2024,4,4625.0,4,0.2,0.0066666666666666,3.215943464960829e-05,2024-04-01,5250.0,5000.0,8000.0,2116.6666666666665,6162.5,2487.5,5038.888888888888,2941.8594522915437,5764.718253968254,3097.528776929126,-375.0,2508.3333333333335,1.1999999999994297,-0.7787169603524229,2.5642126290242752e-05,-6.674410461931436e-06,0.8660254037844387,-0.4999999999999998
banaskantha,Mango,2024,4,8566.666666666666,3,0.0,0.0,4.197262420000229e-05,2024-04-01,1000.0,4625.0,5000.0,8000.0,10352.0,2625.0,5874.999999999999,1849.8310733686094,5508.468253968254,3121.543388308821,3941.666666666666,566.6666666666661,1.0999999999994299,-0.978716960352423,3.215943464960829e-05,1.1368338611286129e-05,0.8660254037844387,-0.4999999999999998
girsomnath,Mango,2024,4,10000.0,2,0.1,0.0033333333333333,4.197262420000229e-05,2024-04-01,10557.0,8566.666666666666,4625.0,5000.0,2957.1428571428573,8000.0,6063.888888888887,2175.563996692297,5210.912698412699,2610.8124226085038,1433.333333333334,5000.0,1.0999999999994299,-0.878716960352423,4.197262420000229e-05,1.633049790975954e-05,0.8660254037844387,-0.4999999999999998
porbandar,Mango,2024,4,10333.333333333334,3,1.0,0.0333333333333333,2.9305308065679505e-05,2024-04-01,6875.0,10000.0,8566.666666666666,4625.0,2116.6666666666665,10125.0,7730.555555555554,2783.3374916802027,6384.722222222222,2955.354916957563,333.33333333333394,5708.333333333334,0.29999999999942994,0.02128303964757705,4.197262420000229e-05,-2.8541265839287876e-06,0.8660254037844387,-0.4999999999999998
surat,Mango,2024,4,5250.0,2,0.1,0.0033333333333333,3.958426796076242e-05,2024-04-01,8500.0,10333.333333333334,10000.0,8566.666666666666,8000.0,1850.0,9633.33333333333,938.6751893552691,7754.166666666667,2441.0479876024315,-5083.333333333334,-3316.666666666666,1.0999999999994299,-0.878716960352423,2.9305308065679505e-05,-2.388356239239874e-06,0.8660254037844387,-0.4999999999999998
valsad,Mango,2024,5,1000.0,5,1.7000000000000002,0.0548387096774193,3.7858837742022e-05,2024-05-01,1550.0,5250.0,10333.333333333334,10000.0,5000.0,4000.0,8527.777777777776,2843.527412941222,7295.833333333333,2636.041592573582,-4250.0,-9000.0,1.19999999999943,-5.7170199692780335,3.958426796076242e-05,-4.113786457980289e-06,0.49999999999999994,-0.8660254037844387
navsari,Mango,2024,5,10557.0,1,5.9,0.1903225806451613,4.302470792432645e-05,2024-05-01,7000.0,1000.0,5250.0,10333.333333333334,4625.0,6162.5,5527.7777777777765,4672.86294985721,6629.166666666667,3645.369018052609,9557.0,223.66666666666606,2.79999999999943,-1.5170199692780333,3.7858837742022e-05,1.3719399858646948e-05,0.49999999999999994,-0.8660254037844387
rajkot,Mango,2024,5,6875.0,2,6.6,0.2129032258064516,2.263096099519322e-05,2024-05-01,6750.0,10557.0,1000.0,5250.0,8566.666666666666,10352.0,5602.333333333332,4788.232067614665,7617.833333333333,3794.4695647452327,-3682.0,1625.0,7.699999999999431,-0.817019969278034,4.302470792432645e-05,-1.6953306965569197e-05,0.49999999999999994,-0.8660254037844387
girsomnath,Mango,2024,5,8500.0,2,4.0,0.1290322580645161,4.197262420000229e-05,2024-05-01,3687.5,6875.0,10557.0,1000.0,10000.0,2957.1428571428573,6143.999999999999,4820.252379284727,7335.888888888888,3772.653099266814,1625.0,7500.0,14.19999999999943,-3.4170199692780336,2.263096099519322e-05,4.113786457980289e-06,0.49999999999999994,-0.8660254037844387
kheda,Mango,2024,5,1550.0,1,5.3,0.1709677419354838,3.835775870314869e-05,2024-05-01,4733.333333333333,8500.0,6875.0,10557.0,10333.333333333334,2116.6666666666665,8643.999999999998,1845.2189571972353,7085.888888888888,3606.8607875465364,-6950.0,-9007.0,16.49999999999943,-2.117019969278034,4.197262420000229e-05,-4.66694922117776e-06,0.49999999999999994,-0.8660254037844387
porbandar,Mango,2024,5,7000.0,1,1.8,0.0580645161290322,2.5352801872864584e-05,2024-05-01,8575.0,1550.0,8500.0,6875.0,5250.0,8000.0,5641.666666666665,3635.444722909895,5622.0,3802.3563746708473,5450.0,125.0,15.89999999999943,-5.617019969278034,3.835775870314869e-05,2.7218408776713633e-06,0.49999999999999994,-0.8660254037844387
surendranagar,Mango,2024,5,6750.0,2,1.7,0.0548387096774193,2.5457646381461627e-05,2024-05-01,2500.0,7000.0,1550.0,8500.0,1000.0,5000.0,5683.333333333332,3657.2986387952246,5913.666666666667,3835.0920023731774,-250.0,-1750.0,11.09999999999943,-5.7170199692780335,2.5352801872864584e-05,-1.6514977818540664e-05,0.49999999999999994,-0.8660254037844387
mahesana,Mango,2024,5,3687.5,4,0.1,0.0032258064516129,3.383464996269913e-05,2024-05-01,9387.5,6750.0,7000.0,1550.0,10557.0,4625.0,5099.999999999999,3076.9302884530994,6872.0,2986.1202253091005,-3062.5,2137.5,8.79999999999943,-7.317019969278034,2.5457646381461627e-05,-4.523108740449564e-06,0.49999999999999994,-0.8660254037844387
bharuch,Mango,2024,5,4733.333333333333,3,3.5,0.1129032258064516,2.938494034630256e-05,2024-05-01,4000.0,3687.5,6750.0,7000.0,6875.0,8566.666666666666,5812.499999999999,1844.5443204217322,5727.083333333333,2579.975976955348,1045.833333333333,-2266.666666666667,3.5999999999994308,-3.9170199692780336,3.383464996269913e-05,4.032138473437975e-06,0.49999999999999994,-0.8660254037844387
banaskantha,Mango,2024,5,8575.0,3,0.6,0.0193548387096774,4.197262420000229e-05,2024-05-01,2166.6666666666665,4733.333333333333,3687.5,6750.0,8500.0,10000.0,5056.9444444444425,1556.6854775213912,5370.13888888889,2537.193354031333,3841.666666666667,1825.0,5.2999999999994305,-6.817019969278034,2.938494034630256e-05,1.6514977818540664e-05,0.49999999999999994,-0.8660254037844387
surat,Mango,2024,5,2500.0,2,3.6,0.1161290322580645,3.8599796994730826e-05,2024-05-01,10500.0,8575.0,4733.333333333333,3687.5,1550.0,10333.333333333334,5665.2777777777765,2573.5781313471366,5382.63888888889,2555.8136569542976,-6075.0,-1187.5,4.19999999999943,-3.8170199692780336,4.197262420000229e-05,4.7651470320316975e-06,0.49999999999999994,-0.8660254037844387
vadodara,Mango,2024,5,9387.5,4,2.4000000000000004,0.0774193548387097,3.545690852767383e-05,2024-05-01,1850.0,2500.0,8575.0,4733.333333333333,7000.0,5250.0,5269.4444444444425,3072.7784808854453,5540.972222222223,2286.0877800213607,6887.5,4654.166666666667,7.699999999999431,-5.017019969278033,3.8599796994730826e-05,6.07196818137127e-06,0.49999999999999994,-0.8660254037844387
gandhinagar,Mango,2024,6,4000.0,1,45.3,1.51,3.276526132692719e-05,2024-06-01,8750.0,9387.5,2500.0,8575.0,6750.0,1000.0,6820.833333333332,3763.9393703051855,5938.88888888889,2751.289680751093,-5387.5,-4575.0,6.599999999999431,-80.53309782608696,3.545690852767383e-05,-9.207362873075103e-06,1.2246467991473532e-16,-1.0
mahesana,Mango,2024,6,2166.6666666666665,3,72.4,2.4133333333333336,2.7702647914481984e-05,2024-06-01,8764.285714285714,4000.0,9387.5,2500.0,3687.5,10557.0,5295.833333333332,3621.9886917732642,5480.555555555556,2817.408268578035,-1833.3333333333335,-333.3333333333335,51.29999999999943,-53.43309782608695,3.276526132692719e-05,-1.0897149080248842e-05,1.2246467991473532e-16,-1.0
girsomnath,Mango,2024,6,10500.0,2,251.0,8.366666666666667,4.197262420000229e-05,2024-06-01,10947.0,2166.6666666666665,4000.0,9387.5,4733.333333333333,6875.0,5184.722222222221,3753.36962805622,5227.083333333334,3068.2330125732738,8333.333333333334,1112.5,120.09999999999943,125.16690217391304,2.7702647914481984e-05,6.515715672328462e-06,1.2246467991473532e-16,-1.0
kheda,Mango,2024,6,1850.0,1,43.4,1.4466666666666663,3.201750239511346e-05,2024-06-01,7583.333333333333,10500.0,2166.6666666666665,4000.0,8575.0,8500.0,5555.555555555555,4379.032533097465,6188.194444444444,3717.1957925545485,-8650.0,-2150.0,368.6999999999994,-82.43309782608696,4.197262420000229e-05,-7.477589318137268e-07,1.2246467991473532e-16,-1.0
porbandar,Mango,2024,6,8750.0,2,176.7,5.89,2.20338266479972e-05,2024-06-01,7141.666666666667,1850.0,10500.0,2166.6666666666665,2500.0,1550.0,4838.888888888888,4905.222085054231,5067.36111111111,3864.536425291839,6900.0,6583.333333333334,366.7999999999994,50.86690217391303,3.201750239511346e-05,-5.668821266484785e-06,1.2246467991473532e-16,-1.0
vadodara,Mango,2024,6,8764.285714285714,7,149.5,4.983333333333333,3.124181101009331e-05,2024-06-01,4800.0,8750.0,1850.0,10500.0,9387.5,7000.0,7033.333333333332,4573.383138698681,6109.027777777777,3876.423051125399,14.285714285713766,-1735.7142857142862,471.09999999999945,23.666902173913044,2.20338266479972e-05,-1.0730813189908979e-05,1.2246467991473532e-16,-1.0
navsari,Mango,2024,6,10947.0,1,159.3,5.3100000000000005,5.3260992224499e-05,2024-06-01,5375.0,8764.285714285714,8750.0,1850.0,4000.0,6750.0,6454.761904761904,3987.8471848941367,6005.158730158731,3778.1095876024474,2182.7142857142862,9097.0,369.59999999999945,33.466902173913056,3.124181101009331e-05,2.1243489829385535e-05,1.2246467991473532e-16,-1.0
rajkot,Mango,2024,6,7583.333333333333,3,136.8,4.5600000000000005,2.078338608409593e-05,2024-06-01,3242.8571428571427,10947.0,8764.285714285714,8750.0,2166.6666666666665,3687.5,9487.095238095237,1264.3347878558,7162.992063492064,4092.1443209196773,-3363.666666666667,-1166.666666666667,485.49999999999943,10.966902173913056,5.3260992224499e-05,-1.2504405639012683e-06,1.2246467991473532e-16,-1.0
banaskantha,Mango,2024,6,7141.666666666667,3,86.39999999999999,2.88,4.197262420000229e-05,2024-06-01,6166.666666666667,7583.333333333333,10947.0,8764.285714285714,10500.0,4733.333333333333,9098.206349206348,1706.5141675153243,8065.769841269841,3287.905069555659,-441.66666666666606,-1622.6190476190468,445.59999999999945,-39.433097826086964,2.078338608409593e-05,1.0730813189908979e-05,1.2246467991473532e-16,-1.0
bharuch,Mango,2024,6,4800.0,4,134.8,4.493333333333334,2.452555328141673e-05,2024-06-01,2860.0,7141.666666666667,7583.333333333333,10947.0,1850.0,8575.0,8557.333333333332,2081.2610226601814,7506.047619047619,3069.213421950087,-2341.666666666667,-6147.0,382.49999999999943,8.966902173913056,4.197262420000229e-05,-2.8735438943082265e-05,1.2246467991473532e-16,-1.0
surat,Mango,2024,6,5375.0,2,162.8,5.426666666666667,3.996691955553764e-05,2024-06-01,1800.0,4800.0,7141.666666666667,7583.333333333333,8750.0,2500.0,6508.333333333332,1495.8507427027964,7997.714285714286,2048.4998183229254,575.0,-2208.333333333333,357.99999999999943,36.966902173913056,2.452555328141673e-05,1.918353347144171e-05,1.2246467991473532e-16,-1.0
valsad,Mango,2024,6,3242.8571428571427,7,146.2,4.873333333333333,5.108902656001063e-05,2024-06-01,2750.0,5375.0,4800.0,7141.666666666667,8764.285714285714,9387.5,5772.222222222222,1220.3236516657698,7435.214285714286,2253.708785842422,-2132.1428571428573,-3898.8095238095243,383.99999999999943,20.366902173913033,3.996691955553764e-05,9.11640236000834e-06,1.2246467991473532e-16,-1.0
surendranagar,Mango,2024,6,6166.666666666667,3,153.3,5.11,2.1244412145032223e-05,2024-06-01,5500.0,3242.8571428571427,5375.0,4800.0,10947.0,4000.0,4472.619047619047,1103.1282821153602,6514.97619047619,2687.9142507294478,2923.8095238095243,1366.666666666667,443.7999999999995,27.466902173913056,5.108902656001063e-05,-3.281141136384509e-06,1.2246467991473532e-16,-1.0
valsad,Mango,2024,7,2860.0,5,643.7,20.76451612903226,1.8378997557066125e-05,2024-07-01,4000.0,6166.666666666667,3242.8571428571427,5375.0,7583.333333333333,2166.6666666666665,4928.1746031746015,1512.2517099729178,5718.253968253968,1599.643821371888,-3306.666666666667,-2515.0,462.2999999999995,272.27075991189434,2.1244412145032223e-05,-2.1587921998471516e-05,-0.4999999999999997,-0.8660254037844388
kheda,Mango,2024,7,1800.0,1,411.0,13.258064516129032,2.947528745452613e-05,2024-07-01,6500.0,2860.0,6166.666666666667,3242.8571428571427,7141.666666666667,10500.0,4089.8412698412685,1808.7420199225412,4931.031746031746,1659.3422505497701,-1060.0,-1442.8571428571427,943.1999999999996,39.5707599118943,1.8378997557066125e-05,-2.1613739105484502e-05,-0.4999999999999997,-0.8660254037844388
bharuch,Mango,2024,7,2750.0,2,413.7,13.34516129032258,2.37935990571456e-05,2024-07-01,7500.0,1800.0,2860.0,6166.666666666667,4800.0,1850.0,3608.8888888888873,2277.6238430369567,4040.753968253968,1669.0098522774585,950.0,-3416.666666666667,1207.9999999999995,42.27075991189429,2.947528745452613e-05,2.5491869121133763e-06,-0.4999999999999997,-0.8660254037844388
surat,Mango,2024,7,5500.0,1,514.8,16.606451612903225,1.6777042126690596e-05,2024-07-01,8750.0,2750.0,1800.0,2860.0,5375.0,8750.0,2469.9999999999986,582.8378848359681,3699.0873015873017,1692.1668970979579,2750.0,2640.0,1468.3999999999996,143.37075991189425,2.37935990571456e-05,-1.601955430375529e-06,-0.4999999999999997,-0.8660254037844388
mahesana,Mango,2024,7,4000.0,2,278.8,8.993548387096775,2.575711926950051e-05,2024-07-01,4000.0,5500.0,2750.0,1800.0,3242.8571428571427,8764.285714285714,3349.9999999999986,1921.5878850575805,3719.9206349206347,1717.5065092224347,-1500.0,2200.0,1339.4999999999995,-92.62924008810569,1.6777042126690596e-05,-3.7181681850256197e-06,-0.4999999999999997,-0.8660254037844388
girsomnath,Mango,2024,7,6500.0,2,630.2,20.32903225806452,4.197262420000229e-05,2024-07-01,7150.714285714285,4000.0,5500.0,2750.0,6166.666666666667,10947.0,4083.333333333332,1376.892636821549,3846.111111111111,1703.200146999968,2500.0,3750.0,1207.2999999999995,258.77075991189434,2.575711926950051e-05,1.8179025142856692e-05,-0.4999999999999997,-0.8660254037844388
porbandar,Mango,2024,7,7500.0,1,700.0,22.580645161290324,2.2753231327958383e-05,2024-07-01,6250.0,6500.0,4000.0,5500.0,2860.0,7583.333333333333,5333.333333333332,1258.3057392118176,3901.6666666666665,1796.890833263568,1000.0,2000.0,1423.7999999999995,328.5707599118943,4.197262420000229e-05,5.976189201267787e-06,-0.4999999999999997,-0.8660254037844388
surendranagar,Mango,2024,7,8750.0,1,394.1,12.712903225806452,2.3576039173021624e-05,2024-07-01,7350.0,7500.0,6500.0,4000.0,1800.0,7141.666666666667,5999.999999999999,1802.7756377320127,4675.0,2209.9208130609577,1250.0,4750.0,1608.9999999999995,22.670759911894322,2.2753231327958383e-05,-2.181080096478886e-06,-0.4999999999999997,-0.8660254037844388
gandhinagar,Mango,2024,7,4000.0,1,380.8,12.283870967741937,3.1198456725662385e-05,2024-07-01,6325.0,8750.0,7500.0,6500.0,2750.0,4800.0,7583.333333333332,1127.3124382057526,5833.333333333333,2222.985979862832,-4750.0,-2500.0,1724.2999999999997,9.37075991189431,2.3576039173021624e-05,-1.0774167474339906e-05,-0.4999999999999997,-0.8660254037844388
vadodara,Mango,2024,7,7150.714285714285,7,399.1,12.874193548387098,2.816917619670396e-05,2024-07-01,6650.0,4000.0,8750.0,7500.0,5500.0,5375.0,6749.999999999999,2462.2144504490393,6041.666666666667,1913.2215414495847,3150.7142857142853,-349.2857142857147,1474.8999999999996,27.670759911894322,3.1198456725662385e-05,5.415944868745577e-06,-0.4999999999999997,-0.8660254037844388
banaskantha,Mango,2024,7,6250.0,1,131.9,4.254838709677419,4.197262420000229e-05,2024-07-01,5000.0,7150.714285714285,4000.0,8750.0,4000.0,3242.8571428571427,6633.5714285714275,2416.8579914882203,6316.785714285715,1938.2736769968385,-900.7142857142853,-2500.0,1173.9999999999995,-239.5292400881057,2.816917619670396e-05,1.8396585026980668e-05,-0.4999999999999997,-0.8660254037844388
vadodara,Mango,2024,8,7350.0,7,647.5,20.887096774193548,4.20389987507559e-05,2024-08-01,1900.0,6250.0,7150.714285714285,4000.0,6500.0,6166.666666666667,5800.2380952380945,1622.7952599703938,6691.785714285715,1586.047825281986,1100.0,3350.0,911.7999999999996,340.3179891304348,4.197262420000229e-05,1.0840542025093514e-05,-0.8660254037844384,-0.5000000000000004
banaskantha,Mango,2024,8,6325.0,1,278.8,8.993548387096775,4.197262420000229e-05,2024-08-01,8500.0,7350.0,6250.0,7150.714285714285,7500.0,2860.0,6916.904761904761,586.0888755710106,6833.452380952382,1603.3581096845603,-1025.0,-825.7142857142853,1178.4999999999995,-28.382010869565192,4.20389987507559e-05,1.3803448003298331e-05,-0.8660254037844384,-0.5000000000000004
girsomnath,Mango,2024,8,6650.0,2,277.4,8.948387096774193,4.197262420000229e-05,2024-08-01,3925.0,6325.0,7350.0,6250.0,8750.0,1800.0,6641.666666666665,614.5798022497958,6637.619047619049,1577.2076634373561,325.0,400.0,1058.1999999999996,-29.782010869565227,4.197262420000229e-05,0.0,-0.8660254037844384,-0.5000000000000004
valsad,Mango,2024,8,5000.0,1,491.0,15.838709677419354,4.534082126941135e-05,2024-08-01,9750.0,6650.0,6325.0,7350.0,4000.0,2750.0,6774.999999999999,523.8081709939858,6287.619047619049,1203.4051743305372,-1650.0,-2350.0,1203.6999999999996,183.8179891304348,4.197262420000229e-05,3.3018225186554477e-06,-0.8660254037844384,-0.5000000000000004
kheda,Mango,2024,8,1900.0,1,590.1,19.03548387096774,5.352468909347988e-05,2024-08-01,5000.0,5000.0,6650.0,6325.0,7150.714285714285,5500.0,5991.666666666665,874.0471001801895,6454.285714285715,836.5423248255672,-3100.0,-4425.0,1047.1999999999996,282.9179891304348,4.534082126941135e-05,1.1552064893477589e-05,-0.8660254037844384,-0.5000000000000004
porbandar,Mango,2024,8,8500.0,2,526.4,16.980645161290322,4.54887609573274e-05,2024-08-01,10588.5,1900.0,5000.0,6650.0,6250.0,4000.0,4516.666666666665,2411.6038922952084,5579.166666666667,1957.5760947321323,6600.0,1850.0,1358.4999999999995,219.21798913043477,5.352468909347988e-05,3.5161367573251077e-06,-0.8660254037844384,-0.5000000000000004
bharuch,Mango,2024,8,3925.0,4,602.0,19.41935483870968,3.605586586885368e-05,2024-08-01,8333.333333333334,8500.0,1900.0,5000.0,7350.0,6500.0,5133.333333333332,3302.019584032384,5954.166666666667,2297.738924827345,-4575.0,-1075.0,1607.4999999999995,294.8179891304348,4.54887609573274e-05,-9.284955400557666e-06,-0.8660254037844384,-0.5000000000000004
rajkot,Mango,2024,8,9750.0,2,531.5,17.14516129032258,5.4038194507941925e-05,2024-08-01,2666.6666666666665,3925.0,8500.0,1900.0,6325.0,7500.0,4774.999999999999,3381.105588413362,5383.333333333333,2307.036338393199,5825.0,7850.0,1718.4999999999995,224.3179891304348,3.605586586885368e-05,5.135054144620452e-07,-0.8660254037844384,-0.5000000000000004
gandhinagar,Mango,2024,8,5000.0,1,573.4,18.496774193548383,5.000679143209864e-05,2024-08-01,3625.0,9750.0,3925.0,8500.0,6650.0,8750.0,7391.666666666665,3066.5874083960807,5954.166666666667,2927.0470045195248,-4750.0,-3500.0,1659.8999999999996,266.2179891304348,5.4038194507941925e-05,4.518030474771239e-06,-0.8660254037844384,-0.5000000000000004
navsari,Mango,2024,8,10588.5,2,507.4,16.36774193548387,4.228682396960216e-05,2024-08-01,4750.0,5000.0,9750.0,3925.0,5000.0,4000.0,6224.999999999999,3099.6975658925276,5679.166666666667,2926.107340250305,5588.5,6663.5,1706.8999999999994,200.21798913043477,5.000679143209864e-05,6.2309581007484775e-06,-0.8660254037844384,-0.5000000000000004
surendranagar,Mango,2024,8,8333.333333333334,3,347.5,11.209677419354838,4.732913963220623e-05,2024-08-01,8500.0,10588.5,5000.0,9750.0,1900.0,7150.714285714285,8446.166666666666,3013.7715711933756,6610.583333333333,3499.873860822237,-2255.166666666666,-1416.666666666666,1612.2999999999997,40.317989130434796,4.228682396960216e-05,-6.709054875735696e-06,-0.8660254037844384,-0.5000000000000004
mahesana,Mango,2024,8,2666.6666666666665,3,468.1,15.1,5.09012722506393e-05,2024-08-01,11250.0,8333.333333333334,10588.5,5000.0,8500.0,6250.0,7973.9444444444425,2811.5304271148566,7682.805555555556,2650.5054034124596,-5666.666666666668,-2333.3333333333335,1428.2999999999997,160.91798913043482,4.732913963220623e-05,8.944808185406647e-07,-0.8660254037844384,-0.5000000000000004
surat,Mango,2024,8,3625.0,2,658.5,21.241935483870968,3.8792455451868064e-05,2024-08-01,3916.6666666666665,2666.6666666666665,8333.333333333334,10588.5,3925.0,7350.0,7196.166666666665,4081.509752666429,6710.583333333333,3284.7660727634566,958.3333333333335,-6963.5,1322.9999999999995,351.3179891304348,5.09012722506393e-05,-3.494368517734094e-06,-0.8660254037844384,-0.5000000000000004
bharuch,Mango,2024,9,4750.0,4,485.8,16.193333333333335,5.091566521242445e-05,2024-09-01,8500.0,3625.0,2666.6666666666665,8333.333333333334,9750.0,6325.0,4874.999999999999,3033.092939192245,6660.583333333333,3337.507775688,1125.0,-3583.333333333334,1474.0999999999995,279.22696957671957,3.8792455451868064e-05,3.586525580218218e-06,-1.0,-1.8369701987210297e-16
porbandar,Mango,2024,9,8500.0,1,104.8,3.493333333333333,5.640612280168355e-05,2024-09-01,7500.0,4750.0,3625.0,2666.6666666666665,5000.0,6650.0,3680.5555555555543,1042.7771858164795,5827.25,3021.0580077368854,3750.0,5833.333333333334,1612.3999999999996,-101.77303042328045,5.091566521242445e-05,5.5048505510442485e-06,-1.0,-1.8369701987210297e-16
banaskantha,Mango,2024,9,11250.0,2,138.1,4.6033333333333335,4.197262420000229e-05,2024-09-01,6968.75,8500.0,4750.0,3625.0,10588.5,5000.0,5624.999999999999,2552.572232082781,6410.583333333333,3163.9071024253935,2750.0,7625.0,1249.0999999999997,-68.47303042328045,5.640612280168355e-05,3.180168748134227e-06,-1.0,-1.8369701987210297e-16
mahesana,Mango,2024,9,3916.6666666666665,3,162.8,5.426666666666667,5.9156926334743206e-05,2024-09-01,10500.0,11250.0,8500.0,4750.0,8333.333333333334,1900.0,8166.666666666665,3262.795325075325,6520.833333333333,3344.9537033833303,-7333.333333333334,-833.3333333333335,728.6999999999996,-43.77303042328043,4.197262420000229e-05,8.24126112231876e-06,-1.0,-1.8369701987210297e-16
girsomnath,Mango,2024,9,8500.0,2,217.4,7.246666666666667,4.197262420000229e-05,2024-09-01,2600.0,3916.6666666666665,11250.0,8500.0,2666.6666666666665,8500.0,7888.888888888888,3704.664227300107,5784.722222222222,3352.281216105221,4583.333333333334,0.0,405.69999999999953,10.826969576719563,5.9156926334743206e-05,-1.443349860168126e-05,-1.0,-1.8369701987210297e-16
valsad,Mango,2024,9,7500.0,1,286.4,9.546666666666663,6.549763300047077e-05,2024-09-01,9343.5,8500.0,3916.6666666666665,11250.0,3625.0,3925.0,7888.888888888888,3704.664227300107,6756.944444444444,3103.807771944853,-1000.0,-3750.0,518.2999999999995,79.82696957671953,4.197262420000229e-05,2.3525008800468474e-05,-1.0,-1.8369701987210297e-16
vadodara,Mango,2024,9,6968.75,8,388.4,12.946666666666664,5.906328929836226e-05,2024-09-01,7500.0,7500.0,8500.0,3916.6666666666665,4750.0,9750.0,6638.888888888888,2409.9523585271213,7402.777777777777,2698.4649271322905,-531.25,3052.0833333333335,666.5999999999995,181.82696957671953,6.549763300047077e-05,-9.363703638094918e-08,-1.0,-1.8369701987210297e-16
surendranagar,Mango,2024,9,10500.0,1,282.7,9.423333333333334,5.235396018800266e-05,2024-09-01,1750.0,6968.75,7500.0,8500.0,8500.0,5000.0,7656.249999999999,777.4909565390861,7772.569444444444,2397.4669852996894,3531.25,2000.0,892.1999999999995,76.12696957671955,5.906328929836226e-05,1.0381335988000369e-05,-1.0,-1.8369701987210297e-16
kheda,Mango,2024,9,2600.0,1,266.5,8.883333333333333,6.698101647897858e-05,2024-09-01,1500.0,10500.0,6968.75,7500.0,11250.0,10588.5,8322.916666666666,1904.028760505837,8105.902777777777,2645.082051036056,-7900.0,-4900.0,957.4999999999995,59.92696957671956,5.235396018800266e-05,1.483383478507818e-06,-1.0,-1.8369701987210297e-16
navsari,Mango,2024,9,9343.5,2,274.8,9.16,6.682650241036304e-05,2024-09-01,1625.0,2600.0,10500.0,6968.75,3916.6666666666665,8333.333333333334,6689.583333333332,3957.3918836568864,6664.23611111111,2930.5800337972046,6743.5,2374.75,937.5999999999995,68.22696957671957,6.698101647897858e-05,7.763213112000784e-06,-1.0,-1.8369701987210297e-16
rajkot,Mango,2024,9,7500.0,3,150.29999999999998,5.01,6.2222691441176e-05,2024-09-01,9500.0,9343.5,2600.0,10500.0,8500.0,2666.6666666666665,7481.166666666665,4266.58107661549,7568.708333333333,2744.5361648950425,-1843.5,-3000.0,823.9999999999995,-56.27303042328046,6.682650241036304e-05,9.868731253173344e-06,-1.0,-1.8369701987210297e-16
surat,Mango,2024,9,1750.0,1,368.5,12.283333333333331,5.881325051856195e-05,2024-09-01,10250.0,7500.0,9343.5,2600.0,7500.0,3625.0,6481.166666666665,3485.2853661261943,7402.041666666667,2706.7746046571338,-5750.0,-850.0,691.5999999999995,161.92696957671956,6.2222691441176e-05,-8.167765960416633e-06,-1.0,-1.8369701987210297e-16
gandhinagar,Mango,2024,9,1500.0,1,215.7,7.19,6.24502240339141e-05,2024-09-01,4062.5,1750.0,7500.0,9343.5,6968.75,4750.0,6197.833333333332,3960.686693407268,6443.708333333333,3551.3013474523304,-250.0,-7843.5,793.5999999999995,9.126969576719546,5.881325051856195e-05,-4.3762783764489404e-06,-1.0,-1.8369701987210297e-16
surat,Mango,2024,10,1625.0,2,146.20000000000002,4.716129032258065,5.891297159264544e-05,2024-10-01,6875.0,1500.0,1750.0,7500.0,10500.0,8500.0,3583.333333333332,3394.235309069394,5532.25,4055.58261844091,125.0,-5875.0,734.4999999999995,111.71261061946905,6.24502240339141e-05,-3.3097198485305677e-06,-0.8660254037844386,0.5000000000000001
surendranagar,Mango,2024,10,9500.0,2,68.7,2.2161290322580647,5.2762074841218496e-05,2024-10-01,2000.0,1625.0,1500.0,1750.0,2600.0,11250.0,1624.9999999999989,125.00000000029803,4053.0833333333335,3455.407652024089,7875.0,7750.0,730.3999999999995,34.21261061946903,5.891297159264544e-05,-6.0511756773434544e-06,-0.8660254037844386,0.5000000000000001
navsari,Mango,2024,10,10250.0,1,241.0,7.774193548387097,6.508464141462694e-05,2024-10-01,6250.0,9500.0,1625.0,1500.0,9343.5,3916.6666666666665,4208.333333333332,4583.143935480687,5203.083333333333,3983.0054031681507,750.0,8750.0,430.5999999999995,206.51261061946903,5.2762074841218496e-05,2.634417380712839e-06,-0.8660254037844386,0.5000000000000001
bharuch,Mango,2024,10,4062.5,4,111.7,3.603225806451613,5.169281362335729e-05,2024-10-01,6287.5,10250.0,9500.0,1625.0,7500.0,8500.0,7124.999999999999,4777.878713404105,5354.166666666667,4183.611378542071,-6187.5,2437.5,455.8999999999995,77.21261061946903,6.508464141462694e-05,-7.220157969288145e-06,-0.8660254037844386,0.5000000000000001
rajkot,Mango,2024,10,6875.0,2,120.9,3.9,5.836493567162919e-05,2024-10-01,6000.0,4062.5,10250.0,9500.0,1750.0,7500.0,7937.499999999999,3376.735664810034,4781.25,4064.6628857753994,2812.5,-2625.0,421.39999999999947,86.41261061946904,5.169281362335729e-05,5.6028608304106955e-06,-0.8660254037844386,0.5000000000000001
kheda,Mango,2024,10,2000.0,1,83.1,2.6806451612903226,5.3116723307895096e-05,2024-10-01,9333.333333333334,6875.0,4062.5,10250.0,1500.0,6968.75,7062.499999999999,3098.0084328484427,5635.416666666667,3832.1046491016796,-4875.0,-8250.0,473.5999999999995,48.612610619469024,5.836493567162919e-05,-1.1967918106731844e-05,-0.8660254037844386,0.5000000000000001
girsomnath,Mango,2024,10,6250.0,2,157.5,5.080645161290323,4.197262420000229e-05,2024-10-01,7568.75,2000.0,6875.0,4062.5,1625.0,10500.0,4312.499999999999,2447.0964938065013,5718.75,3728.2179892007443,4250.0,2187.5,315.6999999999995,123.01261061946903,5.3116723307895096e-05,-9.720189423355e-06,-0.8660254037844386,0.5000000000000001
banaskantha,Mango,2024,10,6287.5,2,17.1,0.5516129032258065,4.197262420000229e-05,2024-10-01,2250.0,6250.0,2000.0,6875.0,9500.0,2600.0,5041.666666666665,2652.632340399514,6489.583333333333,3145.0399109815353,37.5,-587.5,361.4999999999995,-17.38738938053097,4.197262420000229e-05,-1.63923114716269e-05,-0.8660254037844386,0.5000000000000001
valsad,Mango,2024,10,6000.0,2,161.7,5.216129032258064,6.659864601317762e-05,2024-10-01,9000.0,6287.5,6250.0,2000.0,10250.0,9343.5,4845.833333333332,2464.63528403969,5954.166666666667,2782.6096863675866,-287.5,4000.0,257.6999999999995,127.21261061946902,4.197262420000229e-05,1.3481922705282523e-05,-0.8660254037844386,0.5000000000000001
porbandar,Mango,2024,10,9333.333333333334,3,101.6,3.27741935483871,5.605110780530596e-05,2024-10-01,10750.0,6000.0,6287.5,6250.0,4062.5,7500.0,6179.166666666665,156.29166111279574,5245.833333333333,1857.5297216105819,3333.333333333334,3083.333333333334,336.2999999999995,67.11261061946902,6.659864601317762e-05,1.4078483605303667e-05,-0.8660254037844386,0.5000000000000001
vadodara,Mango,2024,10,7568.75,8,95.6,3.083870967741935,6.149573349273367e-05,2024-10-01,9437.5,9333.333333333334,6000.0,6287.5,6875.0,1750.0,7206.9444444444425,1847.1089146535603,6124.305555555556,2363.4373752760857,-1764.583333333334,1281.25,280.39999999999947,61.112610619469024,5.605110780530596e-05,1.9523109292731375e-05,-0.8660254037844386,0.5000000000000001
mahesana,Mango,2024,10,2250.0,1,34.4,1.1096774193548389,5.559340280151513e-05,2024-10-01,1240.0,7568.75,9333.333333333334,6000.0,2000.0,1500.0,7634.0277777777765,1667.6251584158651,6239.930555555556,2423.709714246995,-5318.75,-3750.0,358.8999999999994,-0.087389380530972,6.149573349273367e-05,-1.1005243211662487e-05,-0.8660254037844386,0.5000000000000001
girsomnath,Mango,2024,11,9000.0,2,0.0,0.0,4.197262420000229e-05,2024-11-01,3375.0,2250.0,7568.75,9333.333333333334,6250.0,1625.0,6384.0277777777765,3687.2859715037307,6281.597222222223,2336.8338387755266,6750.0,-333.33333333333394,231.59999999999948,-9.795056689342402,5.559340280151513e-05,-1.4078483605303667e-05,-0.5000000000000004,0.8660254037844384
navsari,Mango,2024,11,10750.0,1,0.0,0.0,5.831135489317551e-05,2024-11-01,5860.0,9000.0,2250.0,7568.75,6287.5,9500.0,6272.916666666665,3556.685679229104,6739.930555555556,2585.817493998486,1750.0,3181.25,129.9999999999995,-9.795056689342402,4.197262420000229e-05,-3.1843785995581595e-06,-0.5000000000000004,0.8660254037844384
banaskantha,Mango,2024,11,9437.5,2,0.0,0.0,4.197262420000229e-05,2024-11-01,11000.0,10750.0,9000.0,2250.0,6000.0,10250.0,7333.333333333332,4488.4110031650835,7483.680555555556,3032.7954012102396,-1312.5,7187.5,34.39999999999949,-9.795056689342402,5.831135489317551e-05,-1.3620778601512841e-05,-0.5000000000000004,0.8660254037844384
valsad,Mango,2024,11,1240.0,10,0.0,0.0,5.873373721578773e-05,2024-11-01,2500.0,9437.5,10750.0,9000.0,9333.333333333334,4062.5,9729.166666666666,910.72887476646,8056.597222222223,3021.123668997975,-8197.5,-7760.0,0.0,-9.795056689342402,4.197262420000229e-05,1.676111301578544e-05,-0.5000000000000004,0.8660254037844384
surat,Mango,2024,11,3375.0,2,0.0,0.0,5.287529962046734e-05,2024-11-01,9125.0,1240.0,9437.5,10750.0,7568.75,6875.0,7142.499999999999,5153.667989888373,6707.708333333333,3988.8563850327773,2135.0,-7375.0,0.0,-9.795056689342402,5.873373721578773e-05,-5.43605527270817e-06,-0.5000000000000004,0.8660254037844384
vadodara,Mango,2024,11,5860.0,5,0.0,0.0,5.454965287582832e-05,2024-11-01,7062.5,3375.0,1240.0,9437.5,2250.0,2000.0,4684.166666666665,4252.668524977395,6008.75,4171.071130417228,2485.0,-3577.5,0.0,-9.795056689342402,5.287529962046734e-05,1.2577028675826028e-05,-0.5000000000000004,0.8660254037844384
porbandar,Mango,2024,11,11000.0,2,0.0,0.0,3.864325140606845e-05,2024-11-01,5000.0,5860.0,3375.0,1240.0,9000.0,6250.0,3491.6666666666656,2312.2085401912645,6610.416666666667,3760.6137852306438,5140.0,9760.0,0.0,-9.795056689342402,5.454965287582832e-05,-2.009048580971928e-05,-0.5000000000000004,0.8660254037844384
mahesana,Mango,2024,11,2500.0,3,0.0,0.0,4.810740200683896e-05,2024-11-01,1950.0,11000.0,5860.0,3375.0,10750.0,6287.5,6744.999999999999,3888.775514220391,6943.75,4089.076836524364,-8500.0,-875.0,0.0,-9.795056689342402,3.864325140606845e-05,-4.767897613628374e-06,-0.5000000000000004,0.8660254037844384
surendranagar,Mango,2024,11,9125.0,2,0.0,0.0,4.425772576666238e-05,2024-11-01,5000.0,2500.0,11000.0,5860.0,9437.5,6000.0,6453.333333333332,4280.950050319836,5568.75,3937.470555445467,6625.0,3265.0,0.0,-9.795056689342402,4.810740200683896e-05,-1.0291927109165941e-05,-0.5000000000000004,0.8660254037844384
rajkot,Mango,2024,11,7062.5,2,0.0,0.0,4.645954337498591e-05,2024-11-01,5643.75,9125.0,2500.0,11000.0,1240.0,9333.333333333334,7541.666666666665,4465.7259581543285,5516.666666666667,3877.6741310567472,-2062.5,-3937.5,0.0,-9.795056689342402,4.425772576666238e-05,7.816291968917462e-06,-0.5000000000000004,0.8660254037844384
bharuch,Mango,2024,11,5000.0,2,0.0,0.0,4.626164602239788e-05,2024-11-01,8083.333333333333,7062.5,9125.0,2500.0,3375.0,7568.75,6229.166666666665,3390.2049470988336,6487.083333333333,3275.0955774857543,-2062.5,2500.0,0.0,-9.795056689342402,4.645954337498591e-05,-1.8457559844410837e-06,-0.5000000000000004,0.8660254037844384
kheda,Mango,2024,11,1950.0,2,0.0,0.0,4.760013905486417e-05,2024-11-01,6750.0,5000.0,7062.5,9125.0,5860.0,2250.0,7062.499999999999,2062.5000000000164,6757.916666666667,3023.822256956708,-3050.0,-7175.0,0.0,-9.795056689342402,4.626164602239788e-05,3.342413288201794e-06,-0.5000000000000004,0.8660254037844384
gandhinagar,Mango,2024,11,5000.0,1,0.0,0.0,4.7570254565718725e-05,2024-11-01,9252.0,1950.0,5000.0,7062.5,11000.0,9000.0,4670.833333333332,2572.0958542273297,6106.25,3618.8201633958074,3050.0,-2062.5,0.0,-9.795056689342402,4.760013905486417e-05,1.1107111907328118e-06,-0.5000000000000004,0.8660254037844384
vadodara,Mango,2024,12,5643.75,8,2.0,0.064516129032258,5.37092071122928e-05,2024-12-01,9562.5,5000.0,1950.0,5000.0,2500.0,10750.0,3983.333333333332,1760.918321028384,5106.25,2711.2468303347096,643.75,643.75,0.0,-1.6994424213174213,4.7570254565718725e-05,7.447561089894922e-06,-2.4492935982947064e-16,1.0
rajkot,Mango,2024,12,8083.333333333333,3,0.0,0.0,4.4718031781986346e-05,2024-12-01,2216.6666666666665,5643.75,5000.0,1950.0,9125.0,9437.5,4197.916666666665,1973.1828401933312,5630.208333333333,2391.7972343860383,2439.583333333333,6133.333333333333,1.9999999999994884,-3.6994424213174213,5.37092071122928e-05,-2.882107272877827e-06,-2.4492935982947064e-16,1.0
surendranagar,Mango,2024,12,6750.0,2,0.0,0.0,4.130022158190653e-05,2024-12-01,2950.0,8083.333333333333,5643.75,5000.0,7062.5,1240.0,6242.3611111111095,1626.4954835075455,5456.597222222222,2108.405967402781,-1333.333333333333,1750.0,1.9999999999994884,-3.6994424213174213,4.4718031781986346e-05,-6.270032983812194e-06,-2.4492935982947064e-16,1.0
navsari,Mango,2024,12,9252.0,1,1.9,0.0612903225806451,5.553556028450982e-05,2024-12-01,9000.0,6750.0,8083.333333333333,5643.75,5000.0,3375.0,6825.6944444444425,1221.551860036785,5404.513888888889,2064.198129498256,2502.0,3608.25,1.9999999999994884,-1.7994424213174214,4.130022158190653e-05,1.8263531722170157e-06,-2.4492935982947064e-16,1.0
banaskantha,Mango,2024,12,9562.5,2,0.3,0.0096774193548387,4.197262420000229e-05,2024-12-01,3000.0,9252.0,6750.0,8083.333333333333,1950.0,5860.0,8028.4444444444425,1251.902788794983,6113.180555555555,2566.352930184891,310.5,1479.166666666667,1.8999999999994883,-3.3994424213174215,5.553556028450982e-05,-2.7454075819840544e-06,-2.4492935982947064e-16,1.0
valsad,Mango,2024,12,2216.6666666666665,6,4.3,0.1387096774193548,5.447307276186882e-05,2024-12-01,4000.0,9562.5,9252.0,6750.0,5000.0,11000.0,8521.499999999998,1541.9992704278627,7381.930555555555,1888.8202523273535,-7345.833333333334,-4533.333333333334,2.199999999999488,0.6005575786825785,4.197262420000229e-05,1.317285117996229e-05,-2.4492935982947064e-16,1.0
kheda,Mango,2024,12,2950.0,2,1.6,0.0516129032258064,4.993261954164927e-05,2024-12-01,3375.0,2216.6666666666665,9562.5,9252.0,5643.75,2500.0,7010.388888888888,4154.387093226923,6918.041666666667,2740.5623580197075,733.3333333333335,-6302.0,6.499999999999488,-2.099442421317421,5.447307276186882e-05,-5.602940742860549e-06,-2.4492935982947064e-16,1.0
porbandar,Mango,2024,12,9000.0,1,0.0,0.0,4.162714400329971e-05,2024-12-01,4300.0,2950.0,2216.6666666666665,9562.5,8083.333333333333,9125.0,4909.722222222221,4046.0721980065514,6469.083333333333,3176.9659770675103,6050.0,-562.5,6.199999999999488,-3.6994424213174213,4.993261954164927e-05,-3.4548019670258256e-07,-2.4492935982947064e-16,1.0
mahesana,Mango,2024,12,3000.0,3,0.1,0.0032258064516129,4.934030566036633e-05,2024-12-01,10500.0,9000.0,2950.0,2216.6666666666665,6750.0,7062.5,4722.222222222221,3722.7653003488635,6621.86111111111,3290.1444926336426,-6000.0,783.3333333333335,5.899999999999487,-3.599442421317421,4.162714400329971e-05,-5.132767101502488e-06,-2.4492935982947064e-16,1.0
girsomnath,Mango,2024,12,4000.0,1,0.0,0.0,4.197262420000229e-05,2024-12-01,2250.0,3000.0,9000.0,2950.0,9252.0,5000.0,4983.333333333332,3478.6252073676196,5996.86111111111,3602.3037696832466,1000.0,1050.0,1.6999999999994877,-3.6994424213174213,4.934030566036633e-05,-7.959995341646976e-06,-2.4492935982947064e-16,1.0
surat,Mango,2024,12,3375.0,2,1.2,0.0387096774193548,4.837170185063181e-05,2024-12-01,9000.0,4000.0,3000.0,9000.0,9562.5,1950.0,5333.333333333332,3214.5502536643303,5121.527777777777,3276.4992504139195,-625.0,-5625.0,0.09999999999948753,-2.499442421317421,4.197262420000229e-05,6.7445578473321045e-06,-2.4492935982947064e-16,1.0
bharuch,Mango,2024,12,4300.0,3,0.6,0.0193548387096774,4.467465128468733e-05,2024-12-01,8625.0,3375.0,4000.0,3000.0,2216.6666666666665,5000.0,3458.333333333332,505.18148554101134,4090.2777777777774,2474.8536245529613,925.0,1300.0,1.2999999999994876,-3.099442421317421,4.837170185063181e-05,-4.6656543756790064e-06,-2.4492935982947064e-16,1.0
surendranagar,Mango,2025,1,10500.0,1,0.0,0.0,4.48529949272826e-05,2025-01-01,2300.0,4300.0,3375.0,4000.0,2950.0,5643.75,3891.6666666666656,471.91983782568394,4437.5,2299.3341427465434,6200.0,6500.0,1.7999999999994873,-1.0126696832579185,4.467465128468733e-05,2.8803707272803084e-06,0.49999999999999994,0.8660254037844387
gandhinagar,Mango,2025,1,2250.0,2,0.4,0.0129032258064516,5.1038444142515166e-05,2025-01-01,5750.0,10500.0,4300.0,3375.0,9000.0,8083.333333333333,6058.333333333332,3874.3010122257415,5695.833333333333,3208.5984738927223,-8250.0,-1125.0,1.7999999999994873,-0.6126696832579185,4.48529949272826e-05,2.6667422918833533e-06,0.49999999999999994,0.8660254037844387
valsad,Mango,2025,1,9000.0,1,0.0,0.0,4.598919831212112e-05,2025-01-01,1725.0,2250.0,10500.0,4300.0,3000.0,6750.0,5683.333333333332,4295.443322095335,4570.833333333333,2994.5958269300136,6750.0,4700.0,0.9999999999994875,-1.0126696832579185,5.1038444142515166e-05,1.3145470274337955e-06,0.49999999999999994,0.8660254037844387
banaskantha,Mango,2025,1,8625.0,3,0.0,0.0,4.197262420000229e-05,2025-01-01,4300.0,9000.0,2250.0,10500.0,4000.0,9252.0,7249.999999999999,4394.598957811743,5570.833333333333,3346.2821409239687,-375.0,-1875.0,0.39999999999948754,-1.0126696832579185,4.598919831212112e-05,-2.8803707272803084e-06,0.49999999999999994,0.8660254037844387
mahesana,Mango,2025,1,2300.0,2,0.1,0.0032258064516129,5.248099298058129e-05,2025-01-01,5337.5,8625.0,9000.0,2250.0,3375.0,9562.5,6624.999999999999,3793.497726373388,6341.666666666667,3443.3510809481418,-6325.0,50.0,0.39999999999948754,-0.9126696832579185,4.197262420000229e-05,1.4425488380661241e-06,0.49999999999999994,0.8660254037844387
girsomnath,Mango,2025,1,5750.0,2,0.0,0.0,4.197262420000229e-05,2025-01-01,4457.142857142857,2300.0,8625.0,9000.0,4300.0,2216.6666666666665,6641.666666666665,3764.6657664835793,6162.5,3650.3338888381236,3450.0,-3250.0,0.09999999999948753,-1.0126696832579185,5.248099298058129e-05,-4.016574112118831e-06,0.49999999999999994,0.8660254037844387
kheda,Mango,2025,1,1725.0,2,0.2,0.0064516129032258,5.299630938832584e-05,2025-01-01,6212.5,5750.0,2300.0,8625.0,10500.0,2950.0,5558.333333333332,3166.85306468952,6404.166666666667,3548.958180461801,-4025.0,-6900.0,0.09999999999948753,-0.8126696832579186,4.197262420000229e-05,1.1023685188323545e-05,0.49999999999999994,0.8660254037844387
bharuch,Mango,2025,1,4300.0,4,0.0,0.0,4.031702081615108e-05,2025-01-01,9500.0,1725.0,5750.0,2300.0,2250.0,9000.0,3258.333333333332,2176.914865890127,4941.666666666667,3324.479909198831,2575.0,2000.0,0.29999999999948757,-1.0126696832579185,5.299630938832584e-05,-1.2163972164430207e-05,0.49999999999999994,0.8660254037844387
rajkot,Mango,2025,1,5337.5,4,0.0,0.0,3.972899219706441e-05,2025-01-01,5250.0,4300.0,1725.0,5750.0,9000.0,3000.0,3924.9999999999986,2038.5350131896412,5283.333333333333,3089.565773157562,1037.5,-412.5,0.19999999999948753,-1.0126696832579185,4.031702081615108e-05,-2.243632002937884e-06,0.49999999999999994,0.8660254037844387
vadodara,Mango,2025,1,4457.142857142857,7,0.0,0.0,4.992115923956195e-05,2025-01-01,4875.0,5337.5,4300.0,1725.0,8625.0,4000.0,3787.4999999999986,1859.9815187254126,4672.916666666667,2517.1712380500962,-880.3571428571431,2732.142857142857,0.19999999999948753,-1.0126696832579185,3.972899219706441e-05,-3.0751501487638855e-06,0.49999999999999994,0.8660254037844387
navsari,Mango,2025,1,6212.5,2,0.0,0.0,4.768483656981663e-05,2025-01-01,1400.0,4457.142857142857,5337.5,4300.0,2300.0,3375.0,4698.214285714284,559.1852445792769,3978.273809523809,1625.6185701277448,1755.3571428571431,1912.5,0.0,-1.0126696832579185,4.992115923956195e-05,7.367815753665544e-06,0.49999999999999994,0.8660254037844387
porbandar,Mango,2025,1,9500.0,1,0.0,0.0,5.181549983529193e-05,2025-01-01,4857.142857142857,6212.5,4457.142857142857,5337.5,5750.0,4300.0,5335.714285714284,877.679933874877,4630.357142857142,1602.3149706927502,3287.5,4162.5,0.0,-1.0126696832579185,4.768483656981663e-05,1.2086507638227521e-05,0.49999999999999994,0.8660254037844387
girsomnath,Mango,2025,2,5250.0,2,0.0,0.0,4.197262420000229e-05,2025-02-01,6412.5,9500.0,6212.5,4457.142857142857,1725.0,10500.0,6723.214285714285,2559.926532547542,5255.357142857142,2567.221757273887,-4250.0,792.8571428571431,0.0,-0.3375549656799657,5.181549983529193e-05,-7.94853503955966e-06,0.8660254037844386,0.5000000000000001
rajkot,Mango,2025,2,4875.0,4,0.0,0.0,3.463465262007301e-05,2025-02-01,7000.0,5250.0,9500.0,6212.5,4300.0,2250.0,6987.499999999999,2228.473412450788,5842.857142857142,1919.3127623167306,-375.0,-1337.5,0.0,-0.3375549656799657,4.197262420000229e-05,-1.305018394974362e-05,0.8660254037844386,0.5000000000000001
mahesana,Mango,2025,2,1400.0,1,0.1,0.0035714285714285,4.85181134452434e-05,2025-02-01,5000.0,4875.0,5250.0,9500.0,5337.5,9000.0,6541.666666666665,2568.8437736330716,5938.690476190476,1839.567477262361,-3475.0,-8100.0,0.0,-0.23755496567996567,3.463465262007301e-05,-3.29738639004853e-06,0.8660254037844386,0.5000000000000001
valsad,Mango,2025,2,4857.142857142857,7,0.0,0.0,4.010057055885577e-05,2025-02-01,9500.0,1400.0,4875.0,5250.0,4457.142857142857,8625.0,3841.6666666666656,2122.842041540875,5282.440476190476,2629.6136367157396,3457.142857142857,-392.8571428571431,0.09999999999948753,-0.3375549656799657,4.85181134452434e-05,-1.8720536411465224e-06,0.8660254037844386,0.5000000000000001
navsari,Mango,2025,2,6412.5,2,0.0,0.0,4.2608533927248256e-05,2025-02-01,8916.666666666666,4857.142857142857,1400.0,4875.0,6212.5,2300.0,3710.7142857142844,2001.1571907376276,5349.107142857142,2609.4993631002153,1555.3571428571431,1537.5,0.09999999999948753,-0.3375549656799657,4.010057055885577e-05,7.973881307175248e-06,0.8660254037844386,0.5000000000000001
bharuch,Mango,2025,2,7000.0,4,0.0,0.0,3.589843830022259e-05,2025-02-01,9000.0,6412.5,4857.142857142857,1400.0,9500.0,5750.0,4223.214285714284,2565.674986773499,5382.440476190476,2623.971231027224,587.5,5600.0,0.09999999999948753,-0.3375549656799657,4.2608533927248256e-05,-1.2619675145020811e-05,0.8660254037844386,0.5000000000000001
anand,Mango,2025,2,5000.0,1,0.0,0.0,5.56326507818208e-05,2025-02-01,1750.0,7000.0,6412.5,4857.142857142857,5250.0,1725.0,6089.880952380951,1107.2585385033212,4965.773809523809,1951.7510507530537,-2000.0,142.85714285714312,0.0,-0.3375549656799657,3.589843830022259e-05,1.553208022296503e-05,0.8660254037844386,0.5000000000000001
kachchh,Mango,2025,2,9500.0,1,0.0,0.0,1.9492411930427837e-05,2025-02-01,1466.6666666666667,5000.0,7000.0,6412.5,4875.0,4300.0,6137.499999999999,1027.968263128816,4924.107142857142,1947.132818205963,4500.0,3087.5,0.0,-0.3375549656799657,5.56326507818208e-05,-2.311612199682042e-05,0.8660254037844386,0.5000000000000001
porbandar,Mango,2025,2,8916.666666666666,3,0.0,0.0,4.155990927864353e-05,2025-02-01,6887.5,9500.0,5000.0,7000.0,1400.0,5337.5,7166.666666666665,2254.6248764114625,5694.940476190476,2695.4743857279896,-583.3333333333339,1916.666666666666,0.0,-0.3375549656799657,1.9492411930427837e-05,5.661470978420942e-06,0.8660254037844386,0.5000000000000001
surendranagar,Mango,2025,2,9000.0,2,0.0,0.0,4.1727977667231e-05,2025-02-01,3000.0,8916.666666666666,9500.0,5000.0,4857.142857142857,4457.142857142857,7805.555555555555,2447.1260543596827,6947.718253968254,1941.3502419706074,83.33333333333394,4000.0,0.0,-0.3375549656799657,4.155990927864353e-05,-1.3904673114589797e-05,0.8660254037844386,0.5000000000000001
surat,Mango,2025,2,1750.0,1,0.0,0.0,3.787533682682088e-05,2025-02-01,4172.222222222223,9000.0,8916.666666666666,9500.0,6412.5,6212.5,9138.888888888889,315.49490810010514,7638.194444444445,1779.045500688119,-7250.0,-7750.0,0.0,-0.3375549656799657,4.1727977667231e-05,1.8382924896393046e-05,0.8660254037844386,0.5000000000000001
kheda,Mango,2025,2,1466.6666666666667,3,0.0,0.0,5.00964819652937e-05,2025-02-01,8833.333333333334,1750.0,9000.0,8916.666666666666,7000.0,9500.0,6555.555555555555,4161.941765481507,6861.111111111112,3012.3203803835613,-283.33333333333326,-7449.999999999999,0.0,-0.3375549656799657,3.787533682682088e-05,8.536572686650171e-06,0.8660254037844386,0.5000000000000001
banaskantha,Mango,2025,2,6887.5,4,0.1,0.0035714285714285,4.197262420000229e-05,2025-02-01,3900.0,1466.6666666666667,1750.0,9000.0,5000.0,5250.0,4072.222222222221,4269.931476594781,5938.88888888889,3724.195165351794,5420.833333333333,-2112.5,0.0,-0.23755496567996567,5.00964819652937e-05,2.4464653277128954e-07,0.8660254037844386,0.5000000000000001
gandhinagar,Mango,2025,2,3000.0,1,0.0,0.0,4.693594561322269e-05,2025-02-01,4083.3333333333335,6887.5,1466.6666666666667,1750.0,9500.0,4875.0,3368.0555555555547,3051.2188290243416,6253.472222222223,3708.7119812928645,-3887.5,1250.0,0.09999999999948753,-0.3375549656799657,4.197262420000229e-05,9.060608786401808e-06,0.8660254037844386,0.5000000000000001
vadodara,Mango,2025,2,4172.222222222223,9,0.0,0.0,4.5398969525777e-05,2025-02-01,6716.666666666667,3000.0,6887.5,1466.6666666666667,8916.666666666666,1400.0,3784.7222222222213,2794.3157000384836,5170.13888888889,3515.0019921231406,1172.2222222222226,2705.5555555555557,0.09999999999948753,-0.3375549656799657,4.693594561322269e-05,-4.697512439516702e-06,0.8660254037844386,0.5000000000000001
porbandar,Mango,2025,3,8833.333333333334,3,0.0,0.0,2.855250607908053e-05,2025-03-01,6750.0,4172.222222222223,3000.0,6887.5,9000.0,4857.142857142857,4686.574074074073,1994.1370146325573,4379.398148148149,2999.4645119652737,4661.111111111111,1945.833333333334,0.09999999999948753,-1.9086255656108597,4.5398969525777e-05,-1.3420118120921763e-05,1.0,6.123233995736766e-17
mahesana,Mango,2025,3,3900.0,2,0.0,0.0,3.8390792168158175e-05,2025-03-01,3940.0,8833.333333333334,4172.222222222223,3000.0,1750.0,6412.5,5335.185185185185,3085.661450056084,4351.62037037037,2948.4533004122545,-4933.333333333334,900.0,0.0,-1.9086255656108597,2.855250607908053e-05,-8.545153445064516e-06,1.0,6.123233995736766e-17
vadodara,Mango,2025,3,4083.3333333333335,6,0.0,0.0,4.029662929722959e-05,2025-03-01,6500.0,3900.0,8833.333333333334,4172.222222222223,1466.6666666666667,7000.0,5635.185185185185,2773.0199995123635,4709.9537037037035,2688.1964237867887,183.33333333333348,-88.88888888888914,0.0,-1.9086255656108597,3.8390792168158175e-05,-5.102340228547409e-06,1.0,6.123233995736766e-17
banaskantha,Mango,2025,3,6716.666666666667,3,0.0,0.0,4.197262420000229e-05,2025-03-01,5357.142857142857,4083.3333333333335,3900.0,8833.333333333334,6887.5,5000.0,5605.555555555555,2796.8401482413847,5146.064814814815,2230.0038090031912,2633.3333333333335,-2116.666666666667,0.0,-1.9086255656108597,4.029662929722959e-05,1.3420118120921763e-05,1.0,6.123233995736766e-17
girsomnath,Mango,2025,3,6750.0,2,0.0,0.0,4.197262420000229e-05,2025-03-01,6500.0,6716.666666666667,4083.3333333333335,3900.0,3000.0,9500.0,4899.999999999999,1575.9476866670382,5117.592592592592,2204.2647122817884,33.33333333333303,2850.0,0.0,-1.9086255656108597,4.197262420000229e-05,3.5818320318441166e-06,1.0,6.123233995736766e-17
bharuch,Mango,2025,3,3940.0,5,0.0,0.0,3.1854775389929934e-05,2025-03-01,1500.0,6750.0,6716.666666666667,4083.3333333333335,4172.222222222223,8916.666666666666,5850.0,1530.068989003824,5742.592592592592,2006.5253631394385,-2810.0,-143.33333333333348,0.0,-1.9086255656108597,4.197262420000229e-05,-8.441853907299656e-06,1.0,6.123233995736766e-17
surat,Mango,2025,3,6500.0,1,0.0,0.0,3.5715373901271414e-05,2025-03-01,9000.0,3940.0,6750.0,6716.666666666667,8833.333333333334,9000.0,5802.222222222222,1612.8178699039624,5703.888888888888,2044.749826226156,2560.0,-216.66666666666697,0.0,-1.9086255656108597,3.1854775389929934e-05,-6.257250298730877e-06,1.0,6.123233995736766e-17
valsad,Mango,2025,3,5357.142857142857,7,0.0,0.0,3.637869269701151e-05,2025-03-01,3125.0,6500.0,3940.0,6750.0,3900.0,1750.0,5730.0,1555.217026655789,5315.0,1472.2752610991156,-1142.8571428571431,-1392.8571428571431,0.0,-1.9086255656108597,3.5715373901271414e-05,-5.593931502990782e-06,1.0,6.123233995736766e-17
rajkot,Mango,2025,3,6500.0,1,0.0,0.0,2.578970901369484e-05,2025-03-01,1466.6666666666667,5357.142857142857,6500.0,3940.0,4083.3333333333335,1466.6666666666667,5265.714285714285,1282.4466412896782,5557.857142857142,1302.5855589257972,1142.8571428571431,2560.0,0.0,-1.9086255656108597,3.637869269701151e-05,-6.065066376235092e-06,1.0,6.123233995736766e-17
gandhinagar,Mango,2025,3,1500.0,1,0.0,0.0,3.913655951359904e-05,2025-03-01,9100.0,6500.0,5357.142857142857,6500.0,6716.666666666667,6887.5,6119.047619047618,659.8288790739113,5960.634920634921,1115.677261612275,-5000.0,-5000.0,0.0,-1.9086255656108597,2.578970901369484e-05,3.421185612327625e-06,1.0,6.123233995736766e-17
surendranagar,Mango,2025,3,9000.0,2,0.0,0.0,3.129404325120008e-05,2025-03-01,5500.0,1500.0,6500.0,5357.142857142857,6750.0,3000.0,4452.380952380951,2619.9132768531426,5091.190476190476,2050.061306533107,7500.0,3642.857142857143,0.0,-1.9086255656108597,3.913655951359904e-05,-5.084649445811427e-06,1.0,6.123233995736766e-17
navsari,Mango,2025,3,3125.0,1,0.0,0.0,4.106566548919536e-05,2025-03-01,4000.0,9000.0,1500.0,6500.0,3940.0,4172.222222222223,5666.666666666667,3818.813079129876,5466.190476190476,2557.2309109606863,-5875.0,-3375.0,0.0,-1.9086255656108597,3.129404325120008e-05,1.527595647550052e-05,1.0,6.123233995736766e-17
kheda,Mango,2025,3,1466.6666666666667,3,0.0,0.0,4.26850840883036e-05,2025-03-01,7500.0,3125.0,9000.0,1500.0,6500.0,8833.333333333334,4541.666666666666,3945.5935337200426,5330.357142857142,2673.513080925092,-1658.3333333333333,-33.33333333333326,0.0,-1.9086255656108597,4.106566548919536e-05,3.5485245747045573e-06,1.0,6.123233995736766e-17
kachchh,Mango,2025,3,9100.0,1,0.0,0.0,1.6993590280832776e-05,2025-03-01,7500.0,1466.6666666666667,3125.0,9000.0,5357.142857142857,3900.0,4530.555555555555,3958.467833972214,4491.4682539682535,3002.532039613231,7633.333333333333,100.0,0.0,-1.9086255656108597,4.26850840883036e-05,-1.4300452970367306e-05,1.0,6.123233995736766e-17
anand,Mango,2025,3,5500.0,1,0.0,0.0,4.380123302246309e-05,2025-03-01,4580.0,9100.0,1466.6666666666667,3125.0,6500.0,4083.3333333333335,4563.888888888888,4014.94026983845,5115.277777777777,3556.130921328635,-3600.0,2375.0,0.0,-1.9086255656108597,1.6993590280832776e-05,2.7355675332677297e-06,1.0,6.123233995736766e-17
gandhinagar,Mango,2025,4,4000.0,1,0.2,0.0066666666666666,3.7624419567617416e-05,2025-04-01,4318.75,5500.0,9100.0,1466.6666666666667,1500.0,6716.666666666667,5355.555555555555,3818.7160921692857,4948.61111111111,3501.2633302006025,-1500.0,2533.333333333333,0.0,-0.7787169603524229,4.380123302246309e-05,-5.060664520686181e-06,0.8660254037844387,-0.4999999999999998
porbandar,Mango,2025,4,7500.0,2,0.0,0.0,3.110952823769624e-05,2025-04-01,6500.0,4000.0,5500.0,9100.0,9000.0,6750.0,6200.0,2621.0684844162433,5365.277777777777,3138.7737196177413,3500.0,-1600.0,0.19999999999948753,-0.978716960352423,3.7624419567617416e-05,1.4115937956863467e-05,0.8660254037844387,-0.4999999999999998
surendranagar,Mango,2025,4,7500.0,1,0.0,0.0,2.8023360561972975e-05,2025-04-01,1600.0,7500.0,4000.0,5500.0,3125.0,3940.0,5666.666666666667,1755.9422921421424,5115.277777777777,2836.5590298158163,0.0,2000.0,0.19999999999948753,-0.978716960352423,3.110952823769624e-05,-1.5777872460490116e-05,0.8660254037844387,-0.4999999999999998
bharuch,Mango,2025,4,4580.0,5,0.0,0.0,2.906735105808523e-05,2025-04-01,5712.5,7500.0,7500.0,4000.0,1466.6666666666667,6500.0,6333.333333333333,2020.725942163705,5844.444444444444,2784.454198794664,-2920.0,580.0,0.19999999999948753,-0.978716960352423,2.8023360561972975e-05,-8.557068509532187e-06,0.8660254037844387,-0.4999999999999998
vadodara,Mango,2025,4,4318.75,8,0.0,0.0,3.633426998195054e-05,2025-04-01,2000.0,4580.0,7500.0,7500.0,9100.0,5357.142857142857,6526.666666666667,1685.8627860337247,6363.333333333333,1979.107542976567,-261.25,-3181.25,0.0,-0.978716960352423,2.906735105808523e-05,5.224741744254298e-06,0.8660254037844387,-0.4999999999999998
valsad,Mango,2025,4,6500.0,2,0.7,0.0233333333333333,3.543510932650153e-05,2025-04-01,7500.0,4318.75,4580.0,7500.0,5500.0,6500.0,5466.25,1766.1164139150258,5566.458333333333,1578.939599990039,2181.25,-1000.0,0.0,-0.278716960352423,3.633426998195054e-05,7.411748764528554e-06,0.8660254037844387,-0.4999999999999998
mahesana,Mango,2025,4,1600.0,1,0.2,0.0066666666666666,3.51369077363463e-05,2025-04-01,2750.0,6500.0,4318.75,4580.0,4000.0,1500.0,5132.916666666666,1191.1131435902332,5733.125,1622.6933147548386,-4900.0,-2980.0,0.6999999999994875,-0.7787169603524229,3.543510932650153e-05,6.06955667826107e-06,0.8660254037844387,-0.4999999999999998
banaskantha,Mango,2025,4,5712.5,2,0.3,0.01,4.197262420000229e-05,2025-04-01,1375.0,1600.0,6500.0,4318.75,7500.0,9000.0,4139.583333333333,2454.908454674719,5333.125,2292.8003824472,4112.5,1393.75,0.8999999999994874,-0.678716960352423,3.51369077363463e-05,5.63835421805175e-06,0.8660254037844387,-0.4999999999999998
surat,Mango,2025,4,2000.0,1,0.0,0.0,3.5537917007382065e-05,2025-04-01,4916.666666666667,5712.5,1600.0,6500.0,7500.0,3125.0,4604.166666666666,2631.3118559633735,5035.208333333333,2059.160996720916,-3712.5,-4500.0,1.1999999999994875,-0.978716960352423,4.197262420000229e-05,1.0280768088053734e-07,0.8660254037844387,-0.4999999999999998
girsomnath,Mango,2025,4,7500.0,2,0.0,0.0,4.197262420000229e-05,2025-04-01,1525.0,2000.0,5712.5,1600.0,4580.0,1466.6666666666667,3104.166666666666,2267.7195777550246,4118.541666666667,1964.5022296797297,5500.0,5900.0,0.4999999999994875,-0.978716960352423,3.5537917007382065e-05,6.835716463655993e-06,0.8660254037844387,-0.4999999999999998
navsari,Mango,2025,4,2750.0,1,0.2,0.0066666666666666,4.059081224016784e-05,2025-04-01,7250.0,7500.0,2000.0,5712.5,4318.75,9100.0,5070.833333333333,2805.5840895138767,4605.208333333333,2412.326472602051,-4750.0,-2962.5,0.2999999999994875,-0.7787169603524229,4.197262420000229e-05,-1.3818119598344502e-06,0.8660254037844387,-0.4999999999999998
kheda,Mango,2025,4,1375.0,2,0.0,0.0,3.934066596021371e-05,2025-04-01,7875.0,2750.0,7500.0,2000.0,6500.0,5500.0,4083.3333333333326,2982.5883613622277,4343.75,2531.646573872423,-1375.0,-625.0,0.19999999999948753,-0.978716960352423,4.059081224016784e-05,3.8027489528316463e-06,0.8660254037844387,-0.4999999999999998
rajkot,Mango,2025,4,4916.666666666667,3,0.0,0.0,2.457033808038861e-05,2025-04-01,7833.333333333333,1375.0,2750.0,7500.0,1600.0,4000.0,3874.9999999999995,3213.740033045624,3489.5833333333335,2523.1975827641004,3541.666666666667,-2583.333333333333,0.19999999999948753,-0.978716960352423,3.934066596021371e-05,-1.7402286119613683e-05,0.8660254037844387,-0.4999999999999998
kheda,Mango,2025,5,1525.0,2,48.7,1.570967741935484,3.4836925754107484e-05,2025-05-01,5020.0,4916.666666666667,1375.0,2750.0,5712.5,7500.0,3013.8888888888882,1785.5191692344845,4042.3611111111113,2386.0130865261476,-3391.666666666667,-1225.0,0.19999999999948753,41.28298003072197,2.457033808038861e-05,-5.7538864860603574e-06,0.49999999999999994,-0.8660254037844387
girsomnath,Mango,2025,5,7250.0,1,75.8,2.4451612903225803,4.197262420000229e-05,2025-05-01,4350.0,1525.0,4916.666666666667,1375.0,2000.0,7500.0,2605.555555555555,2002.8856497379054,3344.444444444445,2412.074180420614,5725.0,5875.0,48.69999999999949,68.38298003072197,3.4836925754107484e-05,2.6319582397885794e-06,0.49999999999999994,-0.8660254037844387
rajkot,Mango,2025,5,7875.0,2,50.400000000000006,1.6258064516129034,2.167416703672141e-05,2025-05-01,2750.0,7250.0,1525.0,4916.666666666667,7500.0,4580.0,4563.888888888888,2878.757608825455,4219.444444444444,2754.7265778146634,625.0,2958.333333333333,124.49999999999949,42.982980030721976,4.197262420000229e-05,-2.8961710436672e-06,0.49999999999999994,-0.8660254037844387
porbandar,Mango,2025,5,7833.333333333333,3,76.3,2.4612903225806453,2.6052682355650225e-05,2025-05-01,5675.0,7875.0,7250.0,1525.0,2750.0,4318.75,5549.999999999999,3499.732132606732,4281.944444444444,2846.7594474861803,-41.66666666666697,6308.333333333333,174.8999999999995,68.88298003072197,2.167416703672141e-05,-8.784243398457259e-06,0.49999999999999994,-0.8660254037844387
bharuch,Mango,2025,5,5020.0,5,47.9,1.5451612903225806,2.682058552359497e-05,2025-05-01,7285.714285714285,7833.333333333333,7875.0,7250.0,1375.0,6500.0,7652.7777777777765,349.4373784836407,5129.166666666667,3048.9012137344043,-2813.333333333333,-2230.0,202.4999999999995,40.48298003072196,2.6052682355650225e-05,-1.5152038676407322e-05,0.49999999999999994,-0.8660254037844387
mahesana,Mango,2025,5,4350.0,2,29.9,0.964516129032258,3.153466150477466e-05,2025-05-01,6000.0,5020.0,7833.333333333333,7875.0,4916.666666666667,1600.0,6909.4444444444425,1636.439506752177,5736.666666666667,2456.941413854053,-670.0,-3525.0,174.59999999999948,22.482980030721965,2.682058552359497e-05,9.860494468053254e-06,0.49999999999999994,-0.8660254037844387
navsari,Mango,2025,5,2750.0,1,39.1,1.261290322580645,4.055455468435349e-05,2025-05-01,9000.0,4350.0,5020.0,7833.333333333333,1525.0,5712.5,5734.4444444444425,1848.303526460412,5642.222222222222,2505.1838847270938,-1600.0,-5083.333333333333,154.09999999999948,31.682980030721968,3.153466150477466e-05,1.4501872328703262e-05,0.49999999999999994,-0.8660254037844387
banaskantha,Mango,2025,5,5675.0,2,52.400000000000006,1.6903225806451614,4.197262420000229e-05,2025-05-01,1500.0,2750.0,4350.0,5020.0,7250.0,2000.0,4039.9999999999995,1166.318995815509,5846.388888888888,2123.3491408795967,2925.0,655.0,116.8999999999995,44.982980030721976,4.055455468435349e-05,1.5152038676407322e-05,0.49999999999999994,-0.8660254037844387
valsad,Mango,2025,5,7285.714285714285,7,79.5,2.564516129032258,3.614219340651671e-05,2025-05-01,4242.857142857143,5675.0,2750.0,4350.0,7875.0,7500.0,4258.333333333333,1464.6529736881112,5583.888888888888,2009.4213281624407,1610.7142857142853,2935.7142857142853,121.3999999999995,72.08298003072197,4.197262420000229e-05,4.607531901742044e-06,0.49999999999999994,-0.8660254037844387
kachchh,Mango,2025,5,6000.0,1,14.4,0.4645161290322581,1.4299591433244496e-05,2025-05-01,5000.0,7285.714285714285,5675.0,2750.0,7833.333333333333,2750.0,5236.904761904761,2299.374175431118,5485.674603174603,1885.6305922785316,-1285.7142857142853,3250.0,170.9999999999995,6.982980030721967,3.614219340651671e-05,-2.6254963251108993e-05,0.49999999999999994,-0.8660254037844387
surendranagar,Mango,2025,5,9000.0,2,19.0,0.6129032258064516,2.550852054688735e-05,2025-05-01,5308.333333333333,6000.0,7285.714285714285,5675.0,5020.0,1375.0,6320.2380952380945,851.7713635608886,5180.119047619048,1547.3110590975086,3000.0,3325.0,146.2999999999995,11.582980030721966,1.4299591433244496e-05,-1.646410365311494e-05,0.49999999999999994,-0.8660254037844387
gandhinagar,Mango,2025,5,1500.0,1,31.1,1.0032258064516129,4.122170302114692e-05,2025-05-01,1425.0,9000.0,6000.0,7285.714285714285,4350.0,4916.666666666667,7428.5714285714275,1505.0933932646922,5843.452380952382,2186.1675728229598,-7500.0,-5785.714285714285,112.8999999999995,23.682980030721968,2.550852054688735e-05,5.079509614630216e-06,0.49999999999999994,-0.8660254037844387
vadodara,Mango,2025,5,4242.857142857143,7,63.8,2.0580645161290323,3.1706667438974434e-05,2025-05-01,3500.0,1500.0,9000.0,6000.0,2750.0,1525.0,5499.999999999999,3774.917217635385,5368.452380952381,2799.216742367107,2742.857142857143,-1757.1428571428569,64.4999999999995,56.38298003072197,4.122170302114692e-05,1.740707600572994e-05,0.49999999999999994,-0.8660254037844387
surat,Mango,2025,5,5000.0,2,33.9,1.0935483870967742,3.554123631846612e-05,2025-05-01,2750.0,4242.857142857143,1500.0,9000.0,5675.0,7250.0,4914.285714285713,3794.8138616930933,5617.261904761905,2577.4912821431312,757.1428571428569,-4000.0,113.8999999999995,26.482980030721965,3.1706667438974434e-05,1.0032715771578772e-05,0.49999999999999994,-0.8660254037844387
valsad,Mango,2025,6,5308.333333333333,12,449.6,14.986666666666668,3.68977674582864e-05,2025-06-01,1250.0,5000.0,4242.857142857143,1500.0,7285.714285714285,7875.0,3580.95238095238,1841.4908187048507,5504.761904761905,2589.1715902600104,308.33333333333303,3808.333333333333,128.7999999999995,323.7669021739131,3.554123631846612e-05,-4.323935562860526e-06,1.2246467991473532e-16,-1.0
kheda,Mango,2025,6,1425.0,2,158.1,5.27,2.970480961314673e-05,2025-06-01,7250.0,5308.333333333333,5000.0,4242.857142857143,6000.0,7833.333333333333,4850.396825396824,548.2660946169432,5175.1984126984125,2438.613042189953,-3883.333333333333,-2817.857142857143,547.2999999999995,32.26690217391304,3.68977674582864e-05,-2.0018578258277054e-06,1.2246467991473532e-16,-1.0
bharuch,Mango,2025,6,3500.0,3,251.0,8.366666666666667,2.6400700360181197e-05,2025-06-01,10500.0,1425.0,5308.333333333333,5000.0,9000.0,5020.0,3911.1111111111095,2158.54782289015,4412.6984126984125,2815.294685246465,2075.0,-1500.0,641.5999999999995,125.16690217391304,2.970480961314673e-05,-9.140535958284925e-06,1.2246467991473532e-16,-1.0
navsari,Mango,2025,6,2750.0,1,503.1,16.77,3.882847168619225e-05,2025-06-01,6000.0,3500.0,1425.0,5308.333333333333,1500.0,4350.0,3411.1111111111095,1943.1920569955203,3496.031746031746,1695.726198234881,-750.0,-2558.333333333333,858.6999999999995,377.2669021739131,2.6400700360181197e-05,1.930704227905852e-06,1.2246467991473532e-16,-1.0
surat,Mango,2025,6,1250.0,2,344.2,11.473333333333333,3.526693734830158e-05,2025-06-01,6650.0,2750.0,3500.0,1425.0,4242.857142857143,2750.0,2558.333333333332,1050.6942149519325,3704.3650793650795,1462.151884391949,-1500.0,-175.0,912.1999999999995,218.36690217391305,3.882847168619225e-05,5.562127735154853e-06,1.2246467991473532e-16,-1.0
porbandar,Mango,2025,6,7250.0,2,251.9,8.396666666666667,2.125536949134261e-05,2025-06-01,6850.0,1250.0,2750.0,3500.0,5000.0,5675.0,2499.9999999999986,1145.6439237390148,3205.555555555556,1728.0341003150843,6000.0,3750.0,1098.2999999999995,126.06690217391305,3.526693734830158e-05,-5.145330868838586e-06,1.2246467991473532e-16,-1.0
surendranagar,Mango,2025,6,10500.0,1,142.1,4.736666666666666,2.3525497026502125e-05,2025-06-01,5000.0,7250.0,1250.0,2750.0,5308.333333333333,7285.714285714285,3749.9999999999986,3122.498999199216,3580.555555555555,2333.4206332874883,3250.0,7750.0,1099.1999999999994,16.26690217391304,2.125536949134261e-05,-1.5302974659690125e-05,1.2246467991473532e-16,-1.0
kachchh,Mango,2025,6,6000.0,1,78.2,2.606666666666667,1.36614432997063e-05,2025-06-01,4875.0,10500.0,7250.0,1250.0,1425.0,6000.0,6333.333333333332,4692.636075100369,4445.833333333333,3677.649271840185,-4500.0,4750.0,738.1999999999994,-47.63309782608695,2.3525497026502125e-05,-2.1605494048595282e-05,1.2246467991473532e-16,-1.0
girsomnath,Mango,2025,6,6650.0,2,273.9,9.13,4.197262420000229e-05,2025-06-01,3183.333333333333,6000.0,10500.0,7250.0,3500.0,9000.0,7916.666666666665,2322.8933107944026,5208.333333333333,3389.014114261946,650.0,-600.0,472.1999999999994,148.06690217391304,1.36614432997063e-05,2.071725470865968e-05,1.2246467991473532e-16,-1.0
banaskantha,Mango,2025,6,6850.0,1,139.6,4.653333333333333,4.197262420000229e-05,2025-06-01,6550.0,6650.0,6000.0,10500.0,2750.0,1500.0,7716.666666666665,2432.248616678275,5733.333333333333,3314.61410524162,200.0,-3650.0,494.19999999999936,13.766902173913039,4.197262420000229e-05,1.8447127173500166e-05,1.2246467991473532e-16,-1.0
gandhinagar,Mango,2025,6,5000.0,1,143.6,4.786666666666666,3.132360485780439e-05,2025-06-01,2250.0,6850.0,6650.0,6000.0,1250.0,4242.857142857143,6499.999999999999,444.40972086585526,6416.666666666667,2982.5604212935473,-1850.0,-1000.0,491.69999999999936,17.76690217391304,4.197262420000229e-05,1.766216155809809e-05,1.2246467991473532e-16,-1.0
rajkot,Mango,2025,6,4875.0,2,234.1,7.803333333333333,2.140728636384872e-05,2025-06-01,5592.857142857143,5000.0,6850.0,6650.0,7250.0,5000.0,6166.666666666665,1015.2996273679045,7041.666666666667,1867.998037115343,-125.0,-1775.0,557.0999999999993,108.26690217391304,3.132360485780439e-05,-2.056533783615357e-05,1.2246467991473532e-16,-1.0
vadodara,Mango,2025,6,3183.333333333333,3,213.7,7.123333333333334,2.9396890988202917e-05,2025-06-01,4500.0,4875.0,5000.0,6850.0,10500.0,5308.333333333333,5574.999999999999,1105.9498180297696,6645.833333333333,2057.0863294151645,-1691.666666666667,-3666.666666666667,517.2999999999994,87.86690217391303,2.140728636384872e-05,-1.2575733211799375e-05,1.2246467991473532e-16,-1.0
girsomnath,Mango,2025,7,6550.0,2,137.9,4.448387096774193,4.197262420000229e-05,2025-07-01,7012.5,3183.333333333333,4875.0,5000.0,6000.0,1425.0,4352.7777777777765,1014.6952653292418,5426.388888888889,1368.9454240670445,3366.666666666667,1550.0,591.3999999999993,-233.5292400881057,2.9396890988202917e-05,1.06490193421979e-05,-0.4999999999999997,-0.8660254037844388
navsari,Mango,2025,7,2250.0,1,311.0,10.03225806451613,3.080209688651377e-05,2025-07-01,1750.0,6550.0,3183.333333333333,4875.0,6650.0,3500.0,4869.4444444444425,1683.340209006887,5518.055555555556,1431.9995409165522,-4300.0,-2625.0,585.6999999999994,-60.4292400881057,4.197262420000229e-05,9.394810522665052e-06,-0.4999999999999997,-0.8660254037844388
valsad,Mango,2025,7,5592.857142857143,7,418.5,13.5,2.93679694740028e-05,2025-07-01,4700.0,2250.0,6550.0,3183.333333333333,6850.0,2750.0,3994.444444444443,2261.8412689501515,4784.722222222222,1812.4754149035027,3342.857142857143,2409.52380952381,662.5999999999993,47.0707599118943,3.080209688651377e-05,-2.8921514200115514e-08,-0.4999999999999997,-0.8660254037844388
surat,Mango,2025,7,4500.0,1,343.8,11.09032258064516,3.080829297495692e-05,2025-07-01,1300.0,5592.857142857143,2250.0,6550.0,5000.0,1250.0,4797.619047619047,2257.6099576960864,4575.1984126984125,1584.2754835047308,-1092.8571428571431,-2050.0,867.3999999999994,-27.62924008810569,2.93679694740028e-05,-1.1164331225045374e-05,-0.4999999999999997,-0.8660254037844388
banaskantha,Mango,2025,7,7012.5,4,234.7,7.570967741935483,4.197262420000229e-05,2025-07-01,3566.6666666666665,4500.0,5592.857142857143,2250.0,4875.0,7250.0,4114.285714285713,1704.4808893152542,4491.8650793650795,1570.5525005043587,2512.5,4762.5,1073.2999999999993,-136.7292400881057,3.080829297495692e-05,1.1170527313488518e-05,-0.4999999999999997,-0.8660254037844388
gandhinagar,Mango,2025,7,1750.0,2,226.3,7.3,3.090735370050493e-05,2025-07-01,5250.0,7012.5,4500.0,5592.857142857143,3183.333333333333,10500.0,5701.785714285713,1259.7869414131794,4848.1150793650795,1885.6563549553161,-5262.5,-3842.857142857143,996.9999999999993,-145.1292400881057,4.197262420000229e-05,1.5393842265021264e-06,-0.4999999999999997,-0.8660254037844388
mahesana,Mango,2025,7,4700.0,2,217.1,7.003225806451613,3.02199266375294e-05,2025-07-01,4550.0,1750.0,7012.5,4500.0,6550.0,6000.0,4420.833333333332,2632.143059055383,4609.226190476191,2202.8577267076585,2950.0,200.0,804.7999999999993,-154.3292400881057,3.090735370050493e-05,-5.883663374275173e-07,-0.4999999999999997,-0.8660254037844388
kheda,Mango,2025,7,1300.0,3,237.0,7.645161290322581,2.897835651664381e-05,2025-07-01,6750.0,4700.0,1750.0,7012.5,2250.0,6650.0,4487.499999999999,2637.6777191309966,4300.892857142858,1996.7038367606408,-3400.0,-5712.5,678.0999999999993,-134.4292400881057,3.02199266375294e-05,-1.2994267683358482e-05,-0.4999999999999997,-0.8660254037844388
bharuch,Mango,2025,7,3566.6666666666665,3,259.1,8.358064516129032,2.7577851901741733e-05,2025-07-01,7333.333333333333,1300.0,4700.0,1750.0,5592.857142857143,6850.0,2583.333333333332,1846.8441551288165,4142.559523809524,2217.336727724413,2266.6666666666665,1816.6666666666665,680.3999999999994,-112.32924008810568,2.897835651664381e-05,-3.3295017987631945e-06,-0.4999999999999997,-0.8660254037844388
kachchh,Mango,2025,7,5250.0,1,110.7,3.570967741935484,1.1601608622926032e-05,2025-07-01,9750.0,3566.6666666666665,1300.0,4700.0,4500.0,5000.0,3188.8888888888873,1731.1952625389092,3804.861111111111,2103.661518022173,1683.3333333333335,550.0,713.1999999999994,-260.7292400881057,2.7577851901741733e-05,-1.861831801460337e-05,-0.4999999999999997,-0.8660254037844388
vadodara,Mango,2025,7,4550.0,6,255.3,8.235483870967743,2.994048200938657e-05,2025-07-01,1575.0,5250.0,3566.6666666666665,1300.0,7012.5,4875.0,3372.222222222221,1982.1658561991233,3929.861111111111,2174.3236762437245,-700.0,3250.0,606.7999999999994,-116.12924008810569,1.1601608622926032e-05,9.621254927427626e-07,-0.4999999999999997,-0.8660254037844388
rajkot,Mango,2025,7,6750.0,2,137.2,4.425806451612903,2.3835006543868435e-05,2025-07-01,5000.0,4550.0,5250.0,3566.6666666666665,1750.0,3183.333333333333,4455.555555555554,845.6314756397679,3519.444444444444,1643.7564251388085,2200.0,3183.3333333333335,625.0999999999995,-234.2292400881057,2.994048200938657e-05,-3.742845357873298e-06,-0.4999999999999997,-0.8660254037844388
porbandar,Mango,2025,7,7333.333333333333,3,153.4,4.948387096774193,2.9809412130501478e-05,2025-07-01,1000.0,6750.0,4550.0,5250.0,4700.0,6550.0,5516.666666666665,1123.9810200058578,4352.777777777777,1824.7501097309007,583.333333333333,2083.333333333333,503.19999999999936,-218.0292400881057,2.3835006543868435e-05,1.8207803507575448e-05,-0.4999999999999997,-0.8660254037844388
surendranagar,Mango,2025,7,9750.0,1,188.5,6.080645161290323,2.877850036756572e-05,2025-07-01,4100.0,7333.333333333333,6750.0,4550.0,1300.0,2250.0,6211.1111111111095,1467.8341313094938,4791.666666666667,2202.542722501527,2416.666666666667,5200.0,545.8999999999994,-182.9292400881057,2.9809412130501478e-05,-1.1619816418208502e-06,-0.4999999999999997,-0.8660254037844388
kheda,Mango,2025,8,1575.0,2,257.4,8.303225806451612,5.160257792387405e-05,2025-08-01,5712.5,9750.0,7333.333333333333,6750.0,3566.6666666666665,5592.857142857143,7944.4444444444425,1590.6264780244965,6200.0,2224.8096048376456,-8175.0,-5175.0,479.09999999999934,-49.78201086956523,2.877850036756572e-05,2.7767571380005617e-05,-0.8660254037844384,-0.5000000000000004
girsomnath,Mango,2025,8,5000.0,2,217.5,7.016129032258065,4.197262420000229e-05,2025-08-01,6750.0,1575.0,9750.0,7333.333333333333,5250.0,4500.0,6219.4444444444425,4199.7878032815715,5868.055555555556,2776.4706646841955,3425.0,-2333.333333333333,599.2999999999993,-89.6820108695652,5.160257792387405e-05,1.2163212069500814e-05,-0.8660254037844384,-0.5000000000000004
gandhinagar,Mango,2025,8,1000.0,1,292.1,9.422580645161291,4.9224179958110176e-05,2025-08-01,10000.0,5000.0,1575.0,9750.0,4550.0,7012.5,5441.666666666665,4105.35727231302,5826.38888888889,2789.446463740453,-4000.0,-8750.0,663.3999999999994,-15.082010869565181,4.197262420000229e-05,2.0445679590544455e-05,-0.8660254037844384,-0.5000000000000004
bharuch,Mango,2025,8,4100.0,4,243.6,7.858064516129032,4.0543228644794776e-05,2025-08-01,875.0,1000.0,5000.0,1575.0,6750.0,1750.0,2524.9999999999986,2162.608378787088,5234.722222222223,3419.6345510833435,3100.0,2525.0,766.9999999999993,-63.58201086956521,4.9224179958110176e-05,-1.1059349279079275e-05,-0.8660254037844384,-0.5000000000000004
banaskantha,Mango,2025,8,5712.5,2,218.1,7.035483870967742,4.197262420000229e-05,2025-08-01,4325.0,4100.0,1000.0,5000.0,7333.333333333333,4700.0,3366.6666666666656,2098.4120980716434,4793.055555555556,3355.3126061792186,1612.5,712.5,753.1999999999994,-89.08201086956521,4.0543228644794776e-05,0.0,-0.8660254037844384,-0.5000000000000004
porbandar,Mango,2025,8,6750.0,2,247.7,7.990322580645161,4.737034226096257e-05,2025-08-01,600.0,5712.5,4100.0,1000.0,9750.0,1300.0,3604.1666666666656,2395.057845508837,4522.916666666667,3170.0198803267226,1037.5,5750.0,753.7999999999994,-59.482010869565215,4.197262420000229e-05,-1.853837697147608e-06,-0.8660254037844384,-0.5000000000000004
mahesana,Mango,2025,8,10000.0,1,284.1,9.16451612903226,4.918132240792904e-05,2025-08-01,2287.5,6750.0,5712.5,4100.0,1575.0,3566.6666666666665,5520.833333333332,1335.3565379079096,4022.9166666666665,2297.069011080561,3250.0,5900.0,709.3999999999994,-23.08201086956518,4.737034226096257e-05,8.638093763134261e-06,-0.8660254037844384,-0.5000000000000004
navsari,Mango,2025,8,875.0,1,347.6,11.212903225806452,5.38383884940568e-05,2025-08-01,9000.0,10000.0,6750.0,5712.5,5000.0,5250.0,7487.499999999999,2236.8714200865525,5427.083333333333,2976.0966116150685,-9125.0,-4837.5,749.8999999999994,40.41798913043482,4.918132240792904e-05,1.1865764294054507e-05,-0.8660254037844384,-0.5000000000000004
vadodara,Mango,2025,8,4325.0,8,309.4,9.980645161290322,4.7755695232663336e-05,2025-08-01,6000.0,875.0,10000.0,6750.0,1000.0,4550.0,5874.999999999999,4625.000000000006,4739.583333333333,3521.0475773080175,3450.0,-2425.0,879.3999999999994,2.2179891304347734,5.38383884940568e-05,3.8535297170076764e-07,-0.8660254037844384,-0.5000000000000004
surat,Mango,2025,8,600.0,1,350.9,11.319354838709677,4.853461601767269e-05,2025-08-01,4375.0,4325.0,875.0,10000.0,4100.0,6750.0,5066.666666666665,4607.489374196472,5293.75,3044.13113630146,-3725.0,-9400.0,941.0999999999995,43.71798913043477,4.7755695232663336e-05,-6.467063902563475e-07,-0.8660254037844384,-0.5000000000000004
valsad,Mango,2025,8,2287.5,8,404.6,13.051612903225807,5.4177171466455184e-05,2025-08-01,6333.333333333333,600.0,4325.0,875.0,5712.5,7333.333333333333,1933.3333333333321,2075.8030574535383,4710.416666666667,3602.728277523391,1687.5,1412.5,1007.8999999999994,97.41798913043482,4.853461601767269e-05,3.3878297239838554e-07,-0.8660254037844384,-0.5000000000000004
surendranagar,Mango,2025,8,9000.0,1,158.5,5.112903225806452,4.194307136133461e-05,2025-08-01,3590.909090909091,2287.5,600.0,4325.0,6750.0,9750.0,2404.1666666666656,1865.2384789440327,4139.583333333333,3682.648644884091,6712.5,4675.0,1064.8999999999994,-148.6820108695652,5.4177171466455184e-05,-5.8126238713287275e-06,-0.8660254037844384,-0.5000000000000004
rajkot,Mango,2025,8,6000.0,3,169.5,5.467741935483871,4.823979687402287e-05,2025-08-01,1366.6666666666667,9000.0,2287.5,600.0,10000.0,1575.0,3962.4999999999986,4443.446719608562,4514.583333333333,4093.2903685991605,-3000.0,5400.0,913.9999999999993,-137.6820108695652,4.194307136133461e-05,-2.9481914364982314e-07,-0.8660254037844384,-0.5000000000000004
navsari,Mango,2025,9,4375.0,1,338.0,11.266666666666667,6.827506669723245e-05,2025-09-01,4000.0,6000.0,9000.0,2287.5,875.0,5000.0,5762.499999999999,3362.546468080413,3847.9166666666665,3262.671611067626,-1625.0,2087.5,732.5999999999995,131.42696957671956,4.823979687402287e-05,1.4097895230777263e-05,-1.0,-1.8369701987210297e-16
surendranagar,Mango,2025,9,6333.333333333333,3,122.8,4.093333333333333,5.272942432080634e-05,2025-09-01,600.0,4375.0,6000.0,9000.0,4325.0,1000.0,6458.333333333332,2346.3180375501915,4431.25,2919.6933700304867,1958.333333333333,-2666.666666666667,665.9999999999993,-83.77303042328045,6.827506669723245e-05,1.078635295947173e-05,-1.0,-1.8369701987210297e-16
valsad,Mango,2025,9,3590.909090909091,11,324.8,10.826666666666666,7.025605601161703e-05,2025-09-01,6987.5,6333.333333333333,4375.0,6000.0,600.0,4100.0,5569.4444444444425,1047.759956252379,4765.972222222222,3018.52430910033,-2742.424242424242,-2409.090909090909,630.2999999999994,118.22696957671957,5.272942432080634e-05,2.2016259137594162e-05,-1.0,-1.8369701987210297e-16
kheda,Mango,2025,9,1366.6666666666667,3,200.8,6.693333333333333,6.325346987206319e-05,2025-09-01,3060.0,3590.909090909091,6333.333333333333,4375.0,2287.5,5712.5,4766.41414141414,1412.4894526803887,5264.457070707071,2370.315209603091,-2224.242424242424,-3008.333333333333,785.5999999999995,-5.7730304232804315,7.025605601161703e-05,-5.02159682516926e-06,-1.0,-1.8369701987210297e-16
girsomnath,Mango,2025,9,4000.0,1,168.6,5.62,4.197262420000229e-05,2025-09-01,7000.0,1366.6666666666667,3590.909090909091,6333.333333333333,9000.0,6750.0,3763.636363636362,2487.83449560102,5110.984848484849,2618.440194444485,2633.333333333333,-2333.333333333333,648.3999999999994,-37.97303042328045,6.325346987206319e-05,-1.0756800120804047e-05,-1.0,-1.8369701987210297e-16
surat,Mango,2025,9,600.0,1,297.8,9.926666666666668,6.141191301153631e-05,2025-09-01,3780.0,4000.0,1366.6666666666667,3590.909090909091,6000.0,10000.0,2985.858585858585,1417.101159535766,4277.651515151515,1801.3509973125167,-3400.0,-2990.909090909091,694.1999999999995,91.22696957671957,4.197262420000229e-05,-8.844143000080715e-06,-1.0,-1.8369701987210297e-16
banaskantha,Mango,2025,9,6987.5,4,188.9,6.296666666666667,4.197262420000229e-05,2025-09-01,7333.333333333333,600.0,4000.0,1366.6666666666667,4375.0,875.0,1988.8888888888878,1783.3592936843888,3377.6515151515155,2093.9419018315753,6387.5,5620.833333333333,667.1999999999994,-17.673030423280437,6.141191301153631e-05,-2.1280845672060895e-05,-1.0,-1.8369701987210297e-16
bharuch,Mango,2025,9,3060.0,5,287.4,9.58,5.0697739233286624e-05,2025-09-01,2000.0,6987.5,600.0,4000.0,6333.333333333333,4325.0,3862.4999999999986,3195.969140964926,3813.068181818182,2562.0983385848767,-3927.5,-940.0,655.2999999999994,80.82696957671953,4.197262420000229e-05,8.725115033284332e-06,-1.0,-1.8369701987210297e-16
rajkot,Mango,2025,9,7000.0,3,111.1,3.703333333333333,5.885925294975991e-05,2025-09-01,4333.333333333333,3060.0,6987.5,600.0,3590.909090909091,600.0,3549.1666666666656,3221.7234647519676,3267.512626262627,2247.27966885463,3940.0,6400.0,774.0999999999993,-95.47303042328045,5.0697739233286624e-05,-2.5526600617764006e-06,-1.0,-1.8369701987210297e-16
vadodara,Mango,2025,9,3780.0,5,253.5,8.45,6.222666827619443e-05,2025-09-01,5350.0,7000.0,3060.0,6987.5,1366.6666666666667,2287.5,5682.499999999999,2271.1602211204877,3835.694444444445,2725.480610862081,-3220.0,-3207.5,587.3999999999994,46.92696957671956,5.885925294975991e-05,2.0254044076192138e-05,-1.0,-1.8369701987210297e-16
porbandar,Mango,2025,9,7333.333333333333,3,186.6,6.22,5.743004982359722e-05,2025-09-01,8500.0,3780.0,7000.0,3060.0,4000.0,9000.0,4613.333333333332,2098.0308227796395,4237.916666666667,2452.652857961485,3553.333333333333,4273.333333333333,651.9999999999994,-19.97303042328045,6.222666827619443e-05,6.732310590310594e-06,-1.0,-1.8369701987210297e-16
gandhinagar,Mango,2025,9,2000.0,2,177.0,5.9,6.241284981768028e-05,2025-09-01,2000.0,7333.333333333333,3780.0,7000.0,600.0,6000.0,6037.7777777777765,1962.3832826815978,4793.472222222222,2747.751020616004,-5333.333333333333,-5000.0,551.1999999999994,-29.573030423280443,5.743004982359722e-05,3.553596867920368e-06,-1.0,-1.8369701987210297e-16
valsad,Mango,2025,10,4333.333333333333,6,214.5,6.919354838709677,6.416184576993661e-05,2025-10-01,8250.0,2000.0,7333.333333333333,3780.0,6987.5,4375.0,4371.1111111111095,2715.3582397853975,5026.805555555556,2351.2672952088037,2333.333333333333,553.333333333333,617.0999999999995,180.01261061946903,6.241284981768028e-05,1.9351774937421848e-06,-0.8660254037844386,0.5000000000000001
bharuch,Mango,2025,10,5350.0,4,137.8,4.445161290322581,4.88966184225368e-05,2025-10-01,4450.0,4333.333333333333,2000.0,7333.333333333333,3060.0,6333.333333333333,4555.555555555554,2673.6020923368956,4584.444444444444,2149.640452278953,1016.666666666667,-1983.333333333333,578.0999999999995,103.31261061946904,6.416184576993661e-05,-8.533431401060417e-06,-0.8660254037844386,0.5000000000000001
surendranagar,Mango,2025,10,8500.0,2,111.6,3.6,4.953308256167392e-05,2025-10-01,7000.0,5350.0,4333.333333333333,2000.0,7000.0,3590.909090909091,3894.444444444443,1717.583358266108,4966.11111111111,2024.4949072866627,3150.0,6500.0,529.2999999999995,77.11261061946902,4.88966184225368e-05,-1.2879767256006358e-05,-0.8660254037844386,0.5000000000000001
girsomnath,Mango,2025,10,2000.0,1,416.9,13.448387096774194,4.197262420000229e-05,2025-10-01,1800.0,8500.0,5350.0,4333.333333333333,3780.0,1366.6666666666667,6061.1111111111095,2172.4495476390457,5216.11111111111,2386.192147117029,-6500.0,-2333.333333333333,463.8999999999994,382.412610619469,4.953308256167392e-05,-2.2189221569934323e-05,-0.8660254037844386,0.5000000000000001
banaskantha,Mango,2025,10,8250.0,2,53.7,1.7322580645161292,4.197262420000229e-05,2025-10-01,7000.0,2000.0,8500.0,5350.0,7333.333333333333,4000.0,5283.333333333332,3250.512780060002,4919.444444444444,2691.559165379937,6250.0,2900.0,666.2999999999994,19.212610619469032,4.197262420000229e-05,-6.923994222534509e-06,-0.8660254037844386,0.5000000000000001
vadodara,Mango,2025,10,4450.0,7,127.1,4.1,5.952913514584152e-05,2025-10-01,4250.0,8250.0,2000.0,8500.0,2000.0,600.0,6249.999999999999,3682.7299656640666,5072.222222222222,2875.6963729903127,-3800.0,-4050.0,582.1999999999994,92.61261061946902,4.197262420000229e-05,9.996052584167595e-06,-0.8660254037844386,0.5000000000000001
porbandar,Mango,2025,10,7000.0,3,146.1,4.712903225806452,5.039589342608675e-05,2025-10-01,5700.0,4450.0,8250.0,2000.0,4333.333333333333,6987.5,4899.999999999999,3149.206249199959,5480.555555555555,2501.853016969331,2550.0,5000.0,597.6999999999994,111.61261061946902,5.952913514584152e-05,8.423269226084457e-06,-0.8660254037844386,0.5000000000000001
mahesana,Mango,2025,10,1800.0,1,72.3,2.332258064516129,5.272755999434332e-05,2025-10-01,1266.6666666666667,7000.0,4450.0,8250.0,5350.0,3060.0,6566.666666666665,1936.7068268928533,5925.0,2494.1431394368774,-5200.0,-6450.0,326.8999999999994,37.81261061946903,5.039589342608675e-05,1.075493579434103e-05,-0.8660254037844386,0.5000000000000001
rajkot,Mango,2025,10,7000.0,3,137.2,4.425806451612903,5.434208238551639e-05,2025-10-01,1366.6666666666667,1800.0,7000.0,4450.0,8500.0,7000.0,4416.666666666665,2600.160251471708,5333.333333333333,3022.8573678998955,5200.0,2550.0,345.49999999999943,102.71261061946902,5.272755999434332e-05,-5.187052760325131e-06,-0.8660254037844386,0.5000000000000001
surat,Mango,2025,10,4250.0,2,153.8,4.961290322580646,5.766254612419183e-05,2025-10-01,2750.0,7000.0,1800.0,7000.0,2000.0,3780.0,5266.666666666665,3002.2213997860654,5083.333333333333,2759.1061354479775,-2750.0,-2750.0,355.5999999999994,119.31261061946904,5.434208238551639e-05,7.266652698105085e-06,-0.8660254037844386,0.5000000000000001
kachchh,Mango,2025,10,5700.0,1,32.7,1.0548387096774194,2.7368176618645984e-05,2025-10-01,7750.0,4250.0,7000.0,1800.0,8250.0,7333.333333333333,4349.999999999999,2601.441907865729,5458.333333333333,2383.5722490972853,1450.0,3900.0,363.29999999999944,-1.7873893805309677,5.766254612419183e-05,-2.5359383375697337e-05,-0.8660254037844386,0.5000000000000001
kheda,Mango,2025,10,1266.6666666666667,3,101.4,3.270967741935484,5.400033599392821e-05,2025-10-01,3900.0,5700.0,4250.0,7000.0,4450.0,2000.0,5649.999999999999,1375.681649219784,5033.333333333333,1979.309643958386,-4433.333333333333,-5733.333333333333,323.6999999999994,66.91261061946904,2.7368176618645984e-05,-3.4174639158817956e-07,-0.8660254037844386,0.5000000000000001
kheda,Mango,2025,11,1366.6666666666667,3,16.1,0.5366666666666667,5.0622990928900144e-05,2025-11-01,4000.0,1266.6666666666667,5700.0,4250.0,7000.0,4333.333333333333,3738.8888888888873,2260.428507393483,4502.777777777778,2519.797537428278,100.0,-2883.333333333333,287.89999999999947,6.304943310657599,5.400033599392821e-05,-7.039555195291689e-06,-0.5000000000000004,0.8660254037844384
surendranagar,Mango,2025,11,2750.0,1,35.5,1.1833333333333331,4.062893385814955e-05,2025-11-01,6400.0,1366.6666666666667,1266.6666666666667,5700.0,1800.0,5350.0,2777.777777777777,2531.2125625946833,3563.8888888888887,2451.8114996119853,1383.3333333333333,-2950.0,150.19999999999945,25.704943310657598,5.0622990928900144e-05,1.3260757239503563e-05,-0.5000000000000004,0.8660254037844384
surat,Mango,2025,11,7750.0,1,25.3,0.8433333333333333,5.276278807220838e-05,2025-11-01,7000.0,2750.0,1366.6666666666667,1266.6666666666667,7000.0,8500.0,1794.4444444444434,829.0445191996247,3722.222222222222,2343.3989243230585,5000.0,6483.333333333333,152.99999999999943,15.504943310657598,4.062893385814955e-05,-1.2375479217198248e-06,-0.5000000000000004,0.8660254037844384
banaskantha,Mango,2025,11,3900.0,1,3.6,0.1199999999999999,4.197262420000229e-05,2025-11-01,6833.333333333333,7750.0,2750.0,1366.6666666666667,4250.0,2000.0,3955.5555555555547,3358.0886318349826,3847.2222222222226,2562.92837431166,-3850.0,2533.333333333333,76.89999999999944,-6.195056689342403,5.276278807220838e-05,-8.650366728897853e-06,-0.5000000000000004,0.8660254037844384
gandhinagar,Mango,2025,11,4000.0,1,2.7,0.09,4.98824994221221e-05,2025-11-01,3500.0,3900.0,7750.0,2750.0,5700.0,8250.0,4799.999999999999,2618.682875034714,3788.888888888889,2555.9009428437525,100.0,1250.0,64.39999999999944,-7.095056689342402,4.197262420000229e-05,9.253565563972554e-06,-0.5000000000000004,0.8660254037844384
kachchh,Mango,2025,11,6400.0,1,0.6000000000000001,0.02,2.4631381326559466e-05,2025-11-01,4475.0,4000.0,3900.0,7750.0,1266.6666666666667,4450.0,5216.666666666665,2194.5007025137634,3505.555555555556,2390.5523923856344,2400.0,-1350.0,31.599999999999433,-9.195056689342403,4.98824994221221e-05,-2.8131406745648917e-05,-0.5000000000000004,0.8660254037844384
mahesana,Mango,2025,11,7000.0,1,5.999999999999999,0.1999999999999999,4.8506262643787937e-05,2025-11-01,6725.0,6400.0,4000.0,3900.0,1366.6666666666667,7000.0,4766.666666666665,1415.3915830375029,4361.11111111111,2347.212689001017,600.0,3100.0,6.899999999999432,-3.7950566893424034,2.4631381326559466e-05,6.533638443785645e-06,-0.5000000000000004,0.8660254037844384
rajkot,Mango,2025,11,6833.333333333333,3,10.1,0.3366666666666667,4.5485664545146914e-05,2025-11-01,5750.0,7000.0,6400.0,4000.0,2750.0,1800.0,5799.999999999999,1587.4507866387721,5300.0,2012.7096164126656,-166.66666666666697,2833.333333333333,9.29999999999943,0.30494331065759717,4.8506262643787937e-05,-4.396834876975187e-06,-0.5000000000000004,0.8660254037844384
girsomnath,Mango,2025,11,3500.0,1,7.2,0.24,4.197262420000229e-05,2025-11-01,3442.8571428571427,6833.333333333333,7000.0,6400.0,7750.0,7000.0,6744.4444444444425,309.7191081059815,5980.555555555556,1632.462920003157,-3333.333333333333,-2900.0,16.69999999999943,-2.5950566893424023,4.5485664545146914e-05,1.7341242873442826e-05,-0.5000000000000004,0.8660254037844384
bharuch,Mango,2025,11,4475.0,4,12.3,0.41,4.700442984991216e-05,2025-11-01,3310.0,3500.0,6833.333333333333,7000.0,3900.0,4250.0,5777.7777777777765,1974.37284932411,5272.222222222223,1633.1859343921362,975.0,-2525.0,23.29999999999943,2.5049433106575982,4.197262420000229e-05,-1.5018327938757758e-06,-0.5000000000000004,0.8660254037844384
navsari,Mango,2025,11,6725.0,1,11.0,0.3666666666666666,5.836933859474824e-05,2025-11-01,4587.5,4475.0,3500.0,6833.333333333333,4000.0,5700.0,4936.11111111111,1713.8393653929302,5368.055555555556,1551.3830448512304,2250.0,-108.33333333333303,29.59999999999943,1.2049433106575975,4.700442984991216e-05,1.2883674049601323e-05,-0.5000000000000004,0.8660254037844384
porbandar,Mango,2025,11,5750.0,2,32.4,1.0799999999999998,3.938162432241826e-05,2025-11-01,3328.5714285714284,6725.0,4475.0,3500.0,6400.0,1266.6666666666667,4899.999999999999,1653.972490702331,5822.222222222223,1467.3830321231758,-975.0,2250.0,30.49999999999943,22.604943310657596,5.836933859474824e-05,-2.5909998775840298e-06,-0.5000000000000004,0.8660254037844384
vadodara,Mango,2025,11,3442.8571428571427,7,17.1,0.5700000000000001,5.586650932018387e-05,2025-11-01,1500.0,5750.0,6725.0,4475.0,7000.0,1366.6666666666667,5649.999999999999,1128.3284096397026,5713.88888888889,1439.9331260192068,-2307.1428571428573,-1032.1428571428573,55.699999999999434,7.304943310657599,3.938162432241826e-05,8.86207947027171e-06,-0.5000000000000004,0.8660254037844384
valsad,Mango,2025,11,3310.0,10,9.3,0.31,5.8005369614078647e-05,2025-11-01,5000.0,3442.8571428571427,5750.0,6725.0,6833.333333333333,2750.0,5305.95238095238,1685.5263716892507,5121.0317460317465,1533.7315858635259,-132.85714285714266,-3415.0,60.49999999999943,-0.49505668934240177,5.586650932018387e-05,-3.639689806695905e-07,-0.5000000000000004,0.8660254037844384
banaskantha,Mango,2025,12,4587.5,2,3.0,0.0967741935483871,4.197262420000229e-05,2025-12-01,1250.0,3310.0,3442.8571428571427,5750.0,3500.0,7750.0,4167.619047619047,1371.9912040336349,4533.809523809524,1417.0774514476427,1277.5,-1162.5,58.79999999999943,-0.6994424213174213,5.8005369614078647e-05,2.5909998775840298e-06,-2.4492935982947064e-16,1.0
vadodara,Mango,2025,12,3328.5714285714284,7,0.0,0.0,5.299783910436254e-05,2025-12-01,3466.6666666666665,4587.5,3310.0,3442.8571428571427,4475.0,3900.0,3780.1190476190463,702.3608451521287,4715.059523809524,1324.9568806358234,-1258.9285714285716,-114.28571428571422,29.399999999999427,-3.6994424213174213,4.197262420000229e-05,-2.8686702158213316e-06,-2.4492935982947064e-16,1.0
gandhinagar,Mango,2025,12,1500.0,1,0.0,0.0,4.827344395496042e-05,2025-12-01,5850.0,3328.5714285714284,4587.5,3310.0,6725.0,4000.0,3742.023809523808,732.2627369916393,4523.9880952380945,1443.829948164836,-1828.5714285714284,-1810.0,12.299999999999425,-3.6994424213174213,5.299783910436254e-05,-9.73192565911823e-06,-2.4492935982947064e-16,1.0
girsomnath,Mango,2025,12,5000.0,1,1.9,0.0612903225806451,4.197262420000229e-05,2025-12-01,6833.333333333333,1500.0,3328.5714285714284,4587.5,5750.0,6400.0,3138.690476190475,1552.4835408331794,3653.1547619047615,1426.4060449016335,3500.0,412.5,2.9999999999994245,-1.7994424213174214,4.827344395496042e-05,0.0,-2.4492935982947064e-16,1.0
kheda,Mango,2025,12,1250.0,3,0.0,0.0,4.951752549646935e-05,2025-12-01,6666.666666666667,5000.0,1500.0,3328.5714285714284,3442.8571428571427,7000.0,3276.190476190475,1750.587850731677,3528.1547619047615,1224.4715731707877,-3750.0,-2078.5714285714284,1.8999999999994244,-3.6994424213174213,4.197262420000229e-05,-3.480313607893188e-06,-2.4492935982947064e-16,1.0
mahesana,Mango,2025,12,3466.6666666666665,3,0.1,0.0032258064516129,5.071702583284347e-05,2025-12-01,3666.6666666666665,1250.0,5000.0,1500.0,3310.0,6833.333333333333,2583.333333333332,2096.624270901548,3162.678571428571,1541.2935819019594,2216.6666666666665,1966.6666666666665,1.8999999999994244,-3.599442421317421,4.951752549646935e-05,2.443581877883052e-06,-2.4492935982947064e-16,1.0
navsari,Mango,2025,12,5850.0,2,0.0,0.0,5.381919229136205e-05,2025-12-01,5000.0,3466.6666666666665,1250.0,5000.0,4587.5,3500.0,3238.8888888888873,1885.3479883133348,3188.7896825396824,1545.6095202896677,2383.3333333333335,850.0,1.9999999999994245,-3.6994424213174213,5.071702583284347e-05,1.1846568091359756e-05,-2.4492935982947064e-16,1.0
porbandar,Mango,2025,12,6833.333333333333,3,0.8,0.0258064516129032,4.579581517479897e-05,2025-12-01,4160.0,5850.0,3466.6666666666665,1250.0,3328.5714285714284,4475.0,3522.222222222221,2300.5031655737644,3399.2063492063494,1833.2780861599238,983.333333333333,5583.333333333333,0.09999999999942447,-2.8994424213174215,5.381919229136205e-05,-3.72171032167038e-06,-2.4492935982947064e-16,1.0
rajkot,Mango,2025,12,6666.666666666667,3,1.1,0.0354838709677419,4.312166163734692e-05,2025-12-01,4090.909090909091,6833.333333333333,5850.0,3466.6666666666665,1500.0,6725.0,5383.333333333332,1731.1685199438289,3983.3333333333335,2304.15084382752,-166.66666666666606,3200.0000000000005,0.8999999999994245,-2.599442421317421,4.579581517479897e-05,-7.595364195496546e-06,-2.4492935982947064e-16,1.0
surat,Mango,2025,12,3666.6666666666665,3,0.0,0.0,4.832993910705858e-05,2025-12-01,5000.0,6666.666666666667,6833.333333333333,5850.0,5000.0,5750.0,6449.999999999999,526.2551134616053,4844.444444444444,2150.8051894495147,-3000.0000000000005,-2183.3333333333335,1.8999999999994246,-3.6994424213174213,4.312166163734692e-05,-5.489253184303466e-06,-2.4492935982947064e-16,1.0
